1.244999999999999929e+01 1.300000000000000000e+01 2.544999999999999929e+01
1.219999999999999929e+01 1.305000000000000071e+01 2.525000000000000000e+01
1.200000000000000000e+01 1.330000000000000071e+01 2.530000000000000071e+01
1.190000000000000036e+01 1.334999999999999964e+01 2.525000000000000000e+01
1.190000000000000036e+01 1.359999999999999964e+01 2.550000000000000000e+01
1.175000000000000000e+01 1.369999999999999929e+01 2.544999999999999929e+01
1.165000000000000036e+01 1.375000000000000000e+01 2.539999999999999858e+01
1.159999999999999964e+01 1.384999999999999964e+01 2.544999999999999929e+01
1.150000000000000000e+01 1.384999999999999964e+01 2.535000000000000142e+01
1.130000000000000071e+01 1.400000000000000000e+01 2.530000000000000071e+01
1.109999999999999964e+01 1.409999999999999964e+01 2.519999999999999929e+01
1.100000000000000000e+01 1.409999999999999964e+01 2.510000000000000142e+01
1.090000000000000036e+01 1.419999999999999929e+01 2.510000000000000142e+01
1.069999999999999929e+01 1.434999999999999964e+01 2.504999999999999716e+01
1.059999999999999964e+01 1.434999999999999964e+01 2.494999999999999929e+01
1.055000000000000071e+01 1.440000000000000036e+01 2.495000000000000284e+01
1.044999999999999929e+01 1.444999999999999929e+01 2.489999999999999858e+01
1.040000000000000036e+01 1.450000000000000000e+01 2.489999999999999858e+01
1.034999999999999964e+01 1.455000000000000071e+01 2.489999999999999858e+01
1.019999999999999929e+01 1.459999999999999964e+01 2.479999999999999716e+01
1.015000000000000036e+01 1.469999999999999929e+01 2.485000000000000142e+01
9.949999999999999289e+00 1.475000000000000000e+01 2.469999999999999929e+01
9.800000000000000711e+00 1.484999999999999964e+01 2.464999999999999858e+01
9.750000000000000000e+00 1.494999999999999929e+01 2.469999999999999929e+01
9.699999999999999289e+00 1.494999999999999929e+01 2.464999999999999858e+01
9.650000000000000355e+00 1.494999999999999929e+01 2.460000000000000142e+01
9.599999999999999645e+00 1.500000000000000000e+01 2.460000000000000142e+01
9.500000000000000000e+00 1.509999999999999964e+01 2.460000000000000142e+01
9.400000000000000355e+00 1.515000000000000036e+01 2.455000000000000071e+01
9.300000000000000711e+00 1.525000000000000000e+01 2.455000000000000071e+01
9.300000000000000711e+00 1.525000000000000000e+01 2.455000000000000071e+01
9.300000000000000711e+00 1.525000000000000000e+01 2.455000000000000071e+01
9.300000000000000711e+00 1.540000000000000036e+01 2.470000000000000284e+01
9.300000000000000711e+00 1.540000000000000036e+01 2.470000000000000284e+01
9.199999999999999289e+00 1.544999999999999929e+01 2.464999999999999858e+01
9.050000000000000711e+00 1.550000000000000000e+01 2.455000000000000071e+01
9.000000000000000000e+00 1.550000000000000000e+01 2.450000000000000000e+01
8.900000000000000355e+00 1.555000000000000071e+01 2.445000000000000284e+01
8.800000000000000711e+00 1.555000000000000071e+01 2.435000000000000142e+01
8.800000000000000711e+00 1.559999999999999964e+01 2.439999999999999858e+01
8.800000000000000711e+00 1.559999999999999964e+01 2.439999999999999858e+01
8.800000000000000711e+00 1.559999999999999964e+01 2.439999999999999858e+01
8.750000000000000000e+00 1.559999999999999964e+01 2.435000000000000142e+01
8.650000000000000355e+00 1.565000000000000036e+01 2.430000000000000071e+01
8.599999999999999645e+00 1.565000000000000036e+01 2.425000000000000000e+01
8.599999999999999645e+00 1.569999999999999929e+01 2.429999999999999716e+01
8.550000000000000711e+00 1.580000000000000071e+01 2.435000000000000142e+01
8.550000000000000711e+00 1.590000000000000036e+01 2.445000000000000284e+01
8.500000000000000000e+00 1.594999999999999929e+01 2.444999999999999929e+01
8.449999999999999289e+00 1.594999999999999929e+01 2.439999999999999858e+01
8.449999999999999289e+00 1.604999899999999968e+01 2.449999899999999897e+01
8.349999999999999645e+00 1.604999899999999968e+01 2.439999900000000110e+01
8.300000000000000711e+00 1.604999899999999968e+01 2.434999900000000039e+01
8.300000000000000711e+00 1.614999999999999858e+01 2.444999999999999929e+01
8.300000000000000711e+00 1.625000000000000000e+01 2.455000000000000071e+01
8.300000000000000711e+00 1.629999899999999968e+01 2.459999900000000039e+01
8.199999999999999289e+00 1.629999899999999968e+01 2.449999899999999897e+01
8.199999999999999289e+00 1.629999899999999968e+01 2.449999899999999897e+01
8.099999999999999645e+00 1.635000000000000142e+01 2.445000000000000284e+01
8.050000000000000711e+00 1.635000000000000142e+01 2.440000000000000213e+01
8.050000000000000711e+00 1.635000000000000142e+01 2.440000000000000213e+01
8.050000000000000711e+00 1.635000000000000142e+01 2.440000000000000213e+01
8.050000000000000711e+00 1.645000100000000032e+01 2.450000100000000103e+01
8.050000000000000711e+00 1.650000000000000000e+01 2.455000000000000071e+01
8.000000000000000000e+00 1.654999899999999968e+01 2.454999899999999968e+01
8.000000000000000000e+00 1.654999899999999968e+01 2.454999899999999968e+01
8.000000000000000000e+00 1.664999999999999858e+01 2.464999999999999858e+01
7.849999999999999645e+00 1.670000100000000032e+01 2.455000100000000174e+01
7.750000000000000000e+00 1.675000000000000000e+01 2.450000000000000000e+01
7.750000000000000000e+00 1.679999899999999968e+01 2.454999899999999968e+01
7.650000000000000355e+00 1.679999899999999968e+01 2.444999899999999826e+01
7.650000000000000355e+00 1.679999899999999968e+01 2.444999899999999826e+01
7.599999999999999645e+00 1.685000000000000142e+01 2.445000000000000284e+01
7.549999999999999822e+00 1.689999999999999858e+01 2.444999999999999929e+01
7.549999999999999822e+00 1.695000100000000032e+01 2.450000100000000103e+01
7.549999999999999822e+00 1.695000100000000032e+01 2.450000100000000103e+01
7.549999999999999822e+00 1.695000100000000032e+01 2.450000100000000103e+01
7.549999999999999822e+00 1.700000000000000000e+01 2.455000000000000071e+01
7.549999999999999822e+00 1.700000000000000000e+01 2.455000000000000071e+01
7.500000000000000000e+00 1.700000000000000000e+01 2.450000000000000000e+01
7.450000000000000178e+00 1.700000000000000000e+01 2.444999999999999929e+01
7.400000000000000355e+00 1.704999899999999968e+01 2.444999899999999826e+01
7.349999999999999645e+00 1.704999899999999968e+01 2.439999900000000110e+01
7.299999999999999822e+00 1.710000000000000142e+01 2.440000000000000213e+01
7.150000000000000355e+00 1.710000000000000142e+01 2.425000000000000000e+01
7.150000000000000355e+00 1.714999999999999858e+01 2.429999999999999716e+01
7.150000000000000355e+00 1.720000100000000032e+01 2.435000099999999890e+01
7.150000000000000355e+00 1.720000100000000032e+01 2.435000099999999890e+01
7.150000000000000355e+00 1.720000100000000032e+01 2.435000099999999890e+01
7.099999999999999645e+00 1.729999899999999968e+01 2.439999900000000110e+01
7.049999999999999822e+00 1.729999899999999968e+01 2.434999900000000039e+01
7.049999999999999822e+00 1.735000000000000142e+01 2.440000000000000213e+01
6.950000000000000178e+00 1.735000000000000142e+01 2.430000000000000071e+01
6.849999999999999645e+00 1.745000100000000032e+01 2.430000100000000174e+01
6.849999999999999645e+00 1.745000100000000032e+01 2.430000100000000174e+01
6.849999999999999645e+00 1.745000100000000032e+01 2.430000100000000174e+01
6.849999999999999645e+00 1.750000000000000000e+01 2.435000000000000142e+01
6.849999999999999645e+00 1.760000000000000142e+01 2.445000000000000284e+01
6.849999999999999645e+00 1.760000000000000142e+01 2.445000000000000284e+01
6.799999999999999822e+00 1.764999999999999858e+01 2.444999999999999929e+01
6.799999999999999822e+00 1.770000100000000032e+01 2.450000100000000103e+01
6.750000000000000000e+00 1.770000100000000032e+01 2.445000100000000032e+01
6.650000000000000355e+00 1.770000100000000032e+01 2.435000099999999890e+01
6.599999999999999645e+00 1.775000000000000000e+01 2.435000000000000142e+01
6.599999999999999645e+00 1.775000000000000000e+01 2.435000000000000142e+01
6.599999999999999645e+00 1.779999899999999968e+01 2.439999900000000110e+01
6.599999999999999645e+00 1.779999899999999968e+01 2.439999900000000110e+01
6.500000000000000000e+00 1.789999999999999858e+01 2.439999999999999858e+01
6.500000000000000000e+00 1.795000100000000032e+01 2.445000100000000032e+01
6.450000000000000178e+00 1.795000100000000032e+01 2.440000099999999961e+01
6.349999999999999645e+00 1.795000100000000032e+01 2.430000100000000174e+01
6.250000000000000000e+00 1.795000100000000032e+01 2.420000100000000032e+01
6.150000000000000355e+00 1.804999899999999968e+01 2.419999899999999826e+01
6.099999999999999645e+00 1.804999899999999968e+01 2.414999900000000110e+01
6.049999999999999822e+00 1.804999899999999968e+01 2.409999900000000039e+01
6.000000000000000000e+00 1.810000000000000142e+01 2.410000000000000142e+01
6.000000000000000000e+00 1.810000000000000142e+01 2.410000000000000142e+01
5.950000000000000178e+00 1.810000000000000142e+01 2.405000000000000071e+01
5.950000000000000178e+00 1.814999999999999858e+01 2.409999999999999787e+01
5.950000000000000178e+00 1.814999999999999858e+01 2.409999999999999787e+01
5.950000000000000178e+00 1.814999999999999858e+01 2.409999999999999787e+01
5.900000000000000355e+00 1.814999999999999858e+01 2.404999999999999716e+01
5.799999999999999822e+00 1.814999999999999858e+01 2.394999999999999929e+01
5.799999999999999822e+00 1.820000100000000032e+01 2.400000100000000103e+01
5.799999999999999822e+00 1.825000000000000000e+01 2.405000000000000071e+01
5.799999999999999822e+00 1.825000000000000000e+01 2.405000000000000071e+01
5.750000000000000000e+00 1.835000000000000142e+01 2.410000000000000142e+01
5.750000000000000000e+00 1.835000000000000142e+01 2.410000000000000142e+01
5.700000000000000178e+00 1.839999999999999858e+01 2.409999999999999787e+01
5.700000000000000178e+00 1.839999999999999858e+01 2.409999999999999787e+01
5.700000000000000178e+00 1.839999999999999858e+01 2.409999999999999787e+01
5.700000000000000178e+00 1.845000100000000032e+01 2.415000099999999961e+01
5.650000000000000355e+00 1.845000100000000032e+01 2.410000099999999890e+01
5.549999999999999822e+00 1.854999899999999968e+01 2.409999900000000039e+01
5.549999999999999822e+00 1.864999999999999858e+01 2.419999999999999929e+01
5.500000000000000000e+00 1.864999999999999858e+01 2.414999999999999858e+01
5.400000000000000355e+00 1.864999999999999858e+01 2.404999999999999716e+01
5.349999999999999645e+00 1.870000100000000032e+01 2.405000100000000174e+01
5.349999999999999645e+00 1.870000100000000032e+01 2.405000100000000174e+01
5.349999999999999645e+00 1.870000100000000032e+01 2.405000100000000174e+01
5.349999999999999645e+00 1.875000000000000000e+01 2.410000000000000142e+01
5.349999999999999645e+00 1.875000000000000000e+01 2.410000000000000142e+01
5.349999999999999645e+00 1.875000000000000000e+01 2.410000000000000142e+01
5.299999999999999822e+00 1.875000000000000000e+01 2.405000000000000071e+01
5.250000000000000000e+00 1.879999899999999968e+01 2.404999899999999968e+01
5.250000000000000000e+00 1.879999899999999968e+01 2.404999899999999968e+01
5.200000000000000178e+00 1.879999899999999968e+01 2.399999899999999897e+01
5.200000000000000178e+00 1.889999999999999858e+01 2.409999999999999787e+01
5.150000000000000355e+00 1.889999999999999858e+01 2.404999999999999716e+01
5.049999999999999822e+00 1.889999999999999858e+01 2.394999999999999929e+01
5.049999999999999822e+00 1.895000100000000032e+01 2.400000100000000103e+01
5.000000000000000000e+00 1.895000100000000032e+01 2.395000100000000032e+01
5.000000000000000000e+00 1.895000100000000032e+01 2.395000100000000032e+01
5.000000000000000000e+00 1.900000000000000000e+01 2.400000000000000000e+01
4.950000000000000178e+00 1.900000000000000000e+01 2.394999999999999929e+01
4.950000000000000178e+00 1.900000000000000000e+01 2.394999999999999929e+01
4.849999999999999645e+00 1.904999899999999968e+01 2.389999900000000110e+01
4.849999999999999645e+00 1.904999899999999968e+01 2.389999900000000110e+01
4.849999999999999645e+00 1.910000000000000142e+01 2.395000000000000284e+01
4.849999999999999645e+00 1.910000000000000142e+01 2.395000000000000284e+01
4.849999999999999645e+00 1.910000000000000142e+01 2.395000000000000284e+01
4.700000000000000178e+00 1.910000000000000142e+01 2.380000000000000071e+01
4.650000000000000355e+00 1.910000000000000142e+01 2.375000000000000000e+01
4.599999999999999645e+00 1.910000000000000142e+01 2.370000000000000284e+01
4.549999999999999822e+00 1.914999999999999858e+01 2.369999999999999929e+01
4.450000000000000178e+00 1.914999999999999858e+01 2.359999999999999787e+01
4.400000000000000355e+00 1.914999999999999858e+01 2.354999999999999716e+01
4.349999999999999645e+00 1.914999999999999858e+01 2.350000000000000000e+01
4.299999999999999822e+00 1.914999999999999858e+01 2.344999999999999929e+01
4.250000000000000000e+00 1.914999999999999858e+01 2.339999999999999858e+01
4.200000000000000178e+00 1.914999999999999858e+01 2.334999999999999787e+01
4.150000000000000355e+00 1.914999999999999858e+01 2.329999999999999716e+01
4.099999999999999645e+00 1.914999999999999858e+01 2.325000000000000000e+01
4.049999999999999822e+00 1.914999999999999858e+01 2.319999999999999929e+01
4.049999999999999822e+00 1.920000100000000032e+01 2.325000100000000103e+01
4.049999999999999822e+00 1.920000100000000032e+01 2.325000100000000103e+01
4.049999999999999822e+00 1.920000100000000032e+01 2.325000100000000103e+01
3.899999999999999911e+00 1.920000100000000032e+01 2.310000099999999890e+01
3.850000000000000089e+00 1.920000100000000032e+01 2.305000100000000174e+01
3.850000000000000089e+00 1.920000100000000032e+01 2.305000100000000174e+01
3.799999999999999822e+00 1.920000100000000032e+01 2.300000100000000103e+01
3.799999999999999822e+00 1.920000100000000032e+01 2.300000100000000103e+01
3.750000000000000000e+00 1.920000100000000032e+01 2.295000100000000032e+01
3.750000000000000000e+00 1.925000000000000000e+01 2.300000000000000000e+01
3.750000000000000000e+00 1.925000000000000000e+01 2.300000000000000000e+01
3.750000000000000000e+00 1.925000000000000000e+01 2.300000000000000000e+01
3.750000000000000000e+00 1.925000000000000000e+01 2.300000000000000000e+01
3.750000000000000000e+00 1.925000000000000000e+01 2.300000000000000000e+01
3.750000000000000000e+00 1.925000000000000000e+01 2.300000000000000000e+01
3.700000000000000178e+00 1.925000000000000000e+01 2.294999999999999929e+01
3.700000000000000178e+00 1.925000000000000000e+01 2.294999999999999929e+01
3.700000000000000178e+00 1.929999899999999968e+01 2.299999899999999897e+01
3.700000000000000178e+00 1.929999899999999968e+01 2.299999899999999897e+01
3.700000000000000178e+00 1.929999899999999968e+01 2.299999899999999897e+01
3.700000000000000178e+00 1.929999899999999968e+01 2.299999899999999897e+01
3.700000000000000178e+00 1.929999899999999968e+01 2.299999899999999897e+01
3.700000000000000178e+00 1.935000000000000142e+01 2.305000000000000071e+01
3.700000000000000178e+00 1.945000100000000032e+01 2.315000099999999961e+01
3.700000000000000178e+00 1.945000100000000032e+01 2.315000099999999961e+01
3.649999999999999911e+00 1.945000100000000032e+01 2.310000099999999890e+01
3.649999999999999911e+00 1.945000100000000032e+01 2.310000099999999890e+01
3.649999999999999911e+00 1.945000100000000032e+01 2.310000099999999890e+01
3.649999999999999911e+00 1.945000100000000032e+01 2.310000099999999890e+01
3.600000000000000089e+00 1.945000100000000032e+01 2.305000100000000174e+01
3.600000000000000089e+00 1.945000100000000032e+01 2.305000100000000174e+01
3.600000000000000089e+00 1.950000000000000000e+01 2.310000000000000142e+01
3.600000000000000089e+00 1.954999899999999968e+01 2.314999900000000110e+01
3.600000000000000089e+00 1.960000000000000142e+01 2.320000000000000284e+01
3.600000000000000089e+00 1.960000000000000142e+01 2.320000000000000284e+01
3.600000000000000089e+00 1.964999999999999858e+01 2.325000000000000000e+01
3.600000000000000089e+00 1.970000100000000032e+01 2.330000100000000174e+01
3.549999999999999822e+00 1.970000100000000032e+01 2.325000100000000103e+01
3.549999999999999822e+00 1.970000100000000032e+01 2.325000100000000103e+01
3.549999999999999822e+00 1.970000100000000032e+01 2.325000100000000103e+01
3.500000000000000000e+00 1.970000100000000032e+01 2.320000100000000032e+01
3.399999999999999911e+00 1.970000100000000032e+01 2.310000099999999890e+01
3.350000000000000089e+00 1.970000100000000032e+01 2.305000100000000174e+01
3.299999999999999822e+00 1.970000100000000032e+01 2.300000100000000103e+01
3.250000000000000000e+00 1.970000100000000032e+01 2.295000100000000032e+01
3.250000000000000000e+00 1.975000000000000000e+01 2.300000000000000000e+01
3.250000000000000000e+00 1.979999899999999968e+01 2.304999899999999968e+01
3.250000000000000000e+00 1.979999899999999968e+01 2.304999899999999968e+01
3.200000000000000178e+00 1.979999899999999968e+01 2.299999899999999897e+01
3.200000000000000178e+00 1.979999899999999968e+01 2.299999899999999897e+01
3.200000000000000178e+00 1.985000000000000142e+01 2.305000000000000071e+01
3.200000000000000178e+00 1.989999999999999858e+01 2.309999999999999787e+01
3.200000000000000178e+00 1.989999999999999858e+01 2.309999999999999787e+01
3.149999999999999911e+00 1.989999999999999858e+01 2.304999999999999716e+01
3.049999999999999822e+00 1.989999999999999858e+01 2.294999999999999929e+01
3.049999999999999822e+00 1.995000100000000032e+01 2.300000100000000103e+01
3.000000000000000000e+00 1.995000100000000032e+01 2.295000100000000032e+01
3.000000000000000000e+00 1.995000100000000032e+01 2.295000100000000032e+01
3.000000000000000000e+00 2.000000000000000000e+01 2.300000000000000000e+01
3.000000000000000000e+00 2.010000000000000142e+01 2.310000000000000142e+01
3.000000000000000000e+00 2.010000000000000142e+01 2.310000000000000142e+01
2.899999999999999911e+00 2.014999999999999858e+01 2.304999999999999716e+01
2.899999999999999911e+00 2.014999999999999858e+01 2.304999999999999716e+01
2.899999999999999911e+00 2.025000000000000000e+01 2.314999999999999858e+01
2.899999999999999911e+00 2.025000000000000000e+01 2.314999999999999858e+01
2.899999999999999911e+00 2.025000000000000000e+01 2.314999999999999858e+01
2.899999999999999911e+00 2.025000000000000000e+01 2.314999999999999858e+01
2.899999999999999911e+00 2.025000000000000000e+01 2.314999999999999858e+01
2.799999999999999822e+00 2.025000000000000000e+01 2.305000000000000071e+01
2.799999999999999822e+00 2.025000000000000000e+01 2.305000000000000071e+01
2.799999999999999822e+00 2.025000000000000000e+01 2.305000000000000071e+01
2.799999999999999822e+00 2.025000000000000000e+01 2.305000000000000071e+01
2.750000000000000000e+00 2.025000000000000000e+01 2.300000000000000000e+01
2.750000000000000000e+00 2.025000000000000000e+01 2.300000000000000000e+01
2.750000000000000000e+00 2.025000000000000000e+01 2.300000000000000000e+01
2.700000000000000178e+00 2.025000000000000000e+01 2.294999999999999929e+01
2.649999999999999911e+00 2.025000000000000000e+01 2.289999999999999858e+01
2.649999999999999911e+00 2.025000000000000000e+01 2.289999999999999858e+01
2.649999999999999911e+00 2.025000000000000000e+01 2.289999999999999858e+01
2.649999999999999911e+00 2.025000000000000000e+01 2.289999999999999858e+01
2.649999999999999911e+00 2.025000000000000000e+01 2.289999999999999858e+01
2.600000000000000089e+00 2.025000000000000000e+01 2.285000000000000142e+01
2.600000000000000089e+00 2.025000000000000000e+01 2.285000000000000142e+01
2.600000000000000089e+00 2.025000000000000000e+01 2.285000000000000142e+01
2.600000000000000089e+00 2.025000000000000000e+01 2.285000000000000142e+01
2.600000000000000089e+00 2.025000000000000000e+01 2.285000000000000142e+01
2.600000000000000089e+00 2.025000000000000000e+01 2.285000000000000142e+01
2.600000000000000089e+00 2.025000000000000000e+01 2.285000000000000142e+01
2.600000000000000089e+00 2.029999899999999968e+01 2.289999900000000110e+01
2.549999999999999822e+00 2.029999899999999968e+01 2.284999900000000039e+01
2.549999999999999822e+00 2.029999899999999968e+01 2.284999900000000039e+01
2.500000000000000000e+00 2.029999899999999968e+01 2.279999899999999968e+01
2.450000000000000178e+00 2.035000000000000142e+01 2.280000000000000071e+01
2.399999999999999911e+00 2.039999999999999858e+01 2.279999999999999716e+01
2.350000000000000089e+00 2.050000000000000000e+01 2.285000000000000142e+01
2.350000000000000089e+00 2.050000000000000000e+01 2.285000000000000142e+01
2.350000000000000089e+00 2.050000000000000000e+01 2.285000000000000142e+01
2.350000000000000089e+00 2.054999899999999968e+01 2.289999900000000110e+01
2.350000000000000089e+00 2.054999899999999968e+01 2.289999900000000110e+01
2.350000000000000089e+00 2.054999899999999968e+01 2.289999900000000110e+01
2.350000000000000089e+00 2.054999899999999968e+01 2.289999900000000110e+01
2.350000000000000089e+00 2.054999899999999968e+01 2.289999900000000110e+01
2.299999999999999822e+00 2.054999899999999968e+01 2.284999900000000039e+01
2.299999999999999822e+00 2.060000000000000142e+01 2.290000000000000213e+01
2.250000000000000000e+00 2.060000000000000142e+01 2.285000000000000142e+01
2.250000000000000000e+00 2.060000000000000142e+01 2.285000000000000142e+01
2.250000000000000000e+00 2.064999999999999858e+01 2.289999999999999858e+01
2.250000000000000000e+00 2.064999999999999858e+01 2.289999999999999858e+01
2.200000000000000178e+00 2.064999999999999858e+01 2.284999999999999787e+01
2.200000000000000178e+00 2.064999999999999858e+01 2.284999999999999787e+01
2.149999999999999911e+00 2.070000100000000032e+01 2.285000099999999890e+01
2.149999999999999911e+00 2.075000000000000000e+01 2.289999999999999858e+01
2.149999999999999911e+00 2.075000000000000000e+01 2.289999999999999858e+01
2.149999999999999911e+00 2.075000000000000000e+01 2.289999999999999858e+01
2.149999999999999911e+00 2.079999899999999968e+01 2.294999899999999826e+01
2.149999999999999911e+00 2.079999899999999968e+01 2.294999899999999826e+01
2.149999999999999911e+00 2.079999899999999968e+01 2.294999899999999826e+01
2.149999999999999911e+00 2.079999899999999968e+01 2.294999899999999826e+01
2.100000000000000089e+00 2.089999999999999858e+01 2.300000000000000000e+01
2.100000000000000089e+00 2.089999999999999858e+01 2.300000000000000000e+01
2.100000000000000089e+00 2.089999999999999858e+01 2.300000000000000000e+01
2.049999999999999822e+00 2.089999999999999858e+01 2.294999999999999929e+01
2.049999999999999822e+00 2.089999999999999858e+01 2.294999999999999929e+01
2.049999999999999822e+00 2.089999999999999858e+01 2.294999999999999929e+01
2.049999999999999822e+00 2.095000100000000032e+01 2.300000100000000103e+01
2.049999999999999822e+00 2.095000100000000032e+01 2.300000100000000103e+01
2.049999999999999822e+00 2.100000000000000000e+01 2.305000000000000071e+01
2.049999999999999822e+00 2.104999899999999968e+01 2.309999900000000039e+01
2.049999999999999822e+00 2.104999899999999968e+01 2.309999900000000039e+01
2.049999999999999822e+00 2.104999899999999968e+01 2.309999900000000039e+01
2.049999999999999822e+00 2.114999999999999858e+01 2.319999999999999929e+01
2.049999999999999822e+00 2.114999999999999858e+01 2.319999999999999929e+01
2.049999999999999822e+00 2.114999999999999858e+01 2.319999999999999929e+01
2.049999999999999822e+00 2.114999999999999858e+01 2.319999999999999929e+01
2.049999999999999822e+00 2.114999999999999858e+01 2.319999999999999929e+01
2.049999999999999822e+00 2.120000100000000032e+01 2.325000100000000103e+01
2.049999999999999822e+00 2.120000100000000032e+01 2.325000100000000103e+01
2.049999999999999822e+00 2.120000100000000032e+01 2.325000100000000103e+01
2.049999999999999822e+00 2.120000100000000032e+01 2.325000100000000103e+01
2.049999999999999822e+00 2.125000000000000000e+01 2.330000000000000071e+01
2.049999999999999822e+00 2.125000000000000000e+01 2.330000000000000071e+01
2.049999999999999822e+00 2.125000000000000000e+01 2.330000000000000071e+01
2.049999999999999822e+00 2.125000000000000000e+01 2.330000000000000071e+01
2.049999999999999822e+00 2.125000000000000000e+01 2.330000000000000071e+01
2.049999999999999822e+00 2.125000000000000000e+01 2.330000000000000071e+01
2.000000000000000000e+00 2.125000000000000000e+01 2.325000000000000000e+01
1.949999999999999956e+00 2.125000000000000000e+01 2.319999999999999929e+01
1.949999999999999956e+00 2.129999899999999968e+01 2.324999899999999897e+01
1.949999999999999956e+00 2.129999899999999968e+01 2.324999899999999897e+01
1.949999999999999956e+00 2.129999899999999968e+01 2.324999899999999897e+01
1.949999999999999956e+00 2.135000000000000142e+01 2.330000000000000071e+01
1.949999999999999956e+00 2.139999999999999858e+01 2.334999999999999787e+01
1.949999999999999956e+00 2.145000100000000032e+01 2.340000099999999961e+01
1.899999999999999911e+00 2.145000100000000032e+01 2.335000099999999890e+01
1.850000000000000089e+00 2.145000100000000032e+01 2.330000100000000174e+01
1.800000000000000044e+00 2.145000100000000032e+01 2.325000100000000103e+01
1.750000000000000000e+00 2.145000100000000032e+01 2.320000100000000032e+01
1.750000000000000000e+00 2.145000100000000032e+01 2.320000100000000032e+01
1.750000000000000000e+00 2.145000100000000032e+01 2.320000100000000032e+01
1.699999999999999956e+00 2.145000100000000032e+01 2.315000099999999961e+01
1.699999999999999956e+00 2.145000100000000032e+01 2.315000099999999961e+01
1.699999999999999956e+00 2.145000100000000032e+01 2.315000099999999961e+01
1.600000000000000089e+00 2.145000100000000032e+01 2.305000100000000174e+01
1.600000000000000089e+00 2.145000100000000032e+01 2.305000100000000174e+01
1.600000000000000089e+00 2.145000100000000032e+01 2.305000100000000174e+01
1.600000000000000089e+00 2.145000100000000032e+01 2.305000100000000174e+01
1.600000000000000089e+00 2.145000100000000032e+01 2.305000100000000174e+01
1.600000000000000089e+00 2.150000000000000000e+01 2.310000000000000142e+01
1.600000000000000089e+00 2.150000000000000000e+01 2.310000000000000142e+01
1.600000000000000089e+00 2.150000000000000000e+01 2.310000000000000142e+01
1.600000000000000089e+00 2.150000000000000000e+01 2.310000000000000142e+01
1.600000000000000089e+00 2.150000000000000000e+01 2.310000000000000142e+01
1.600000000000000089e+00 2.150000000000000000e+01 2.310000000000000142e+01
1.600000000000000089e+00 2.154999899999999968e+01 2.314999900000000110e+01
1.600000000000000089e+00 2.160000000000000142e+01 2.320000000000000284e+01
1.600000000000000089e+00 2.164999999999999858e+01 2.325000000000000000e+01
1.600000000000000089e+00 2.164999999999999858e+01 2.325000000000000000e+01
1.550000000000000044e+00 2.164999999999999858e+01 2.319999999999999929e+01
1.550000000000000044e+00 2.170000100000000032e+01 2.325000100000000103e+01
1.550000000000000044e+00 2.170000100000000032e+01 2.325000100000000103e+01
1.550000000000000044e+00 2.170000100000000032e+01 2.325000100000000103e+01
1.550000000000000044e+00 2.170000100000000032e+01 2.325000100000000103e+01
1.550000000000000044e+00 2.170000100000000032e+01 2.325000100000000103e+01
1.550000000000000044e+00 2.170000100000000032e+01 2.325000100000000103e+01
1.550000000000000044e+00 2.175000000000000000e+01 2.330000000000000071e+01
1.550000000000000044e+00 2.175000000000000000e+01 2.330000000000000071e+01
1.550000000000000044e+00 2.175000000000000000e+01 2.330000000000000071e+01
1.550000000000000044e+00 2.175000000000000000e+01 2.330000000000000071e+01
1.550000000000000044e+00 2.175000000000000000e+01 2.330000000000000071e+01
1.550000000000000044e+00 2.179999899999999968e+01 2.334999900000000039e+01
1.500000000000000000e+00 2.179999899999999968e+01 2.329999899999999968e+01
1.449999999999999956e+00 2.179999899999999968e+01 2.324999899999999897e+01
1.449999999999999956e+00 2.179999899999999968e+01 2.324999899999999897e+01
1.399999999999999911e+00 2.179999899999999968e+01 2.319999899999999826e+01
1.399999999999999911e+00 2.185000000000000142e+01 2.325000000000000000e+01
1.399999999999999911e+00 2.185000000000000142e+01 2.325000000000000000e+01
1.399999999999999911e+00 2.185000000000000142e+01 2.325000000000000000e+01
1.399999999999999911e+00 2.185000000000000142e+01 2.325000000000000000e+01
1.350000000000000089e+00 2.185000000000000142e+01 2.320000000000000284e+01
1.350000000000000089e+00 2.189999999999999858e+01 2.325000000000000000e+01
1.350000000000000089e+00 2.195000100000000032e+01 2.330000100000000174e+01
1.350000000000000089e+00 2.195000100000000032e+01 2.330000100000000174e+01
1.350000000000000089e+00 2.195000100000000032e+01 2.330000100000000174e+01
1.350000000000000089e+00 2.195000100000000032e+01 2.330000100000000174e+01
1.350000000000000089e+00 2.195000100000000032e+01 2.330000100000000174e+01
1.350000000000000089e+00 2.195000100000000032e+01 2.330000100000000174e+01
1.350000000000000089e+00 2.195000100000000032e+01 2.330000100000000174e+01
1.350000000000000089e+00 2.195000100000000032e+01 2.330000100000000174e+01
1.350000000000000089e+00 2.195000100000000032e+01 2.330000100000000174e+01
1.300000000000000044e+00 2.195000100000000032e+01 2.325000100000000103e+01
1.300000000000000044e+00 2.200000000000000000e+01 2.330000000000000071e+01
1.300000000000000044e+00 2.200000000000000000e+01 2.330000000000000071e+01
1.250000000000000000e+00 2.200000000000000000e+01 2.325000000000000000e+01
1.250000000000000000e+00 2.200000000000000000e+01 2.325000000000000000e+01
1.250000000000000000e+00 2.200000000000000000e+01 2.325000000000000000e+01
1.250000000000000000e+00 2.200000000000000000e+01 2.325000000000000000e+01
1.250000000000000000e+00 2.200000000000000000e+01 2.325000000000000000e+01
1.250000000000000000e+00 2.204999899999999968e+01 2.329999899999999968e+01
1.250000000000000000e+00 2.204999899999999968e+01 2.329999899999999968e+01
1.250000000000000000e+00 2.210000000000000142e+01 2.335000000000000142e+01
1.250000000000000000e+00 2.210000000000000142e+01 2.335000000000000142e+01
1.250000000000000000e+00 2.220000100000000032e+01 2.345000100000000032e+01
1.250000000000000000e+00 2.220000100000000032e+01 2.345000100000000032e+01
1.199999999999999956e+00 2.220000100000000032e+01 2.340000099999999961e+01
1.199999999999999956e+00 2.220000100000000032e+01 2.340000099999999961e+01
1.199999999999999956e+00 2.220000100000000032e+01 2.340000099999999961e+01
1.199999999999999956e+00 2.220000100000000032e+01 2.340000099999999961e+01
1.199999999999999956e+00 2.220000100000000032e+01 2.340000099999999961e+01
1.149999999999999911e+00 2.220000100000000032e+01 2.335000099999999890e+01
1.149999999999999911e+00 2.220000100000000032e+01 2.335000099999999890e+01
1.149999999999999911e+00 2.225000000000000000e+01 2.339999999999999858e+01
1.149999999999999911e+00 2.235000000000000142e+01 2.350000000000000000e+01
1.149999999999999911e+00 2.235000000000000142e+01 2.350000000000000000e+01
1.149999999999999911e+00 2.235000000000000142e+01 2.350000000000000000e+01
1.149999999999999911e+00 2.235000000000000142e+01 2.350000000000000000e+01
1.149999999999999911e+00 2.239999999999999858e+01 2.354999999999999716e+01
1.149999999999999911e+00 2.239999999999999858e+01 2.354999999999999716e+01
1.149999999999999911e+00 2.239999999999999858e+01 2.354999999999999716e+01
1.149999999999999911e+00 2.239999999999999858e+01 2.354999999999999716e+01
1.149999999999999911e+00 2.239999999999999858e+01 2.354999999999999716e+01
1.149999999999999911e+00 2.239999999999999858e+01 2.354999999999999716e+01
1.149999999999999911e+00 2.239999999999999858e+01 2.354999999999999716e+01
1.149999999999999911e+00 2.245000100000000032e+01 2.360000099999999890e+01
1.149999999999999911e+00 2.245000100000000032e+01 2.360000099999999890e+01
1.100000000000000089e+00 2.245000100000000032e+01 2.355000100000000174e+01
1.100000000000000089e+00 2.254999899999999968e+01 2.364999900000000110e+01
1.100000000000000089e+00 2.260000000000000142e+01 2.370000000000000284e+01
1.050000000000000044e+00 2.260000000000000142e+01 2.365000000000000213e+01
1.050000000000000044e+00 2.260000000000000142e+01 2.365000000000000213e+01
1.050000000000000044e+00 2.264999999999999858e+01 2.369999999999999929e+01
1.050000000000000044e+00 2.264999999999999858e+01 2.369999999999999929e+01
1.050000000000000044e+00 2.264999999999999858e+01 2.369999999999999929e+01
1.050000000000000044e+00 2.264999999999999858e+01 2.369999999999999929e+01
1.050000000000000044e+00 2.264999999999999858e+01 2.369999999999999929e+01
1.050000000000000044e+00 2.264999999999999858e+01 2.369999999999999929e+01
1.050000000000000044e+00 2.275000000000000000e+01 2.380000000000000071e+01
1.050000000000000044e+00 2.275000000000000000e+01 2.380000000000000071e+01
1.050000000000000044e+00 2.275000000000000000e+01 2.380000000000000071e+01
1.050000000000000044e+00 2.275000000000000000e+01 2.380000000000000071e+01
1.050000000000000044e+00 2.275000000000000000e+01 2.380000000000000071e+01
1.050000000000000044e+00 2.275000000000000000e+01 2.380000000000000071e+01
1.050000000000000044e+00 2.275000000000000000e+01 2.380000000000000071e+01
1.050000000000000044e+00 2.275000000000000000e+01 2.380000000000000071e+01
1.000000000000000000e+00 2.275000000000000000e+01 2.375000000000000000e+01
1.000000000000000000e+00 2.275000000000000000e+01 2.375000000000000000e+01
1.000000000000000000e+00 2.275000000000000000e+01 2.375000000000000000e+01
1.000000000000000000e+00 2.275000000000000000e+01 2.375000000000000000e+01
1.000000000000000000e+00 2.275000000000000000e+01 2.375000000000000000e+01
1.000000000000000000e+00 2.275000000000000000e+01 2.375000000000000000e+01
1.000000000000000000e+00 2.279999899999999968e+01 2.379999899999999968e+01
1.000000000000000000e+00 2.279999899999999968e+01 2.379999899999999968e+01
1.000000000000000000e+00 2.279999899999999968e+01 2.379999899999999968e+01
1.000000000000000000e+00 2.279999899999999968e+01 2.379999899999999968e+01
1.000000000000000000e+00 2.279999899999999968e+01 2.379999899999999968e+01
1.000000000000000000e+00 2.279999899999999968e+01 2.379999899999999968e+01
1.000000000000000000e+00 2.279999899999999968e+01 2.379999899999999968e+01
1.000000000000000000e+00 2.279999899999999968e+01 2.379999899999999968e+01
1.000000000000000000e+00 2.279999899999999968e+01 2.379999899999999968e+01
1.000000000000000000e+00 2.279999899999999968e+01 2.379999899999999968e+01
9.499999999999999556e-01 2.279999899999999968e+01 2.374999899999999897e+01
9.499999999999999556e-01 2.285000000000000142e+01 2.380000000000000071e+01
9.000000000000000222e-01 2.285000000000000142e+01 2.375000000000000000e+01
9.000000000000000222e-01 2.285000000000000142e+01 2.375000000000000000e+01
8.499999999999999778e-01 2.285000000000000142e+01 2.370000000000000284e+01
8.499999999999999778e-01 2.285000000000000142e+01 2.370000000000000284e+01
8.499999999999999778e-01 2.289999999999999858e+01 2.375000000000000000e+01
8.499999999999999778e-01 2.289999999999999858e+01 2.375000000000000000e+01
8.499999999999999778e-01 2.289999999999999858e+01 2.375000000000000000e+01
8.499999999999999778e-01 2.289999999999999858e+01 2.375000000000000000e+01
8.000000000000000444e-01 2.289999999999999858e+01 2.369999999999999929e+01
8.000000000000000444e-01 2.289999999999999858e+01 2.369999999999999929e+01
8.000000000000000444e-01 2.289999999999999858e+01 2.369999999999999929e+01
8.000000000000000444e-01 2.289999999999999858e+01 2.369999999999999929e+01
8.000000000000000444e-01 2.289999999999999858e+01 2.369999999999999929e+01
8.000000000000000444e-01 2.289999999999999858e+01 2.369999999999999929e+01
8.000000000000000444e-01 2.295000100000000032e+01 2.375000100000000103e+01
8.000000000000000444e-01 2.300000000000000000e+01 2.380000000000000071e+01
7.500000000000000000e-01 2.300000000000000000e+01 2.375000000000000000e+01
7.500000000000000000e-01 2.300000000000000000e+01 2.375000000000000000e+01
7.500000000000000000e-01 2.300000000000000000e+01 2.375000000000000000e+01
7.500000000000000000e-01 2.300000000000000000e+01 2.375000000000000000e+01
7.500000000000000000e-01 2.300000000000000000e+01 2.375000000000000000e+01
7.500000000000000000e-01 2.300000000000000000e+01 2.375000000000000000e+01
7.500000000000000000e-01 2.300000000000000000e+01 2.375000000000000000e+01
7.500000000000000000e-01 2.300000000000000000e+01 2.375000000000000000e+01
7.500000000000000000e-01 2.300000000000000000e+01 2.375000000000000000e+01
7.500000000000000000e-01 2.304999899999999968e+01 2.379999899999999968e+01
7.500000000000000000e-01 2.304999899999999968e+01 2.379999899999999968e+01
7.500000000000000000e-01 2.304999899999999968e+01 2.379999899999999968e+01
7.500000000000000000e-01 2.304999899999999968e+01 2.379999899999999968e+01
7.500000000000000000e-01 2.304999899999999968e+01 2.379999899999999968e+01
7.500000000000000000e-01 2.304999899999999968e+01 2.379999899999999968e+01
7.500000000000000000e-01 2.310000000000000142e+01 2.385000000000000142e+01
7.500000000000000000e-01 2.320000100000000032e+01 2.395000100000000032e+01
7.500000000000000000e-01 2.320000100000000032e+01 2.395000100000000032e+01
7.500000000000000000e-01 2.320000100000000032e+01 2.395000100000000032e+01
6.999999999999999556e-01 2.320000100000000032e+01 2.390000099999999961e+01
6.999999999999999556e-01 2.320000100000000032e+01 2.390000099999999961e+01
6.999999999999999556e-01 2.320000100000000032e+01 2.390000099999999961e+01
6.999999999999999556e-01 2.320000100000000032e+01 2.390000099999999961e+01
6.999999999999999556e-01 2.320000100000000032e+01 2.390000099999999961e+01
6.999999999999999556e-01 2.320000100000000032e+01 2.390000099999999961e+01
6.999999999999999556e-01 2.320000100000000032e+01 2.390000099999999961e+01
6.999999999999999556e-01 2.320000100000000032e+01 2.390000099999999961e+01
6.999999999999999556e-01 2.320000100000000032e+01 2.390000099999999961e+01
6.999999999999999556e-01 2.320000100000000032e+01 2.390000099999999961e+01
6.999999999999999556e-01 2.320000100000000032e+01 2.390000099999999961e+01
6.999999999999999556e-01 2.320000100000000032e+01 2.390000099999999961e+01
6.999999999999999556e-01 2.320000100000000032e+01 2.390000099999999961e+01
6.999999999999999556e-01 2.325000000000000000e+01 2.394999999999999929e+01
6.999999999999999556e-01 2.329999899999999968e+01 2.399999899999999897e+01
6.999999999999999556e-01 2.329999899999999968e+01 2.399999899999999897e+01
6.500000000000000222e-01 2.329999899999999968e+01 2.394999899999999826e+01
6.500000000000000222e-01 2.329999899999999968e+01 2.394999899999999826e+01
6.500000000000000222e-01 2.329999899999999968e+01 2.394999899999999826e+01
6.500000000000000222e-01 2.329999899999999968e+01 2.394999899999999826e+01
6.500000000000000222e-01 2.329999899999999968e+01 2.394999899999999826e+01
6.500000000000000222e-01 2.329999899999999968e+01 2.394999899999999826e+01
6.500000000000000222e-01 2.329999899999999968e+01 2.394999899999999826e+01
6.500000000000000222e-01 2.335000000000000142e+01 2.400000000000000000e+01
5.999999999999999778e-01 2.335000000000000142e+01 2.395000000000000284e+01
5.999999999999999778e-01 2.335000000000000142e+01 2.395000000000000284e+01
5.999999999999999778e-01 2.335000000000000142e+01 2.395000000000000284e+01
5.999999999999999778e-01 2.335000000000000142e+01 2.395000000000000284e+01
5.500000000000000444e-01 2.335000000000000142e+01 2.390000000000000213e+01
5.000000000000000000e-01 2.335000000000000142e+01 2.385000000000000142e+01
5.000000000000000000e-01 2.335000000000000142e+01 2.385000000000000142e+01
5.000000000000000000e-01 2.335000000000000142e+01 2.385000000000000142e+01
5.000000000000000000e-01 2.335000000000000142e+01 2.385000000000000142e+01
5.000000000000000000e-01 2.335000000000000142e+01 2.385000000000000142e+01
5.000000000000000000e-01 2.335000000000000142e+01 2.385000000000000142e+01
5.000000000000000000e-01 2.335000000000000142e+01 2.385000000000000142e+01
5.000000000000000000e-01 2.335000000000000142e+01 2.385000000000000142e+01
5.000000000000000000e-01 2.335000000000000142e+01 2.385000000000000142e+01
5.000000000000000000e-01 2.335000000000000142e+01 2.385000000000000142e+01
5.000000000000000000e-01 2.335000000000000142e+01 2.385000000000000142e+01
5.000000000000000000e-01 2.335000000000000142e+01 2.385000000000000142e+01
5.000000000000000000e-01 2.335000000000000142e+01 2.385000000000000142e+01
5.000000000000000000e-01 2.335000000000000142e+01 2.385000000000000142e+01
5.000000000000000000e-01 2.345000100000000032e+01 2.395000100000000032e+01
5.000000000000000000e-01 2.345000100000000032e+01 2.395000100000000032e+01
5.000000000000000000e-01 2.345000100000000032e+01 2.395000100000000032e+01
5.000000000000000000e-01 2.345000100000000032e+01 2.395000100000000032e+01
5.000000000000000000e-01 2.350000000000000000e+01 2.400000000000000000e+01
5.000000000000000000e-01 2.350000000000000000e+01 2.400000000000000000e+01
5.000000000000000000e-01 2.350000000000000000e+01 2.400000000000000000e+01
4.500000000000000111e-01 2.350000000000000000e+01 2.394999999999999929e+01
4.500000000000000111e-01 2.350000000000000000e+01 2.394999999999999929e+01
4.500000000000000111e-01 2.350000000000000000e+01 2.394999999999999929e+01
4.500000000000000111e-01 2.354999899999999968e+01 2.399999899999999897e+01
4.500000000000000111e-01 2.354999899999999968e+01 2.399999899999999897e+01
4.500000000000000111e-01 2.354999899999999968e+01 2.399999899999999897e+01
4.000000000000000222e-01 2.360000000000000142e+01 2.400000000000000000e+01
4.000000000000000222e-01 2.360000000000000142e+01 2.400000000000000000e+01
4.000000000000000222e-01 2.360000000000000142e+01 2.400000000000000000e+01
4.000000000000000222e-01 2.360000000000000142e+01 2.400000000000000000e+01
4.000000000000000222e-01 2.360000000000000142e+01 2.400000000000000000e+01
4.000000000000000222e-01 2.360000000000000142e+01 2.400000000000000000e+01
4.000000000000000222e-01 2.364999999999999858e+01 2.404999999999999716e+01
4.000000000000000222e-01 2.364999999999999858e+01 2.404999999999999716e+01
4.000000000000000222e-01 2.364999999999999858e+01 2.404999999999999716e+01
4.000000000000000222e-01 2.364999999999999858e+01 2.404999999999999716e+01
4.000000000000000222e-01 2.364999999999999858e+01 2.404999999999999716e+01
4.000000000000000222e-01 2.364999999999999858e+01 2.404999999999999716e+01
3.499999999999999778e-01 2.370000100000000032e+01 2.405000100000000174e+01
3.499999999999999778e-01 2.370000100000000032e+01 2.405000100000000174e+01
3.499999999999999778e-01 2.370000100000000032e+01 2.405000100000000174e+01
3.499999999999999778e-01 2.370000100000000032e+01 2.405000100000000174e+01
3.499999999999999778e-01 2.370000100000000032e+01 2.405000100000000174e+01
3.499999999999999778e-01 2.370000100000000032e+01 2.405000100000000174e+01
3.499999999999999778e-01 2.370000100000000032e+01 2.405000100000000174e+01
3.499999999999999778e-01 2.370000100000000032e+01 2.405000100000000174e+01
3.499999999999999778e-01 2.370000100000000032e+01 2.405000100000000174e+01
3.499999999999999778e-01 2.370000100000000032e+01 2.405000100000000174e+01
3.499999999999999778e-01 2.370000100000000032e+01 2.405000100000000174e+01
3.499999999999999778e-01 2.370000100000000032e+01 2.405000100000000174e+01
3.499999999999999778e-01 2.370000100000000032e+01 2.405000100000000174e+01
3.499999999999999778e-01 2.370000100000000032e+01 2.405000100000000174e+01
3.499999999999999778e-01 2.370000100000000032e+01 2.405000100000000174e+01
3.499999999999999778e-01 2.370000100000000032e+01 2.405000100000000174e+01
3.499999999999999778e-01 2.370000100000000032e+01 2.405000100000000174e+01
3.499999999999999778e-01 2.370000100000000032e+01 2.405000100000000174e+01
3.499999999999999778e-01 2.370000100000000032e+01 2.405000100000000174e+01
3.499999999999999778e-01 2.370000100000000032e+01 2.405000100000000174e+01
3.499999999999999778e-01 2.370000100000000032e+01 2.405000100000000174e+01
3.499999999999999778e-01 2.379999899999999968e+01 2.414999900000000110e+01
3.499999999999999778e-01 2.379999899999999968e+01 2.414999900000000110e+01
3.499999999999999778e-01 2.379999899999999968e+01 2.414999900000000110e+01
3.499999999999999778e-01 2.379999899999999968e+01 2.414999900000000110e+01
3.499999999999999778e-01 2.379999899999999968e+01 2.414999900000000110e+01
3.499999999999999778e-01 2.379999899999999968e+01 2.414999900000000110e+01
3.499999999999999778e-01 2.379999899999999968e+01 2.414999900000000110e+01
3.499999999999999778e-01 2.379999899999999968e+01 2.414999900000000110e+01
3.499999999999999778e-01 2.379999899999999968e+01 2.414999900000000110e+01
3.499999999999999778e-01 2.379999899999999968e+01 2.414999900000000110e+01
3.499999999999999778e-01 2.379999899999999968e+01 2.414999900000000110e+01
3.499999999999999778e-01 2.379999899999999968e+01 2.414999900000000110e+01
3.499999999999999778e-01 2.379999899999999968e+01 2.414999900000000110e+01
2.999999999999999889e-01 2.379999899999999968e+01 2.409999900000000039e+01
2.999999999999999889e-01 2.379999899999999968e+01 2.409999900000000039e+01
2.999999999999999889e-01 2.379999899999999968e+01 2.409999900000000039e+01
2.999999999999999889e-01 2.379999899999999968e+01 2.409999900000000039e+01
2.999999999999999889e-01 2.379999899999999968e+01 2.409999900000000039e+01
2.999999999999999889e-01 2.379999899999999968e+01 2.409999900000000039e+01
2.999999999999999889e-01 2.385000000000000142e+01 2.415000000000000213e+01
2.999999999999999889e-01 2.385000000000000142e+01 2.415000000000000213e+01
2.999999999999999889e-01 2.385000000000000142e+01 2.415000000000000213e+01
2.999999999999999889e-01 2.385000000000000142e+01 2.415000000000000213e+01
2.999999999999999889e-01 2.385000000000000142e+01 2.415000000000000213e+01
2.999999999999999889e-01 2.385000000000000142e+01 2.415000000000000213e+01
2.999999999999999889e-01 2.385000000000000142e+01 2.415000000000000213e+01
2.999999999999999889e-01 2.385000000000000142e+01 2.415000000000000213e+01
2.999999999999999889e-01 2.385000000000000142e+01 2.415000000000000213e+01
2.999999999999999889e-01 2.385000000000000142e+01 2.415000000000000213e+01
2.999999999999999889e-01 2.385000000000000142e+01 2.415000000000000213e+01
2.999999999999999889e-01 2.385000000000000142e+01 2.415000000000000213e+01
2.999999999999999889e-01 2.385000000000000142e+01 2.415000000000000213e+01
2.999999999999999889e-01 2.385000000000000142e+01 2.415000000000000213e+01
2.999999999999999889e-01 2.385000000000000142e+01 2.415000000000000213e+01
2.999999999999999889e-01 2.385000000000000142e+01 2.415000000000000213e+01
2.999999999999999889e-01 2.385000000000000142e+01 2.415000000000000213e+01
2.999999999999999889e-01 2.385000000000000142e+01 2.415000000000000213e+01
2.999999999999999889e-01 2.385000000000000142e+01 2.415000000000000213e+01
2.999999999999999889e-01 2.389999999999999858e+01 2.419999999999999929e+01
2.999999999999999889e-01 2.389999999999999858e+01 2.419999999999999929e+01
2.999999999999999889e-01 2.389999999999999858e+01 2.419999999999999929e+01
2.999999999999999889e-01 2.389999999999999858e+01 2.419999999999999929e+01
2.999999999999999889e-01 2.389999999999999858e+01 2.419999999999999929e+01
2.999999999999999889e-01 2.389999999999999858e+01 2.419999999999999929e+01
2.999999999999999889e-01 2.389999999999999858e+01 2.419999999999999929e+01
2.999999999999999889e-01 2.389999999999999858e+01 2.419999999999999929e+01
2.999999999999999889e-01 2.389999999999999858e+01 2.419999999999999929e+01
2.999999999999999889e-01 2.389999999999999858e+01 2.419999999999999929e+01
2.999999999999999889e-01 2.389999999999999858e+01 2.419999999999999929e+01
2.999999999999999889e-01 2.389999999999999858e+01 2.419999999999999929e+01
2.999999999999999889e-01 2.389999999999999858e+01 2.419999999999999929e+01
2.999999999999999889e-01 2.389999999999999858e+01 2.419999999999999929e+01
2.999999999999999889e-01 2.389999999999999858e+01 2.419999999999999929e+01
2.999999999999999889e-01 2.389999999999999858e+01 2.419999999999999929e+01
2.999999999999999889e-01 2.389999999999999858e+01 2.419999999999999929e+01
2.999999999999999889e-01 2.389999999999999858e+01 2.419999999999999929e+01
2.999999999999999889e-01 2.389999999999999858e+01 2.419999999999999929e+01
2.999999999999999889e-01 2.395000100000000032e+01 2.425000100000000103e+01
2.999999999999999889e-01 2.395000100000000032e+01 2.425000100000000103e+01
2.500000000000000000e-01 2.395000100000000032e+01 2.420000100000000032e+01
2.500000000000000000e-01 2.395000100000000032e+01 2.420000100000000032e+01
2.500000000000000000e-01 2.395000100000000032e+01 2.420000100000000032e+01
2.500000000000000000e-01 2.395000100000000032e+01 2.420000100000000032e+01
2.500000000000000000e-01 2.395000100000000032e+01 2.420000100000000032e+01
2.500000000000000000e-01 2.395000100000000032e+01 2.420000100000000032e+01
2.500000000000000000e-01 2.395000100000000032e+01 2.420000100000000032e+01
2.500000000000000000e-01 2.395000100000000032e+01 2.420000100000000032e+01
2.500000000000000000e-01 2.395000100000000032e+01 2.420000100000000032e+01
2.500000000000000000e-01 2.395000100000000032e+01 2.420000100000000032e+01
2.500000000000000000e-01 2.395000100000000032e+01 2.420000100000000032e+01
2.500000000000000000e-01 2.395000100000000032e+01 2.420000100000000032e+01
2.500000000000000000e-01 2.395000100000000032e+01 2.420000100000000032e+01
2.500000000000000000e-01 2.395000100000000032e+01 2.420000100000000032e+01
2.500000000000000000e-01 2.395000100000000032e+01 2.420000100000000032e+01
2.500000000000000000e-01 2.395000100000000032e+01 2.420000100000000032e+01
2.500000000000000000e-01 2.395000100000000032e+01 2.420000100000000032e+01
2.500000000000000000e-01 2.395000100000000032e+01 2.420000100000000032e+01
2.500000000000000000e-01 2.395000100000000032e+01 2.420000100000000032e+01
2.500000000000000000e-01 2.400000000000000000e+01 2.425000000000000000e+01
2.500000000000000000e-01 2.400000000000000000e+01 2.425000000000000000e+01
2.500000000000000000e-01 2.400000000000000000e+01 2.425000000000000000e+01
2.500000000000000000e-01 2.400000000000000000e+01 2.425000000000000000e+01
2.500000000000000000e-01 2.400000000000000000e+01 2.425000000000000000e+01
2.500000000000000000e-01 2.400000000000000000e+01 2.425000000000000000e+01
2.500000000000000000e-01 2.400000000000000000e+01 2.425000000000000000e+01
2.500000000000000000e-01 2.400000000000000000e+01 2.425000000000000000e+01
2.500000000000000000e-01 2.400000000000000000e+01 2.425000000000000000e+01
2.500000000000000000e-01 2.400000000000000000e+01 2.425000000000000000e+01
2.500000000000000000e-01 2.400000000000000000e+01 2.425000000000000000e+01
2.500000000000000000e-01 2.400000000000000000e+01 2.425000000000000000e+01
2.500000000000000000e-01 2.400000000000000000e+01 2.425000000000000000e+01
2.500000000000000000e-01 2.400000000000000000e+01 2.425000000000000000e+01
2.500000000000000000e-01 2.400000000000000000e+01 2.425000000000000000e+01
2.500000000000000000e-01 2.400000000000000000e+01 2.425000000000000000e+01
2.500000000000000000e-01 2.400000000000000000e+01 2.425000000000000000e+01
2.500000000000000000e-01 2.400000000000000000e+01 2.425000000000000000e+01
2.500000000000000000e-01 2.400000000000000000e+01 2.425000000000000000e+01
2.500000000000000000e-01 2.400000000000000000e+01 2.425000000000000000e+01
2.500000000000000000e-01 2.400000000000000000e+01 2.425000000000000000e+01
2.500000000000000000e-01 2.400000000000000000e+01 2.425000000000000000e+01
2.500000000000000000e-01 2.400000000000000000e+01 2.425000000000000000e+01
2.500000000000000000e-01 2.400000000000000000e+01 2.425000000000000000e+01
2.500000000000000000e-01 2.400000000000000000e+01 2.425000000000000000e+01
2.500000000000000000e-01 2.400000000000000000e+01 2.425000000000000000e+01
2.500000000000000000e-01 2.400000000000000000e+01 2.425000000000000000e+01
2.500000000000000000e-01 2.400000000000000000e+01 2.425000000000000000e+01
2.500000000000000000e-01 2.404999899999999968e+01 2.429999899999999968e+01
2.500000000000000000e-01 2.404999899999999968e+01 2.429999899999999968e+01
2.500000000000000000e-01 2.404999899999999968e+01 2.429999899999999968e+01
2.500000000000000000e-01 2.404999899999999968e+01 2.429999899999999968e+01
2.500000000000000000e-01 2.404999899999999968e+01 2.429999899999999968e+01
2.500000000000000000e-01 2.404999899999999968e+01 2.429999899999999968e+01
2.500000000000000000e-01 2.404999899999999968e+01 2.429999899999999968e+01
2.500000000000000000e-01 2.404999899999999968e+01 2.429999899999999968e+01
2.500000000000000000e-01 2.404999899999999968e+01 2.429999899999999968e+01
2.500000000000000000e-01 2.404999899999999968e+01 2.429999899999999968e+01
2.500000000000000000e-01 2.404999899999999968e+01 2.429999899999999968e+01
2.500000000000000000e-01 2.404999899999999968e+01 2.429999899999999968e+01
2.500000000000000000e-01 2.404999899999999968e+01 2.429999899999999968e+01
2.500000000000000000e-01 2.410000000000000142e+01 2.435000000000000142e+01
2.500000000000000000e-01 2.410000000000000142e+01 2.435000000000000142e+01
2.500000000000000000e-01 2.410000000000000142e+01 2.435000000000000142e+01
2.500000000000000000e-01 2.410000000000000142e+01 2.435000000000000142e+01
2.500000000000000000e-01 2.410000000000000142e+01 2.435000000000000142e+01
2.500000000000000000e-01 2.410000000000000142e+01 2.435000000000000142e+01
2.500000000000000000e-01 2.414999999999999858e+01 2.439999999999999858e+01
2.500000000000000000e-01 2.414999999999999858e+01 2.439999999999999858e+01
2.500000000000000000e-01 2.414999999999999858e+01 2.439999999999999858e+01
2.500000000000000000e-01 2.420000100000000032e+01 2.445000100000000032e+01
2.500000000000000000e-01 2.420000100000000032e+01 2.445000100000000032e+01
2.500000000000000000e-01 2.420000100000000032e+01 2.445000100000000032e+01
2.500000000000000000e-01 2.420000100000000032e+01 2.445000100000000032e+01
2.500000000000000000e-01 2.420000100000000032e+01 2.445000100000000032e+01
2.500000000000000000e-01 2.420000100000000032e+01 2.445000100000000032e+01
2.500000000000000000e-01 2.420000100000000032e+01 2.445000100000000032e+01
2.500000000000000000e-01 2.420000100000000032e+01 2.445000100000000032e+01
2.500000000000000000e-01 2.420000100000000032e+01 2.445000100000000032e+01
2.500000000000000000e-01 2.420000100000000032e+01 2.445000100000000032e+01
2.500000000000000000e-01 2.420000100000000032e+01 2.445000100000000032e+01
2.500000000000000000e-01 2.420000100000000032e+01 2.445000100000000032e+01
2.500000000000000000e-01 2.420000100000000032e+01 2.445000100000000032e+01
2.500000000000000000e-01 2.420000100000000032e+01 2.445000100000000032e+01
2.500000000000000000e-01 2.420000100000000032e+01 2.445000100000000032e+01
2.500000000000000000e-01 2.420000100000000032e+01 2.445000100000000032e+01
2.500000000000000000e-01 2.420000100000000032e+01 2.445000100000000032e+01
2.500000000000000000e-01 2.425000000000000000e+01 2.450000000000000000e+01
2.500000000000000000e-01 2.425000000000000000e+01 2.450000000000000000e+01
2.500000000000000000e-01 2.425000000000000000e+01 2.450000000000000000e+01
2.500000000000000000e-01 2.425000000000000000e+01 2.450000000000000000e+01
2.500000000000000000e-01 2.425000000000000000e+01 2.450000000000000000e+01
2.000000000000000111e-01 2.425000000000000000e+01 2.444999999999999929e+01
2.000000000000000111e-01 2.425000000000000000e+01 2.444999999999999929e+01
2.000000000000000111e-01 2.425000000000000000e+01 2.444999999999999929e+01
2.000000000000000111e-01 2.425000000000000000e+01 2.444999999999999929e+01
2.000000000000000111e-01 2.425000000000000000e+01 2.444999999999999929e+01
2.000000000000000111e-01 2.425000000000000000e+01 2.444999999999999929e+01
2.000000000000000111e-01 2.425000000000000000e+01 2.444999999999999929e+01
2.000000000000000111e-01 2.425000000000000000e+01 2.444999999999999929e+01
2.000000000000000111e-01 2.425000000000000000e+01 2.444999999999999929e+01
2.000000000000000111e-01 2.425000000000000000e+01 2.444999999999999929e+01
2.000000000000000111e-01 2.425000000000000000e+01 2.444999999999999929e+01
2.000000000000000111e-01 2.425000000000000000e+01 2.444999999999999929e+01
2.000000000000000111e-01 2.425000000000000000e+01 2.444999999999999929e+01
2.000000000000000111e-01 2.425000000000000000e+01 2.444999999999999929e+01
2.000000000000000111e-01 2.425000000000000000e+01 2.444999999999999929e+01
1.499999999999999944e-01 2.425000000000000000e+01 2.439999999999999858e+01
1.499999999999999944e-01 2.425000000000000000e+01 2.439999999999999858e+01
1.499999999999999944e-01 2.425000000000000000e+01 2.439999999999999858e+01
1.499999999999999944e-01 2.425000000000000000e+01 2.439999999999999858e+01
1.499999999999999944e-01 2.425000000000000000e+01 2.439999999999999858e+01
1.499999999999999944e-01 2.425000000000000000e+01 2.439999999999999858e+01
1.499999999999999944e-01 2.425000000000000000e+01 2.439999999999999858e+01
1.499999999999999944e-01 2.425000000000000000e+01 2.439999999999999858e+01
1.499999999999999944e-01 2.425000000000000000e+01 2.439999999999999858e+01
1.499999999999999944e-01 2.425000000000000000e+01 2.439999999999999858e+01
1.499999999999999944e-01 2.425000000000000000e+01 2.439999999999999858e+01
1.499999999999999944e-01 2.425000000000000000e+01 2.439999999999999858e+01
1.499999999999999944e-01 2.425000000000000000e+01 2.439999999999999858e+01
1.499999999999999944e-01 2.425000000000000000e+01 2.439999999999999858e+01
1.499999999999999944e-01 2.425000000000000000e+01 2.439999999999999858e+01
1.000000000000000056e-01 2.425000000000000000e+01 2.435000000000000142e+01
1.000000000000000056e-01 2.425000000000000000e+01 2.435000000000000142e+01
1.000000000000000056e-01 2.425000000000000000e+01 2.435000000000000142e+01
1.000000000000000056e-01 2.425000000000000000e+01 2.435000000000000142e+01
1.000000000000000056e-01 2.425000000000000000e+01 2.435000000000000142e+01
1.000000000000000056e-01 2.425000000000000000e+01 2.435000000000000142e+01
1.000000000000000056e-01 2.425000000000000000e+01 2.435000000000000142e+01
1.000000000000000056e-01 2.425000000000000000e+01 2.435000000000000142e+01
1.000000000000000056e-01 2.425000000000000000e+01 2.435000000000000142e+01
1.000000000000000056e-01 2.429999899999999968e+01 2.439999900000000110e+01
1.000000000000000056e-01 2.429999899999999968e+01 2.439999900000000110e+01
5.000000000000000278e-02 2.429999899999999968e+01 2.434999900000000039e+01
5.000000000000000278e-02 2.429999899999999968e+01 2.434999900000000039e+01
5.000000000000000278e-02 2.429999899999999968e+01 2.434999900000000039e+01
5.000000000000000278e-02 2.429999899999999968e+01 2.434999900000000039e+01
5.000000000000000278e-02 2.429999899999999968e+01 2.434999900000000039e+01
5.000000000000000278e-02 2.429999899999999968e+01 2.434999900000000039e+01
5.000000000000000278e-02 2.429999899999999968e+01 2.434999900000000039e+01
5.000000000000000278e-02 2.429999899999999968e+01 2.434999900000000039e+01
5.000000000000000278e-02 2.429999899999999968e+01 2.434999900000000039e+01
5.000000000000000278e-02 2.429999899999999968e+01 2.434999900000000039e+01
5.000000000000000278e-02 2.429999899999999968e+01 2.434999900000000039e+01
5.000000000000000278e-02 2.429999899999999968e+01 2.434999900000000039e+01
5.000000000000000278e-02 2.435000000000000142e+01 2.440000000000000213e+01
5.000000000000000278e-02 2.435000000000000142e+01 2.440000000000000213e+01
5.000000000000000278e-02 2.435000000000000142e+01 2.440000000000000213e+01
5.000000000000000278e-02 2.435000000000000142e+01 2.440000000000000213e+01
5.000000000000000278e-02 2.435000000000000142e+01 2.440000000000000213e+01
5.000000000000000278e-02 2.435000000000000142e+01 2.440000000000000213e+01
5.000000000000000278e-02 2.435000000000000142e+01 2.440000000000000213e+01
5.000000000000000278e-02 2.435000000000000142e+01 2.440000000000000213e+01
5.000000000000000278e-02 2.435000000000000142e+01 2.440000000000000213e+01
5.000000000000000278e-02 2.435000000000000142e+01 2.440000000000000213e+01
5.000000000000000278e-02 2.435000000000000142e+01 2.440000000000000213e+01
5.000000000000000278e-02 2.435000000000000142e+01 2.440000000000000213e+01
5.000000000000000278e-02 2.435000000000000142e+01 2.440000000000000213e+01
5.000000000000000278e-02 2.435000000000000142e+01 2.440000000000000213e+01
5.000000000000000278e-02 2.435000000000000142e+01 2.440000000000000213e+01
5.000000000000000278e-02 2.435000000000000142e+01 2.440000000000000213e+01
5.000000000000000278e-02 2.435000000000000142e+01 2.440000000000000213e+01
5.000000000000000278e-02 2.435000000000000142e+01 2.440000000000000213e+01
5.000000000000000278e-02 2.435000000000000142e+01 2.440000000000000213e+01
5.000000000000000278e-02 2.435000000000000142e+01 2.440000000000000213e+01
5.000000000000000278e-02 2.435000000000000142e+01 2.440000000000000213e+01
5.000000000000000278e-02 2.435000000000000142e+01 2.440000000000000213e+01
0.000000000000000000e+00 2.435000000000000142e+01 2.435000000000000142e+01
0.000000000000000000e+00 2.435000000000000142e+01 2.435000000000000142e+01
0.000000000000000000e+00 2.435000000000000142e+01 2.435000000000000142e+01
0.000000000000000000e+00 2.435000000000000142e+01 2.435000000000000142e+01
0.000000000000000000e+00 2.435000000000000142e+01 2.435000000000000142e+01
0.000000000000000000e+00 2.435000000000000142e+01 2.435000000000000142e+01
0.000000000000000000e+00 2.435000000000000142e+01 2.435000000000000142e+01
0.000000000000000000e+00 2.435000000000000142e+01 2.435000000000000142e+01
0.000000000000000000e+00 2.435000000000000142e+01 2.435000000000000142e+01
0.000000000000000000e+00 2.435000000000000142e+01 2.435000000000000142e+01
0.000000000000000000e+00 2.435000000000000142e+01 2.435000000000000142e+01
0.000000000000000000e+00 2.435000000000000142e+01 2.435000000000000142e+01
0.000000000000000000e+00 2.435000000000000142e+01 2.435000000000000142e+01
0.000000000000000000e+00 2.435000000000000142e+01 2.435000000000000142e+01
0.000000000000000000e+00 2.435000000000000142e+01 2.435000000000000142e+01
0.000000000000000000e+00 2.435000000000000142e+01 2.435000000000000142e+01
0.000000000000000000e+00 2.435000000000000142e+01 2.435000000000000142e+01
0.000000000000000000e+00 2.435000000000000142e+01 2.435000000000000142e+01
0.000000000000000000e+00 2.435000000000000142e+01 2.435000000000000142e+01
0.000000000000000000e+00 2.435000000000000142e+01 2.435000000000000142e+01
0.000000000000000000e+00 2.435000000000000142e+01 2.435000000000000142e+01
0.000000000000000000e+00 2.435000000000000142e+01 2.435000000000000142e+01
0.000000000000000000e+00 2.435000000000000142e+01 2.435000000000000142e+01
0.000000000000000000e+00 2.435000000000000142e+01 2.435000000000000142e+01
0.000000000000000000e+00 2.435000000000000142e+01 2.435000000000000142e+01
0.000000000000000000e+00 2.435000000000000142e+01 2.435000000000000142e+01
0.000000000000000000e+00 2.435000000000000142e+01 2.435000000000000142e+01
0.000000000000000000e+00 2.435000000000000142e+01 2.435000000000000142e+01
0.000000000000000000e+00 2.435000000000000142e+01 2.435000000000000142e+01
0.000000000000000000e+00 2.435000000000000142e+01 2.435000000000000142e+01
0.000000000000000000e+00 2.439999999999999858e+01 2.439999999999999858e+01
0.000000000000000000e+00 2.439999999999999858e+01 2.439999999999999858e+01
0.000000000000000000e+00 2.439999999999999858e+01 2.439999999999999858e+01
0.000000000000000000e+00 2.439999999999999858e+01 2.439999999999999858e+01
0.000000000000000000e+00 2.445000100000000032e+01 2.445000100000000032e+01
0.000000000000000000e+00 2.445000100000000032e+01 2.445000100000000032e+01
0.000000000000000000e+00 2.445000100000000032e+01 2.445000100000000032e+01
0.000000000000000000e+00 2.445000100000000032e+01 2.445000100000000032e+01
0.000000000000000000e+00 2.445000100000000032e+01 2.445000100000000032e+01
0.000000000000000000e+00 2.445000100000000032e+01 2.445000100000000032e+01
0.000000000000000000e+00 2.445000100000000032e+01 2.445000100000000032e+01
0.000000000000000000e+00 2.445000100000000032e+01 2.445000100000000032e+01
0.000000000000000000e+00 2.445000100000000032e+01 2.445000100000000032e+01
0.000000000000000000e+00 2.445000100000000032e+01 2.445000100000000032e+01
0.000000000000000000e+00 2.445000100000000032e+01 2.445000100000000032e+01
0.000000000000000000e+00 2.445000100000000032e+01 2.445000100000000032e+01
0.000000000000000000e+00 2.445000100000000032e+01 2.445000100000000032e+01
0.000000000000000000e+00 2.445000100000000032e+01 2.445000100000000032e+01
0.000000000000000000e+00 2.445000100000000032e+01 2.445000100000000032e+01
0.000000000000000000e+00 2.445000100000000032e+01 2.445000100000000032e+01
0.000000000000000000e+00 2.445000100000000032e+01 2.445000100000000032e+01
0.000000000000000000e+00 2.445000100000000032e+01 2.445000100000000032e+01
0.000000000000000000e+00 2.445000100000000032e+01 2.445000100000000032e+01
0.000000000000000000e+00 2.445000100000000032e+01 2.445000100000000032e+01
0.000000000000000000e+00 2.445000100000000032e+01 2.445000100000000032e+01
0.000000000000000000e+00 2.445000100000000032e+01 2.445000100000000032e+01
0.000000000000000000e+00 2.445000100000000032e+01 2.445000100000000032e+01
0.000000000000000000e+00 2.445000100000000032e+01 2.445000100000000032e+01
0.000000000000000000e+00 2.445000100000000032e+01 2.445000100000000032e+01
0.000000000000000000e+00 2.445000100000000032e+01 2.445000100000000032e+01
0.000000000000000000e+00 2.445000100000000032e+01 2.445000100000000032e+01
0.000000000000000000e+00 2.445000100000000032e+01 2.445000100000000032e+01
0.000000000000000000e+00 2.445000100000000032e+01 2.445000100000000032e+01
0.000000000000000000e+00 2.445000100000000032e+01 2.445000100000000032e+01
0.000000000000000000e+00 2.445000100000000032e+01 2.445000100000000032e+01
0.000000000000000000e+00 2.445000100000000032e+01 2.445000100000000032e+01
0.000000000000000000e+00 2.445000100000000032e+01 2.445000100000000032e+01
0.000000000000000000e+00 2.445000100000000032e+01 2.445000100000000032e+01
0.000000000000000000e+00 2.445000100000000032e+01 2.445000100000000032e+01
0.000000000000000000e+00 2.450000000000000000e+01 2.450000000000000000e+01
0.000000000000000000e+00 2.450000000000000000e+01 2.450000000000000000e+01
0.000000000000000000e+00 2.450000000000000000e+01 2.450000000000000000e+01
0.000000000000000000e+00 2.450000000000000000e+01 2.450000000000000000e+01
0.000000000000000000e+00 2.450000000000000000e+01 2.450000000000000000e+01
0.000000000000000000e+00 2.450000000000000000e+01 2.450000000000000000e+01
0.000000000000000000e+00 2.450000000000000000e+01 2.450000000000000000e+01
0.000000000000000000e+00 2.450000000000000000e+01 2.450000000000000000e+01
0.000000000000000000e+00 2.450000000000000000e+01 2.450000000000000000e+01
0.000000000000000000e+00 2.450000000000000000e+01 2.450000000000000000e+01
0.000000000000000000e+00 2.450000000000000000e+01 2.450000000000000000e+01
0.000000000000000000e+00 2.450000000000000000e+01 2.450000000000000000e+01
0.000000000000000000e+00 2.450000000000000000e+01 2.450000000000000000e+01
0.000000000000000000e+00 2.450000000000000000e+01 2.450000000000000000e+01
0.000000000000000000e+00 2.450000000000000000e+01 2.450000000000000000e+01
0.000000000000000000e+00 2.450000000000000000e+01 2.450000000000000000e+01
0.000000000000000000e+00 2.450000000000000000e+01 2.450000000000000000e+01
0.000000000000000000e+00 2.450000000000000000e+01 2.450000000000000000e+01
0.000000000000000000e+00 2.450000000000000000e+01 2.450000000000000000e+01
0.000000000000000000e+00 2.450000000000000000e+01 2.450000000000000000e+01
0.000000000000000000e+00 2.450000000000000000e+01 2.450000000000000000e+01
0.000000000000000000e+00 2.450000000000000000e+01 2.450000000000000000e+01
0.000000000000000000e+00 2.450000000000000000e+01 2.450000000000000000e+01
0.000000000000000000e+00 2.450000000000000000e+01 2.450000000000000000e+01
0.000000000000000000e+00 2.450000000000000000e+01 2.450000000000000000e+01
0.000000000000000000e+00 2.450000000000000000e+01 2.450000000000000000e+01
0.000000000000000000e+00 2.450000000000000000e+01 2.450000000000000000e+01
0.000000000000000000e+00 2.450000000000000000e+01 2.450000000000000000e+01
0.000000000000000000e+00 2.450000000000000000e+01 2.450000000000000000e+01
0.000000000000000000e+00 2.450000000000000000e+01 2.450000000000000000e+01
0.000000000000000000e+00 2.450000000000000000e+01 2.450000000000000000e+01
0.000000000000000000e+00 2.450000000000000000e+01 2.450000000000000000e+01
0.000000000000000000e+00 2.450000000000000000e+01 2.450000000000000000e+01
0.000000000000000000e+00 2.450000000000000000e+01 2.450000000000000000e+01
0.000000000000000000e+00 2.450000000000000000e+01 2.450000000000000000e+01
0.000000000000000000e+00 2.450000000000000000e+01 2.450000000000000000e+01
0.000000000000000000e+00 2.450000000000000000e+01 2.450000000000000000e+01
0.000000000000000000e+00 2.450000000000000000e+01 2.450000000000000000e+01
0.000000000000000000e+00 2.450000000000000000e+01 2.450000000000000000e+01
0.000000000000000000e+00 2.450000000000000000e+01 2.450000000000000000e+01
0.000000000000000000e+00 2.450000000000000000e+01 2.450000000000000000e+01
0.000000000000000000e+00 2.450000000000000000e+01 2.450000000000000000e+01
0.000000000000000000e+00 2.450000000000000000e+01 2.450000000000000000e+01
0.000000000000000000e+00 2.450000000000000000e+01 2.450000000000000000e+01
0.000000000000000000e+00 2.450000000000000000e+01 2.450000000000000000e+01
0.000000000000000000e+00 2.450000000000000000e+01 2.450000000000000000e+01
0.000000000000000000e+00 2.450000000000000000e+01 2.450000000000000000e+01
0.000000000000000000e+00 2.450000000000000000e+01 2.450000000000000000e+01
0.000000000000000000e+00 2.450000000000000000e+01 2.450000000000000000e+01
0.000000000000000000e+00 2.450000000000000000e+01 2.450000000000000000e+01
0.000000000000000000e+00 2.454999899999999968e+01 2.454999899999999968e+01
0.000000000000000000e+00 2.454999899999999968e+01 2.454999899999999968e+01
0.000000000000000000e+00 2.454999899999999968e+01 2.454999899999999968e+01
0.000000000000000000e+00 2.454999899999999968e+01 2.454999899999999968e+01
0.000000000000000000e+00 2.454999899999999968e+01 2.454999899999999968e+01
0.000000000000000000e+00 2.454999899999999968e+01 2.454999899999999968e+01
0.000000000000000000e+00 2.454999899999999968e+01 2.454999899999999968e+01
0.000000000000000000e+00 2.454999899999999968e+01 2.454999899999999968e+01
0.000000000000000000e+00 2.454999899999999968e+01 2.454999899999999968e+01
0.000000000000000000e+00 2.454999899999999968e+01 2.454999899999999968e+01
0.000000000000000000e+00 2.454999899999999968e+01 2.454999899999999968e+01
0.000000000000000000e+00 2.454999899999999968e+01 2.454999899999999968e+01
0.000000000000000000e+00 2.454999899999999968e+01 2.454999899999999968e+01
0.000000000000000000e+00 2.454999899999999968e+01 2.454999899999999968e+01
0.000000000000000000e+00 2.454999899999999968e+01 2.454999899999999968e+01
0.000000000000000000e+00 2.454999899999999968e+01 2.454999899999999968e+01
0.000000000000000000e+00 2.454999899999999968e+01 2.454999899999999968e+01
0.000000000000000000e+00 2.454999899999999968e+01 2.454999899999999968e+01
0.000000000000000000e+00 2.454999899999999968e+01 2.454999899999999968e+01
0.000000000000000000e+00 2.454999899999999968e+01 2.454999899999999968e+01
0.000000000000000000e+00 2.454999899999999968e+01 2.454999899999999968e+01
0.000000000000000000e+00 2.454999899999999968e+01 2.454999899999999968e+01
0.000000000000000000e+00 2.454999899999999968e+01 2.454999899999999968e+01
0.000000000000000000e+00 2.454999899999999968e+01 2.454999899999999968e+01
0.000000000000000000e+00 2.454999899999999968e+01 2.454999899999999968e+01
0.000000000000000000e+00 2.454999899999999968e+01 2.454999899999999968e+01
0.000000000000000000e+00 2.460000000000000142e+01 2.460000000000000142e+01
0.000000000000000000e+00 2.460000000000000142e+01 2.460000000000000142e+01
0.000000000000000000e+00 2.460000000000000142e+01 2.460000000000000142e+01
0.000000000000000000e+00 2.460000000000000142e+01 2.460000000000000142e+01
0.000000000000000000e+00 2.460000000000000142e+01 2.460000000000000142e+01
0.000000000000000000e+00 2.460000000000000142e+01 2.460000000000000142e+01
0.000000000000000000e+00 2.460000000000000142e+01 2.460000000000000142e+01
0.000000000000000000e+00 2.460000000000000142e+01 2.460000000000000142e+01
0.000000000000000000e+00 2.460000000000000142e+01 2.460000000000000142e+01
0.000000000000000000e+00 2.460000000000000142e+01 2.460000000000000142e+01
0.000000000000000000e+00 2.460000000000000142e+01 2.460000000000000142e+01
0.000000000000000000e+00 2.460000000000000142e+01 2.460000000000000142e+01
0.000000000000000000e+00 2.460000000000000142e+01 2.460000000000000142e+01
0.000000000000000000e+00 2.460000000000000142e+01 2.460000000000000142e+01
0.000000000000000000e+00 2.460000000000000142e+01 2.460000000000000142e+01
0.000000000000000000e+00 2.460000000000000142e+01 2.460000000000000142e+01
0.000000000000000000e+00 2.460000000000000142e+01 2.460000000000000142e+01
0.000000000000000000e+00 2.460000000000000142e+01 2.460000000000000142e+01
0.000000000000000000e+00 2.460000000000000142e+01 2.460000000000000142e+01
0.000000000000000000e+00 2.460000000000000142e+01 2.460000000000000142e+01
0.000000000000000000e+00 2.464999999999999858e+01 2.464999999999999858e+01
0.000000000000000000e+00 2.464999999999999858e+01 2.464999999999999858e+01
0.000000000000000000e+00 2.464999999999999858e+01 2.464999999999999858e+01
0.000000000000000000e+00 2.464999999999999858e+01 2.464999999999999858e+01
0.000000000000000000e+00 2.464999999999999858e+01 2.464999999999999858e+01
0.000000000000000000e+00 2.464999999999999858e+01 2.464999999999999858e+01
0.000000000000000000e+00 2.464999999999999858e+01 2.464999999999999858e+01
0.000000000000000000e+00 2.464999999999999858e+01 2.464999999999999858e+01
0.000000000000000000e+00 2.464999999999999858e+01 2.464999999999999858e+01
0.000000000000000000e+00 2.464999999999999858e+01 2.464999999999999858e+01
0.000000000000000000e+00 2.464999999999999858e+01 2.464999999999999858e+01
0.000000000000000000e+00 2.464999999999999858e+01 2.464999999999999858e+01
0.000000000000000000e+00 2.470000100000000032e+01 2.470000100000000032e+01
0.000000000000000000e+00 2.470000100000000032e+01 2.470000100000000032e+01
0.000000000000000000e+00 2.470000100000000032e+01 2.470000100000000032e+01
0.000000000000000000e+00 2.470000100000000032e+01 2.470000100000000032e+01
0.000000000000000000e+00 2.470000100000000032e+01 2.470000100000000032e+01
0.000000000000000000e+00 2.470000100000000032e+01 2.470000100000000032e+01
0.000000000000000000e+00 2.475000000000000000e+01 2.475000000000000000e+01
0.000000000000000000e+00 2.475000000000000000e+01 2.475000000000000000e+01
0.000000000000000000e+00 2.475000000000000000e+01 2.475000000000000000e+01
0.000000000000000000e+00 2.479999899999999968e+01 2.479999899999999968e+01
0.000000000000000000e+00 2.479999899999999968e+01 2.479999899999999968e+01
0.000000000000000000e+00 2.479999899999999968e+01 2.479999899999999968e+01
0.000000000000000000e+00 2.479999899999999968e+01 2.479999899999999968e+01
0.000000000000000000e+00 2.479999899999999968e+01 2.479999899999999968e+01
0.000000000000000000e+00 2.479999899999999968e+01 2.479999899999999968e+01
0.000000000000000000e+00 2.479999899999999968e+01 2.479999899999999968e+01
0.000000000000000000e+00 2.479999899999999968e+01 2.479999899999999968e+01
0.000000000000000000e+00 2.479999899999999968e+01 2.479999899999999968e+01
0.000000000000000000e+00 2.479999899999999968e+01 2.479999899999999968e+01
