137.676361 
137.655579 
137.651764 
137.638474 
137.729584 
137.714157 
137.650040 
137.739105 
137.883179 
138.591141 
138.641510 
138.893250 
139.428574 
139.554855 
139.610199 
140.308777 
141.002136 
141.987457 
142.217133 
142.487411 
142.763123 
142.868546 
143.008041 
143.251312 
143.301819 
143.588531 
143.952682 
144.067780 
144.201401 
144.483215 
144.570557 
144.976746 
144.881546 
145.104996 
145.157425 
145.517319 
145.562897 
145.539078 
145.438873 
145.572388 
145.999313 
146.239716 
146.356537 
146.563843 
146.644043 
147.163727 
147.253815 
147.317780 
147.267212 
147.658005 
147.842712 
148.237152 
148.290695 
148.313400 
148.706177 
148.956360 
148.894745 
148.958832 
149.064270 
149.173843 
149.482117 
149.762985 
150.451126 
150.717834 
150.674957 
150.771851 
150.743256 
150.943954 
151.200424 
151.696411 
152.026566 
151.988464 
152.064545 
152.179718 
152.114868 
152.337936 
152.399109 
152.517212 
152.560730 
152.496429 
152.966721 
152.908020 
152.990173 
152.948288 
153.190887 
153.221558 
153.442230 
153.556427 
153.580292 
153.658005 
153.623962 
153.722809 
153.638000 
153.699371 
153.831436 
153.892471 
153.934052 
154.176941 
154.172058 
154.397339 
154.471268 
154.391663 
154.636642 
154.818726 
154.958771 
155.497620 
155.613312 
155.719742 
155.637085 
155.757782 
156.044861 
156.296051 
156.515747 
156.506607 
156.574341 
156.516006 
156.640732 
157.034195 
157.178909 
157.244995 
157.185074 
157.142365 
157.449966 
157.566589 
157.786575 
157.753891 
157.833466 
158.032486 
158.245026 
158.356796 
158.237106 
158.172516 
158.326233 
158.157196 
158.208481 
158.326141 
158.431549 
158.624649 
158.757309 
158.961166 
159.291321 
159.189789 
159.727005 
159.705093 
159.688080 
159.651596 
159.758499 
159.876022 
159.973389 
160.396454 
160.396454 
160.729919 
160.808014 
160.884888 
160.919189 
160.936615 
160.898438 
161.024429 
161.300201 
161.190903 
161.067871 
161.158188 
161.546921 
161.494476 
161.593216 
161.565308 
161.622726 
161.583939 
161.583939 
161.804535 
161.973450 
162.239304 
162.471664 
162.309082 
162.214355 
162.365814 
162.300903 
162.429260 
162.406494 
162.778275 
162.762848 
162.801727 
162.777390 
163.009048 
163.090393 
163.208466 
163.172516 
163.212769 
163.104080 
163.035706 
163.271683 
163.235123 
163.207748 
163.311554 
163.517197 
163.550507 
163.593018 
163.689087 
163.655777 
163.728043 
163.699600 
163.812592 
163.927307 
163.879684 
163.802734 
164.179184 
164.073639 
164.107727 
164.223709 
164.223709 
164.370697 
164.331985 
164.423035 
164.542206 
164.449661 
164.377625 
164.352203 
164.429642 
164.345703 
164.460999 
164.426117 
164.319763 
164.441208 
164.330521 
164.273941 
164.230820 
164.168549 
164.421188 
164.378601 
164.354767 
164.436127 
164.536118 
164.872467 
164.871460 
164.957947 
164.942520 
164.809631 
164.742310 
164.962585 
164.912094 
165.054947 
165.448822 
165.554413 
165.799942 
165.710739 
165.719940 
165.777786 
165.796432 
165.666245 
165.907593 
165.937546 
165.937546 
166.185547 
166.110855 
166.110855 
166.291794 
166.223419 
166.206360 
166.079193 
165.927719 
165.992599 
166.059418 
165.965958 
166.168823 
166.284485 
166.533218 
166.585678 
166.505157 
166.596954 
166.546463 
166.758392 
166.696793 
166.794769 
166.720993 
166.824722 
166.824722 
166.824722 
166.914322 
166.746918 
166.696426 
166.696426 
166.669586 
166.734238 
166.683197 
166.762543 
167.150574 
167.154449 
167.113968 
167.253891 
167.328476 
167.575531 
167.675446 
167.675446 
167.635513 
167.586075 
167.544006 
167.509720 
167.420074 
167.403015 
167.543060 
167.408783 
167.548126 
167.686813 
167.622192 
167.762787 
167.762787 
167.705139 
167.705139 
167.672363 
168.057922 
168.030548 
168.030548 
168.030548 
167.979538 
167.914352 
167.914352 
167.914352 
168.035339 
168.097885 
168.239975 
168.207214 
168.273041 
168.553375 
168.420349 
168.420349 
168.386520 
168.346054 
168.346054 
168.258530 
168.334396 
168.474136 
168.474136 
168.613205 
168.470001 
168.437759 
168.535492 
168.535492 
168.470306 
168.387573 
168.527557 
168.388229 
168.388229 
168.527679 
168.527679 
168.392578 
168.671082 
168.556854 
168.468002 
168.607712 
168.706314 
168.656891 
168.656891 
168.937286 
168.887329 
168.887329 
168.758011 
168.758926 
168.758926 
168.659515 
168.609558 
168.609558 
168.587326 
168.515686 
168.655701 
168.886032 
168.886032 
168.886032 
168.886032 
168.853256 
168.952621 
168.952621 
168.952621 
168.994705 
168.994705 
168.953690 
168.889038 
168.799133 
168.799133 
168.938919 
168.938919 
168.938919 
169.010376 
169.149567 
169.128418 
168.962219 
169.102097 
169.241486 
169.092514 
169.509491 
169.509491 
169.748123 
169.887482 
169.962524 
169.962524 
169.897888 
169.848984 
169.816742 
170.095276 
170.023087 
169.924606 
169.885193 
169.845261 
169.845261 
169.831253 
169.831253 
169.905716 
170.044693 
169.995255 
169.805954 
169.805954 
169.805954 
170.089310 
170.315079 
170.265640 
170.265640 
170.201019 
170.069595 
169.953400 
170.232925 
170.183502 
170.183502 
170.118851 
170.118851 
170.118851 
170.217438 
170.502747 
170.452789 
170.452789 
170.452789 
170.452789 
170.452789 
170.403885 
170.403885 
170.542923 
170.542923 
170.460190 
170.411316 
170.411316 
170.208374 
170.347733 
170.487213 
170.487213 
170.487213 
170.447266 
170.447266 
170.407318 
170.407318 
170.407318 
170.407318 
170.375092 
170.375092 
170.791809 
170.752396 
171.030579 
171.030579 
171.030579 
171.030579 
171.030579 
171.030579 
171.170288 
171.170288 
171.170288 
171.119812 
171.119812 
171.119812 
171.087585 
171.007141 
171.031815 
171.031815 
170.982910 
170.918259 
170.918259 
171.018707 
171.018707 
170.991852 
170.991852 
170.991852 
170.991852 
170.991852 
170.942947 
170.942947 
170.942947 
171.017319 
171.017319 
171.017319 
170.952682 
170.952682 
170.822327 
170.822327 
170.822327 
170.822327 
170.773422 
170.773422 
170.773422 
170.724518 
171.003479 
171.003479 
171.092590 
171.092590 
170.989059 
170.989059 
171.081314 
171.016663 
171.156097 
171.156097 
171.195755 
171.195755 
171.336151 
171.336151 
171.336151 
171.287262 
171.247849 
171.247849 
171.247849 
171.247849 
171.388458 
171.324356 
171.324356 
171.324356 
171.298050 
171.233932 
171.233932 
171.233932 
171.233932 
171.233932 
171.233932 
171.233932 
171.233932 
171.143494 
171.094055 
171.029419 
171.029419 
171.029419 
171.029419 
170.933060 
170.933060 
170.867371 
170.867371 
170.867371 
171.006332 
171.006332 
171.080414 
171.219162 
171.219162 
171.219162 
171.115631 
171.115631 
171.115631 
171.115631 
171.393433 
171.393433 
171.361206 
171.311783 
171.311783 
171.311783 
171.311783 
171.451157 
171.525620 
171.664368 
171.599731 
171.599731 
171.599731 
171.673615 
171.673615 
171.640854 
171.591431 
171.591431 
171.730408 
171.730408 
171.730408 
171.730408 
171.730408 
171.730408 
171.821030 
171.821030 
171.821030 
171.756912 
171.756912 
171.708008 
171.708008 
171.659103 
171.659103 
171.659103 
171.748886 
171.748886 
171.748886 
171.748886 
171.748886 
171.888397 
172.027252 
172.027252 
172.027252 
172.027252 
172.027252 
172.027252 
172.027252 
172.027252 
172.027252 
172.027252 
171.987839 
171.987839 
171.987839 
172.126907 
172.126907 
172.087524 
172.226166 
172.226166 
172.226166 
172.226166 
172.226166 
172.226166 
172.226166 
172.161530 
172.161530 
172.161530 
172.251816 
172.327164 
172.327164 
172.278275 
172.214157 
172.214157 
172.214157 
172.214157 
172.214157 
172.149536 
172.428040 
172.363922 
172.363922 
172.265579 
172.265579 
172.216156 
172.216156 
172.216156 
172.216156 
172.167252 
172.167252 
172.103149 
172.103149 
172.039017 
172.039017 
172.178085 
172.317017 
172.317017 
172.267578 
172.202927 
172.293152 
172.229019 
172.164917 
172.164917 
172.304153 
172.239532 
172.378433 
172.378433 
172.378433 
172.378433 
172.378433 
172.378433 
172.378433 
172.378433 
172.378433 
172.216522 
172.216522 
172.216522 
172.216522 
172.216522 
172.355331 
172.355331 
172.355331 
172.355331 
172.355331 
172.430191 
172.430191 
172.708710 
172.708710 
172.644608 
172.644608 
172.743774 
172.743774 
172.743774 
172.743774 
172.743774 
172.743774 
172.743774 
172.679672 
172.679672 
172.679672 
172.679672 
172.679672 
172.615540 
172.615540 
172.755386 
172.755386 
172.755386 
172.755386 
172.755386 
172.755386 
172.755386 
172.691269 
172.691269 
172.691269 
172.691269 
172.691269 
172.691269 
172.691269 
172.691269 
172.691269 
172.691269 
172.691269 
172.969254 
172.904633 
172.904633 
172.904633 
172.904633 
172.904633 
173.043655 
173.043655 
173.043655 
173.182312 
173.182312 
173.182312 
173.182312 
173.182312 
173.182312 
173.182312 
173.182312 
173.182312 
173.182312 
173.118210 
173.118210 
173.118210 
173.118210 
173.118210 
173.118210 
173.118210 
173.054077 
173.054077 
173.054077 
173.192886 
173.192886 
173.331665 
173.331665 
173.331665 
173.282761 
173.282761 
173.282761 
173.282761 
173.282761 
173.282761 
173.282761 
173.282761 
173.233322 
173.372330 
173.372330 
173.372330 
173.511230 
173.511230 
173.511230 
173.511230 
173.446579 
173.446579 
173.585861 
173.521744 
173.521744 
173.596329 
173.532211 
173.532211 
173.468109 
173.468109 
173.468109 
173.468109 
173.607346 
173.607346 
173.607346 
173.607346 
173.607346 
173.607346 
173.607346 
173.607346 
173.607346 
173.746399 
173.885651 
173.821548 
173.821548 
173.821548 
173.821548 
173.821548 
173.821548 
173.821548 
173.821548 
173.821548 
173.821548 
173.821548 
173.821548 
173.821548 
173.757416 
173.757416 
173.757416 
173.757416 
173.757416 
173.757416 
173.757416 
173.692780 
173.692780 
173.692780 
173.692780 
173.692780 
173.831467 
173.831467 
173.831467 
173.831467 
173.831467 
173.831467 
173.831467 
173.767365 
173.767365 
173.767365 
173.767365 
173.767365 
173.767365 
173.767365 
173.767365 
173.703262 
173.654358 
173.654358 
173.654358 
173.654358 
173.654358 
173.793030 
173.728912 
173.728912 
173.728912 
173.728912 
173.664780 
173.664780 
173.664780 
173.664780 
173.664780 
173.664780 
173.664780 
173.664780 
173.664780 
173.664780 
173.664780 
173.664780 
173.664780 
173.664780 
173.664780 
173.664780 
173.804062 
173.804062 
173.804062 
173.804062 
173.804062 
173.804062 
173.804062 
173.804062 
173.804062 
173.804062 
173.804062 
173.804062 
173.804062 
173.804062 
173.804062 
173.804062 
173.804062 
173.804062 
173.804062 
173.804062 
173.804062 
173.675842 
173.675842 
173.675842 
173.675842 
173.675842 
173.675842 
173.675842 
173.675842 
173.675842 
173.675842 
173.675842 
173.675842 
173.675842 
173.675842 
173.675842 
173.675842 
173.675842 
173.675842 
173.611725 
173.611725 
173.611725 
173.547592 
173.547592 
173.547592 
173.547592 
173.547592 
173.547592 
173.547592 
173.547592 
173.547592 
173.824982 
173.824982 
173.824982 
173.824982 
173.824982 
173.824982 
173.824982 
173.824982 
173.824982 
173.824982 
173.824982 
173.760330 
173.760330 
173.760330 
173.760330 
173.760330 
173.760330 
173.760330 
173.760330 
173.760330 
173.760330 
173.760330 
173.760330 
173.760330 
173.899124 
173.899124 
173.899124 
174.038132 
174.038132 
174.038132 
174.038132 
174.038132 
174.038132 
174.038132 
174.038132 
174.038132 
173.973999 
173.973999 
173.973999 
173.973999 
173.973999 
173.973999 
173.973999 
173.973999 
173.973999 
173.973999 
173.973999 
173.973999 
173.973999 
173.973999 
173.973999 
173.973999 
173.973999 
173.973999 
173.973999 
174.112732 
174.251663 
174.251663 
174.251663 
174.251663 
174.251663 
174.251663 
174.251663 
174.187561 
174.187561 
174.187561 
174.187561 
174.187561 
174.187561 
174.187561 
174.187561 
174.187561 
174.187561 
174.187561 
174.187561 
174.187561 
174.187561 
174.187561 
174.123444 
174.123444 
174.123444 
174.123444 
174.123444 
174.123444 
174.123444 
174.123444 
174.123444 
174.123444 
174.123444 
174.123444 
174.123444 
174.123444 
174.123444 
174.123444 
174.123444 
174.123444 
174.123444 
174.123444 
174.123444 
174.123444 
174.123444 
