137.676361 
137.655579 
137.651764 
137.638474 
137.588135 
137.572708 
137.508591 
137.449203 
137.451248 
137.434387 
137.345886 
137.304138 
137.266556 
137.246002 
137.161606 
137.138245 
137.101685 
137.087601 
137.037338 
137.019547 
137.012054 
136.973480 
136.972931 
136.922943 
136.832184 
136.832184 
136.763580 
136.738297 
136.730743 
136.728989 
136.671936 
136.643494 
136.548294 
136.482712 
136.395798 
136.332809 
136.238235 
136.214417 
136.114197 
136.102310 
136.104431 
136.052673 
136.028275 
135.950562 
135.888214 
135.838043 
135.787216 
135.707825 
135.657242 
135.621735 
135.521729 
135.491440 
135.403290 
135.282654 
135.243683 
135.207016 
135.145386 
135.069611 
135.034973 
135.003845 
134.883698 
134.878067 
134.858887 
134.839432 
134.796539 
134.750977 
134.722382 
134.642044 
134.618042 
134.544113 
134.451355 
134.413239 
134.347061 
134.316498 
134.251663 
134.188705 
134.107956 
134.079620 
133.980042 
133.915741 
133.811478 
133.752777 
133.693726 
133.651810 
133.615524 
133.501907 
133.442444 
133.414597 
133.293274 
133.225540 
133.191483 
133.145432 
133.060608 
132.980453 
132.969574 
132.889465 
132.788834 
132.752991 
132.748108 
132.694565 
132.629150 
132.549545 
132.509247 
132.410049 
132.410049 
132.385483 
132.359772 
132.324219 
132.241547 
132.222595 
132.090454 
132.054459 
131.990601 
131.981461 
131.907455 
131.849106 
131.831741 
131.803925 
131.668411 
131.595734 
131.535828 
131.493118 
131.371536 
131.348236 
131.276230 
131.243530 
131.183395 
131.102722 
131.030090 
131.002182 
130.882507 
130.817886 
130.693192 
130.524155 
130.433685 
130.410934 
130.373108 
130.278442 
130.267044 
130.188354 
130.097595 
129.996048 
129.978180 
129.956268 
129.939255 
129.902786 
129.865662 
129.839386 
129.796585 
129.796585 
129.796585 
129.709045 
129.644135 
129.581909 
129.477463 
129.354935 
129.316757 
129.301865 
129.157562 
129.048248 
128.925232 
128.876541 
128.839432 
128.786987 
128.745453 
128.717545 
128.633591 
128.454056 
128.454056 
128.392944 
128.281830 
128.266937 
128.213928 
128.051331 
127.956612 
127.821465 
127.756546 
127.604584 
127.581825 
127.529205 
127.513786 
127.412659 
127.388313 
127.338699 
127.281311 
127.258026 
127.222069 
127.123436 
127.014763 
126.946388 
126.900871 
126.864296 
126.836922 
126.801506 
126.726669 
126.619431 
126.518669 
126.473709 
126.440407 
126.373642 
126.345207 
126.318359 
126.294014 
126.246399 
126.169441 
126.128448 
126.022911 
125.918182 
125.895416 
125.895416 
125.759903 
125.721184 
125.671974 
125.650276 
125.557732 
125.485672 
125.460266 
125.398537 
125.314598 
125.147995 
125.113106 
125.006744 
124.987579 
124.876907 
124.820320 
124.777199 
124.714935 
124.686493 
124.643906 
124.620087 
124.562675 
124.522209 
124.439140 
124.298607 
124.242020 
124.226601 
124.093712 
124.026390 
123.965683 
123.915184 
123.915184 
123.887810 
123.853447 
123.819305 
123.730110 
123.600143 
123.518028 
123.397568 
123.267372 
123.226906 
123.117165 
123.117165 
123.082275 
123.007576 
123.007576 
122.910782 
122.842392 
122.825340 
122.698166 
122.546661 
122.467728 
122.394485 
122.301033 
122.224991 
122.201180 
122.168945 
122.077980 
121.997459 
121.948387 
121.897903 
121.827927 
121.626526 
121.584991 
121.511223 
121.470222 
121.470222 
121.470222 
121.419739 
121.252350 
121.201859 
121.201859 
121.175011 
121.100174 
121.049149 
120.987938 
120.953049 
120.817703 
120.777229 
120.777229 
120.710457 
120.677155 
120.635628 
120.635628 
120.595680 
120.546249 
120.504189 
120.329437 
120.239792 
120.081009 
120.081009 
119.946709 
119.946709 
119.946709 
119.882072 
119.882072 
119.882072 
119.824425 
119.824425 
119.791649 
119.758347 
119.730980 
119.730980 
119.730980 
119.679955 
119.614777 
119.614777 
119.614777 
119.596130 
119.519989 
119.519989 
119.487213 
119.411858 
119.411858 
119.278831 
119.278831 
119.244987 
119.204521 
119.204521 
119.117012 
118.913254 
118.913254 
118.913254 
118.913254 
118.770050 
118.737801 
118.695206 
118.695206 
118.630028 
118.547295 
118.547295 
118.407959 
118.407959 
118.407959 
118.407959 
118.134041 
118.134041 
118.019798 
117.930946 
117.930946 
117.890472 
117.841034 
117.841034 
117.841034 
117.791077 
117.791077 
117.661758 
117.521881 
117.521881 
117.422493 
117.372528 
117.372528 
117.350304 
117.278641 
117.278641 
117.229744 
117.229744 
117.229744 
117.229744 
117.196976 
117.156502 
117.156502 
117.156502 
117.059090 
117.059090 
117.018097 
116.953461 
116.863556 
116.863556 
116.863556 
116.863556 
116.863556 
116.796249 
116.796249 
116.775101 
116.608917 
116.608917 
116.608917 
116.459953 
116.459953 
116.459953 
116.420540 
116.420540 
116.355896 
116.355896 
116.291260 
116.242363 
116.210129 
116.210129 
116.137939 
116.039474 
116.000061 
115.960106 
115.960106 
115.806633 
115.806633 
115.740929 
115.740929 
115.691498 
115.502174 
115.502174 
115.502174 
115.502174 
115.450623 
115.401192 
115.401192 
115.336555 
115.205147 
115.088943 
115.088943 
115.039513 
115.039513 
114.974876 
114.974876 
114.974876 
114.934395 
114.934395 
114.884430 
114.884430 
114.884430 
114.884430 
114.884430 
114.835541 
114.835541 
114.835541 
114.835541 
114.752800 
114.703896 
114.703896 
114.500977 
114.500977 
114.500977 
114.500977 
114.500977 
114.461037 
114.461037 
114.421097 
114.421097 
114.421097 
114.421097 
114.388855 
114.388855 
114.388855 
114.349457 
114.349457 
114.349457 
114.349457 
114.349457 
114.349457 
114.349457 
114.349457 
114.349457 
114.349457 
114.298958 
114.298958 
114.298958 
114.266708 
114.186302 
114.071159 
114.071159 
114.022255 
113.957619 
113.957619 
113.918205 
113.918205 
113.891357 
113.891357 
113.891357 
113.891357 
113.891357 
113.842453 
113.842453 
113.842453 
113.777809 
113.777809 
113.777809 
113.713173 
113.713173 
113.582825 
113.582825 
113.582825 
113.582825 
113.533928 
113.533928 
113.533928 
113.485031 
113.485031 
113.485031 
113.435059 
113.435059 
113.331535 
113.331535 
113.282097 
113.217461 
113.217461 
113.217461 
113.118065 
113.118065 
113.118065 
113.118065 
113.118065 
113.069168 
113.029755 
113.029755 
113.029755 
113.029755 
113.029755 
112.965645 
112.965645 
112.965645 
112.939323 
112.875214 
112.875214 
112.875214 
112.875214 
112.875214 
112.875214 
112.875214 
112.875214 
112.784775 
112.735344 
112.670700 
112.670700 
112.670700 
112.670700 
112.574348 
112.574348 
112.508644 
112.508644 
112.508644 
112.508644 
112.508644 
112.444000 
112.444000 
112.444000 
112.444000 
112.340477 
112.340477 
112.340477 
112.340477 
112.340477 
112.340477 
112.308243 
112.258812 
112.258812 
112.258812 
112.258812 
112.258812 
112.193634 
112.193634 
112.128998 
112.128998 
112.128998 
112.063820 
112.063820 
112.031044 
111.981613 
111.981613 
111.981613 
111.981613 
111.981613 
111.981613 
111.981613 
111.981613 
111.932709 
111.932709 
111.932709 
111.868591 
111.868591 
111.819687 
111.819687 
111.770790 
111.770790 
111.770790 
111.721893 
111.721893 
111.721893 
111.721893 
111.721893 
111.721893 
111.721893 
111.721893 
111.721893 
111.721893 
111.721893 
111.721893 
111.721893 
111.721893 
111.721893 
111.721893 
111.682480 
111.682480 
111.682480 
111.682480 
111.682480 
111.643066 
111.643066 
111.643066 
111.643066 
111.643066 
111.643066 
111.643066 
111.643066 
111.578430 
111.578430 
111.578430 
111.529518 
111.465408 
111.465408 
111.416512 
111.352402 
111.352402 
111.352402 
111.352402 
111.352402 
111.287766 
111.287766 
111.223656 
111.223656 
111.125313 
111.125313 
111.075882 
111.075882 
111.075882 
111.075882 
111.026985 
111.026985 
110.962860 
110.962860 
110.898750 
110.898750 
110.898750 
110.898750 
110.898750 
110.849327 
110.784691 
110.735779 
110.671669 
110.607559 
110.607559 
110.607559 
110.542908 
110.542908 
110.542908 
110.542908 
110.542908 
110.542908 
110.542908 
110.542908 
110.542908 
110.542908 
110.380997 
110.380997 
110.380997 
110.380997 
110.380997 
110.380997 
110.380997 
110.380997 
110.380997 
110.380997 
110.316872 
110.316872 
110.316872 
110.316872 
110.252762 
110.252762 
110.212822 
110.212822 
110.212822 
110.212822 
110.212822 
110.212822 
110.212822 
110.148712 
110.148712 
110.148712 
110.148712 
110.148712 
110.084602 
110.084602 
110.084602 
110.084602 
110.084602 
110.084602 
110.084602 
110.084602 
110.084602 
110.020485 
110.020485 
110.020485 
110.020485 
110.020485 
110.020485 
110.020485 
110.020485 
110.020485 
110.020485 
110.020485 
110.020485 
109.955849 
109.955849 
109.955849 
109.955849 
109.955849 
109.955849 
109.955849 
109.955849 
109.955849 
109.955849 
109.955849 
109.955849 
109.955849 
109.955849 
109.955849 
109.955849 
109.955849 
109.955849 
109.891731 
109.891731 
109.891731 
109.891731 
109.891731 
109.891731 
109.891731 
109.827614 
109.827614 
109.827614 
109.827614 
109.827614 
109.827614 
109.827614 
109.827614 
109.778709 
109.778709 
109.778709 
109.778709 
109.778709 
109.778709 
109.778709 
109.778709 
109.729279 
109.729279 
109.729279 
109.729279 
109.729279 
109.729279 
109.729279 
109.729279 
109.664642 
109.664642 
109.664642 
109.600517 
109.600517 
109.535881 
109.471756 
109.471756 
109.407646 
109.407646 
109.407646 
109.407646 
109.407646 
109.407646 
109.407646 
109.407646 
109.407646 
109.407646 
109.407646 
109.407646 
109.407646 
109.407646 
109.407646 
109.343529 
109.343529 
109.343529 
109.343529 
109.343529 
109.343529 
109.343529 
109.343529 
109.343529 
109.343529 
109.343529 
109.343529 
109.343529 
109.279411 
109.279411 
109.279411 
109.279411 
109.279411 
109.279411 
109.279411 
109.214775 
109.214775 
109.214775 
109.214775 
109.214775 
109.214775 
109.214775 
109.214775 
109.214775 
109.214775 
109.214775 
109.214775 
109.150665 
109.150665 
109.150665 
109.150665 
109.150665 
109.150665 
109.150665 
109.150665 
109.086555 
109.037659 
109.037659 
109.037659 
109.037659 
109.037659 
109.037659 
108.973541 
108.973541 
108.973541 
108.973541 
108.909431 
108.909431 
108.909431 
108.909431 
108.909431 
108.909431 
108.909431 
108.909431 
108.909431 
108.909431 
108.909431 
108.909431 
108.909431 
108.909431 
108.909431 
108.909431 
108.909431 
108.909431 
108.909431 
108.909431 
108.909431 
108.909431 
108.909431 
108.909431 
108.909431 
108.909431 
108.909431 
108.909431 
108.909431 
108.909431 
108.909431 
108.909431 
108.909431 
108.909431 
108.909431 
108.909431 
108.909431 
108.781204 
108.781204 
108.781204 
108.781204 
108.781204 
108.781204 
108.781204 
108.781204 
108.781204 
108.781204 
108.781204 
108.781204 
108.781204 
108.781204 
108.781204 
108.781204 
108.781204 
108.781204 
108.717087 
108.717087 
108.717087 
108.652977 
108.652977 
108.652977 
108.652977 
108.652977 
108.652977 
108.652977 
108.652977 
108.652977 
108.652977 
108.652977 
108.652977 
108.652977 
108.652977 
108.652977 
108.652977 
108.652977 
108.652977 
108.652977 
108.652977 
108.588341 
108.588341 
108.588341 
108.588341 
108.588341 
108.588341 
108.588341 
108.588341 
108.588341 
108.588341 
108.588341 
108.588341 
108.588341 
108.588341 
108.588341 
108.588341 
108.588341 
108.588341 
108.588341 
108.588341 
108.588341 
108.588341 
108.588341 
108.588341 
108.588341 
108.524231 
108.524231 
108.524231 
108.524231 
108.524231 
108.524231 
108.524231 
108.524231 
108.524231 
108.524231 
108.524231 
108.524231 
108.524231 
108.524231 
108.524231 
108.524231 
108.524231 
108.524231 
108.524231 
108.524231 
108.524231 
108.524231 
108.524231 
108.524231 
108.524231 
108.524231 
108.524231 
108.460114 
108.460114 
108.460114 
108.460114 
108.460114 
108.460114 
108.460114 
108.460114 
108.460114 
108.460114 
108.460114 
108.460114 
108.460114 
108.460114 
108.460114 
108.395996 
108.395996 
108.395996 
108.395996 
108.395996 
108.395996 
108.395996 
108.395996 
108.395996 
108.395996 
108.395996 
108.395996 
108.395996 
108.395996 
108.395996 
108.395996 
108.395996 
108.395996 
108.395996 
108.395996 
108.395996 
108.395996 
108.395996 
