0.130931 
0.130931 
0.118559 
0.116496 
0.118235 
0.122683 
0.126672 
0.128671 
0.129756 
0.126773 
0.144455 
0.146559 
0.148117 
0.146559 
0.155100 
0.157467 
0.159319 
0.160992 
0.168350 
0.166445 
0.168350 
0.176705 
0.179213 
0.179782 
0.178786 
0.178786 
0.193715 
0.197109 
0.199105 
0.198913 
0.204228 
0.212553 
0.220158 
0.225481 
0.237386 
0.236956 
0.242173 
0.241065 
0.262640 
0.261325 
0.261764 
0.263416 
0.261910 
0.261423 
0.269495 
0.266544 
0.268404 
0.282437 
0.292509 
0.298209 
0.305143 
0.309089 
0.304515 
0.333159 
0.333044 
0.334344 
0.339380 
0.337609 
0.338476 
0.338288 
0.339305 
0.338099 
0.338137 
0.337420 
0.336435 
0.338024 
0.334382 
0.331586 
0.328416 
0.332316 
0.337306 
0.342373 
0.343749 
0.348759 
0.346999 
0.356535 
0.362425 
0.362284 
0.354886 
0.359208 
0.384621 
0.384920 
0.383026 
0.387529 
0.385979 
0.387759 
0.392402 
0.392370 
0.403745 
0.413238 
0.408550 
0.408769 
0.410606 
0.416282 
0.416558 
0.423421 
0.435451 
0.434777 
0.436621 
0.433395 
0.434600 
0.449660 
0.449433 
0.450312 
0.450312 
0.447841 
0.444180 
0.446271 
0.464588 
0.461696 
0.454007 
0.461751 
0.470562 
0.468606 
0.480168 
0.480301 
0.476756 
0.475121 
0.484452 
0.480964 
0.477344 
0.467734 
0.463571 
0.466478 
0.477130 
0.472699 
0.474987 
0.475148 
0.483978 
0.490366 
0.493917 
0.484926 
0.483714 
0.485294 
0.491795 
0.495155 
0.495516 
0.491094 
0.489377 
0.489768 
0.497391 
0.501706 
0.500153 
0.498083 
0.494072 
0.494020 
0.496004 
0.493064 
0.495026 
0.495026 
0.495026 
0.492987 
0.495181 
0.492210 
0.487941 
0.480062 
0.478491 
0.476756 
0.481759 
0.479822 
0.497981 
0.496262 
0.496621 
0.491847 
0.500281 
0.503888 
0.517919 
0.506388 
0.506388 
0.503153 
0.503787 
0.501554 
0.505102 
0.508424 
0.505076 
0.513193 
0.509977 
0.513218 
0.513889 
0.519591 
0.516093 
0.512198 
0.508424 
0.515004 
0.513889 
0.512671 
0.509877 
0.515599 
0.518829 
0.530258 
0.530715 
0.530354 
0.533878 
0.531891 
0.543515 
0.571228 
0.569662 
0.572699 
0.577998 
0.593158 
0.592233 
0.597230 
0.593094 
0.588408 
0.589253 
0.578616 
0.582658 
0.583139 
0.582439 
0.582439 
0.592534 
0.596589 
0.587215 
0.589881 
0.587541 
0.585017 
0.578329 
0.582022 
0.573723 
0.575033 
0.572566 
0.574900 
0.570669 
0.587758 
0.586846 
0.583205 
0.581518 
0.578946 
0.576385 
0.571853 
0.565302 
0.571719 
0.574034 
0.594490 
0.592491 
0.587671 
0.599702 
0.608989 
0.604595 
0.611580 
0.611580 
0.611914 
0.609805 
0.602842 
0.603455 
0.608779 
0.609324 
0.613059 
0.610558 
0.614763 
0.607563 
0.607563 
0.602800 
0.595112 
0.595112 
0.592427 
0.592965 
0.592814 
0.610077 
0.592879 
0.594683 
0.603730 
0.606386 
0.591759 
0.585257 
0.592017 
0.599362 
0.591220 
0.589729 
0.593266 
0.584864 
0.597102 
0.593953 
0.595455 
0.594511 
0.594511 
0.594511 
0.597251 
0.592577 
0.594940 
0.594940 
0.595198 
0.591328 
0.590615 
0.584755 
0.577181 
0.573679 
0.574678 
0.574678 
0.576650 
0.575211 
0.570535 
0.570535 
0.574811 
0.583838 
0.576916 
0.582460 
0.571763 
0.584188 
0.584188 
0.583073 
0.583073 
0.583073 
0.599575 
0.599575 
0.599575 
0.585605 
0.585605 
0.586063 
0.583511 
0.579915 
0.579915 
0.579915 
0.576672 
0.587389 
0.587389 
0.587389 
0.580882 
0.580750 
0.580750 
0.580882 
0.570446 
0.570446 
0.561249 
0.561249 
0.555423 
0.554090 
0.554090 
0.532562 
0.517229 
0.517229 
0.517229 
0.517229 
0.496262 
0.499796 
0.486370 
0.486370 
0.496390 
0.496801 
0.496801 
0.505732 
0.505732 
0.505732 
0.505732 
0.498134 
0.498134 
0.486659 
0.497981 
0.497981 
0.494356 
0.499438 
0.499438 
0.499438 
0.499336 
0.499336 
0.505556 
0.505430 
0.505430 
0.508825 
0.507947 
0.507947 
0.501350 
0.496056 
0.496056 
0.506287 
0.506287 
0.506287 
0.506287 
0.503331 
0.498493 
0.498493 
0.498493 
0.507470 
0.507470 
0.498927 
0.510577 
0.508449 
0.508449 
0.508449 
0.508449 
0.508449 
0.497160 
0.497160 
0.495361 
0.491821 
0.491821 
0.491821 
0.481494 
0.481494 
0.481494 
0.485005 
0.485005 
0.495438 
0.495438 
0.505430 
0.513541 
0.513665 
0.513665 
0.511525 
0.504824 
0.507520 
0.504950 
0.504950 
0.517031 
0.517031 
0.513988 
0.513988 
0.514633 
0.530787 
0.530787 
0.530787 
0.530787 
0.515895 
0.516019 
0.516019 
0.523260 
0.515401 
0.502291 
0.502291 
0.501655 
0.501655 
0.508173 
0.508173 
0.508173 
0.499745 
0.499745 
0.493685 
0.493685 
0.493685 
0.493685 
0.493685 
0.499157 
0.499157 
0.499157 
0.499157 
0.488177 
0.493452 
0.493452 
0.501960 
0.501960 
0.501960 
0.501960 
0.501960 
0.496852 
0.496852 
0.491613 
0.491613 
0.491613 
0.491613 
0.489325 
0.489325 
0.489325 
0.489377 
0.489377 
0.489377 
0.489377 
0.489377 
0.489377 
0.489377 
0.489377 
0.489377 
0.489377 
0.477584 
0.477584 
0.477584 
0.475067 
0.458731 
0.447898 
0.447898 
0.452205 
0.456445 
0.456445 
0.455802 
0.455802 
0.447299 
0.447299 
0.447299 
0.447299 
0.447299 
0.451161 
0.451161 
0.451161 
0.454961 
0.454961 
0.454961 
0.458452 
0.458452 
0.450793 
0.450793 
0.450793 
0.450793 
0.453951 
0.453951 
0.453951 
0.456920 
0.456920 
0.456920 
0.447100 
0.447100 
0.457227 
0.457227 
0.452685 
0.454765 
0.454765 
0.454765 
0.439184 
0.439184 
0.439184 
0.439184 
0.439184 
0.441299 
0.438981 
0.438981 
0.438981 
0.438981 
0.438981 
0.449887 
0.449887 
0.449887 
0.444324 
0.454877 
0.454877 
0.454877 
0.454877 
0.454877 
0.454877 
0.454877 
0.454877 
0.429760 
0.423542 
0.424144 
0.424144 
0.424144 
0.424144 
0.428958 
0.428958 
0.414963 
0.414963 
0.414963 
0.414963 
0.414963 
0.414840 
0.414840 
0.414840 
0.414840 
0.420853 
0.420853 
0.420853 
0.420853 
0.420853 
0.420853 
0.414840 
0.407237 
0.407237 
0.407237 
0.407237 
0.407237 
0.398210 
0.398210 
0.397055 
0.397055 
0.397055 
0.387265 
0.387265 
0.374370 
0.365230 
0.365230 
0.365230 
0.365230 
0.365230 
0.365230 
0.365230 
0.365230 
0.364811 
0.364811 
0.364811 
0.374029 
0.374029 
0.373347 
0.373347 
0.372389 
0.372389 
0.372389 
0.371360 
0.371360 
0.371360 
0.371360 
0.371360 
0.371360 
0.371360 
0.371360 
0.371360 
0.371360 
0.371360 
0.371360 
0.371360 
0.371360 
0.371360 
0.371360 
0.365684 
0.365684 
0.365684 
0.365684 
0.365684 
0.359776 
0.359776 
0.359776 
0.359776 
0.359776 
0.359776 
0.359776 
0.359776 
0.356356 
0.356356 
0.356356 
0.354850 
0.362847 
0.362847 
0.360979 
0.368429 
0.368429 
0.368429 
0.368429 
0.368429 
0.364076 
0.364076 
0.371085 
0.371085 
0.356893 
0.356893 
0.344638 
0.344638 
0.344638 
0.344638 
0.341478 
0.341478 
0.347990 
0.347990 
0.354094 
0.354094 
0.354094 
0.354094 
0.354094 
0.340992 
0.334344 
0.330314 
0.335790 
0.340992 
0.340992 
0.340992 
0.333465 
0.333465 
0.333465 
0.333465 
0.333465 
0.333465 
0.333465 
0.333465 
0.333465 
0.333465 
0.328066 
0.328066 
0.328066 
0.328066 
0.328066 
0.328066 
0.328066 
0.328066 
0.328066 
0.328066 
0.332316 
0.332316 
0.332316 
0.332316 
0.336170 
0.336170 
0.317797 
0.317797 
0.317797 
0.317797 
0.317797 
0.317797 
0.317797 
0.321389 
0.321389 
0.321389 
0.321389 
0.321389 
0.324706 
0.324706 
0.324706 
0.324706 
0.324706 
0.324706 
0.324706 
0.324706 
0.324706 
0.327794 
0.327794 
0.327794 
0.327794 
0.327794 
0.327794 
0.327794 
0.327794 
0.327794 
0.327794 
0.327794 
0.327794 
0.317395 
0.317395 
0.317395 
0.317395 
0.317395 
0.317395 
0.317395 
0.317395 
0.317395 
0.317395 
0.317395 
0.317395 
0.317395 
0.317395 
0.317395 
0.317395 
0.317395 
0.317395 
0.320077 
0.320077 
0.320077 
0.320077 
0.320077 
0.320077 
0.320077 
0.322380 
0.322380 
0.322380 
0.322380 
0.322380 
0.322380 
0.322380 
0.322380 
0.315177 
0.315177 
0.315177 
0.315177 
0.315177 
0.315177 
0.315177 
0.315177 
0.296622 
0.296622 
0.296622 
0.296622 
0.296622 
0.296622 
0.296622 
0.296622 
0.283788 
0.283788 
0.283788 
0.285402 
0.285402 
0.271429 
0.272554 
0.272554 
0.273255 
0.273255 
0.273255 
0.273255 
0.273255 
0.273255 
0.273255 
0.273255 
0.273255 
0.273255 
0.273255 
0.273255 
0.273255 
0.273255 
0.273255 
0.273675 
0.273675 
0.273675 
0.273675 
0.273675 
0.273675 
0.273675 
0.273675 
0.273675 
0.273675 
0.273675 
0.273675 
0.273675 
0.273815 
0.273815 
0.273815 
0.273815 
0.273815 
0.273815 
0.273815 
0.257539 
0.257539 
0.257539 
0.257539 
0.257539 
0.257539 
0.257539 
0.257539 
0.257539 
0.257539 
0.257539 
0.257539 
0.256944 
0.256944 
0.256944 
0.256944 
0.256944 
0.256944 
0.256944 
0.256944 
0.256049 
0.243748 
0.243748 
0.243748 
0.243748 
0.243748 
0.243748 
0.242226 
0.242226 
0.242226 
0.242226 
0.240270 
0.240270 
0.240270 
0.240270 
0.240270 
0.240270 
0.240270 
0.240270 
0.240270 
0.240270 
0.240270 
0.240270 
0.240270 
0.240270 
0.240270 
0.240270 
0.240270 
0.240270 
0.240270 
0.240270 
0.240270 
0.240270 
0.240270 
0.240270 
0.240270 
0.240270 
0.240270 
0.240270 
0.240270 
0.240270 
0.240270 
0.240270 
0.240270 
0.240270 
0.240270 
0.240270 
0.240270 
0.235444 
0.235444 
0.235444 
0.235444 
0.235444 
0.235444 
0.235444 
0.235444 
0.235444 
0.235444 
0.235444 
0.235444 
0.235444 
0.235444 
0.235444 
0.235444 
0.235444 
0.235444 
0.232390 
0.232390 
0.232390 
0.228906 
0.228906 
0.228906 
0.228906 
0.228906 
0.228906 
0.228906 
0.228906 
0.228906 
0.228906 
0.228906 
0.228906 
0.228906 
0.228906 
0.228906 
0.228906 
0.228906 
0.228906 
0.228906 
0.228906 
0.205225 
0.205225 
0.205225 
0.205225 
0.205225 
0.205225 
0.205225 
0.205225 
0.205225 
0.205225 
0.205225 
0.205225 
0.205225 
0.205225 
0.205225 
0.205225 
0.205225 
0.205225 
0.205225 
0.205225 
0.205225 
0.205225 
0.205225 
0.205225 
0.205225 
0.200382 
0.200382 
0.200382 
0.200382 
0.200382 
0.200382 
0.200382 
0.200382 
0.200382 
0.200382 
0.200382 
0.200382 
0.200382 
0.200382 
0.200382 
0.200382 
0.200382 
0.200382 
0.200382 
0.200382 
0.200382 
0.200382 
0.200382 
0.200382 
0.200382 
0.200382 
0.200382 
0.195158 
0.195158 
0.195158 
0.195158 
0.195158 
0.195158 
0.195158 
0.195158 
0.195158 
0.195158 
0.195158 
0.195158 
0.195158 
0.195158 
0.195158 
0.189319 
0.189319 
0.189319 
0.189319 
0.189319 
0.189319 
0.189319 
0.189319 
0.189319 
0.189319 
0.189319 
0.189319 
0.189319 
0.189319 
0.189319 
0.189319 
0.189319 
0.189319 
0.189319 
0.189319 
0.189319 
0.189319 
0.189319 
