0.130931 
0.130931 
0.118559 
0.116496 
0.197432 
0.200255 
0.203665 
0.255950 
0.297266 
0.383891 
0.396509 
0.445871 
0.470426 
0.485215 
0.542904 
0.550765 
0.538872 
0.507294 
0.492805 
0.512397 
0.496801 
0.483846 
0.472591 
0.457645 
0.487183 
0.527363 
0.569506 
0.579409 
0.583401 
0.585235 
0.569730 
0.576894 
0.586063 
0.543233 
0.556914 
0.529391 
0.549304 
0.550603 
0.562429 
0.573123 
0.536476 
0.523431 
0.528716 
0.514881 
0.534093 
0.556639 
0.591953 
0.596461 
0.594790 
0.652390 
0.634831 
0.633221 
0.650196 
0.676651 
0.707720 
0.688017 
0.695760 
0.706854 
0.702474 
0.718381 
0.749149 
0.732622 
0.752445 
0.762548 
0.755895 
0.722277 
0.719126 
0.709879 
0.721181 
0.783308 
0.737342 
0.743063 
0.764553 
0.758960 
0.758523 
0.790698 
0.800255 
0.785065 
0.775617 
0.788437 
0.731158 
0.738448 
0.764920 
0.765620 
0.730564 
0.733596 
0.760471 
0.782135 
0.772816 
0.772420 
0.773773 
0.803881 
0.802070 
0.813533 
0.835012 
0.839673 
0.881065 
0.870462 
0.871370 
0.855266 
0.804801 
0.821522 
0.814223 
0.847295 
0.856994 
0.914788 
0.912135 
0.904439 
0.920681 
0.927637 
0.872482 
0.859936 
0.876042 
0.874205 
0.852697 
0.855892 
0.855206 
0.887728 
0.889393 
0.879123 
0.878368 
0.873972 
0.942992 
0.956823 
0.974339 
0.970772 
0.967587 
0.955275 
0.947553 
0.949893 
0.950188 
0.940961 
0.933777 
0.930657 
0.952735 
0.987137 
1.003158 
1.027976 
1.030504 
1.082490 
1.063734 
1.075065 
1.132385 
1.130107 
1.128730 
1.129769 
1.158333 
1.183022 
1.155532 
1.172038 
1.172038 
1.132520 
1.119448 
1.104167 
1.082160 
1.082538 
1.082820 
1.069164 
1.106198 
1.117737 
1.130288 
1.097888 
1.056370 
1.055404 
1.075990 
1.083880 
1.099698 
1.085926 
1.085926 
1.075872 
1.094839 
1.090778 
1.125198 
1.127735 
1.121906 
1.113805 
1.103219 
1.091222 
1.094210 
1.136567 
1.133038 
1.150244 
1.154472 
1.128752 
1.099606 
1.126581 
1.130153 
1.081146 
1.083292 
1.093137 
1.134636 
1.126558 
1.128820 
1.155356 
1.170819 
1.178377 
1.186252 
1.137712 
1.141562 
1.150200 
1.154340 
1.126965 
1.092157 
1.089772 
1.092320 
1.063326 
1.069856 
1.057625 
1.093580 
1.093580 
1.154649 
1.155510 
1.178723 
1.153477 
1.147735 
1.135984 
1.130965 
1.134771 
1.134231 
1.134546 
1.140019 
1.145443 
1.141606 
1.152770 
1.163409 
1.169816 
1.165315 
1.168529 
1.164855 
1.158619 
1.162619 
1.186875 
1.210878 
1.232386 
1.263317 
1.262246 
1.265153 
1.257366 
1.244703 
1.252772 
1.232158 
1.239980 
1.219548 
1.231413 
1.229941 
1.256148 
1.250877 
1.234640 
1.232179 
1.247242 
1.230003 
1.230003 
1.223015 
1.213676 
1.213676 
1.193883 
1.185241 
1.187456 
1.195911 
1.185972 
1.180323 
1.203290 
1.202994 
1.198660 
1.179156 
1.224287 
1.235425 
1.227720 
1.199256 
1.190974 
1.169641 
1.198702 
1.236829 
1.220091 
1.239157 
1.239157 
1.239157 
1.209444 
1.207608 
1.217517 
1.217517 
1.215546 
1.212057 
1.213992 
1.229153 
1.262751 
1.236127 
1.238972 
1.227533 
1.228281 
1.258623 
1.278132 
1.278132 
1.274114 
1.270927 
1.265919 
1.266644 
1.258177 
1.278671 
1.298508 
1.288450 
1.304056 
1.296581 
1.295380 
1.281740 
1.281740 
1.276255 
1.276255 
1.279130 
1.281302 
1.282257 
1.282257 
1.282257 
1.285536 
1.288925 
1.288925 
1.288925 
1.316070 
1.309892 
1.315547 
1.311313 
1.310281 
1.344547 
1.338595 
1.338595 
1.335829 
1.343617 
1.343617 
1.339757 
1.319729 
1.312032 
1.312032 
1.314965 
1.299293 
1.304349 
1.312479 
1.312479 
1.323859 
1.313645 
1.281919 
1.296857 
1.296857 
1.284146 
1.284146 
1.306264 
1.275035 
1.272211 
1.261296 
1.284702 
1.295695 
1.287855 
1.287855 
1.342287 
1.327207 
1.327207 
1.344699 
1.365799 
1.365799 
1.364043 
1.365146 
1.365146 
1.360747 
1.362789 
1.380790 
1.458140 
1.458140 
1.458140 
1.458140 
1.457948 
1.445348 
1.445348 
1.445348 
1.464007 
1.464007 
1.462351 
1.468235 
1.464599 
1.464599 
1.428768 
1.428768 
1.428768 
1.401147 
1.429660 
1.432103 
1.434239 
1.424387 
1.428321 
1.417601 
1.396314 
1.396314 
1.388289 
1.358984 
1.348052 
1.348052 
1.328360 
1.329147 
1.324263 
1.317020 
1.316574 
1.306284 
1.310125 
1.311818 
1.311818 
1.267953 
1.267953 
1.265113 
1.266000 
1.264467 
1.257163 
1.257163 
1.257163 
1.300294 
1.282118 
1.286389 
1.286389 
1.279888 
1.272251 
1.261114 
1.253526 
1.263741 
1.263741 
1.257812 
1.257812 
1.257812 
1.285020 
1.321853 
1.324225 
1.324225 
1.324225 
1.324225 
1.324225 
1.320154 
1.320154 
1.318317 
1.318317 
1.320598 
1.332445 
1.332445 
1.342040 
1.337051 
1.320270 
1.320270 
1.320270 
1.317852 
1.317852 
1.319651 
1.319651 
1.319651 
1.319651 
1.322181 
1.322181 
1.366098 
1.357876 
1.363294 
1.363294 
1.363294 
1.363294 
1.363294 
1.363294 
1.399380 
1.399380 
1.399380 
1.395309 
1.395309 
1.395309 
1.401348 
1.404584 
1.397282 
1.397282 
1.398742 
1.414087 
1.414087 
1.429089 
1.429089 
1.429393 
1.429393 
1.429393 
1.429393 
1.429393 
1.411198 
1.411198 
1.411198 
1.390382 
1.390382 
1.390382 
1.398742 
1.398742 
1.397903 
1.397903 
1.397903 
1.397903 
1.389557 
1.389557 
1.389557 
1.380957 
1.364286 
1.364286 
1.392124 
1.392124 
1.412083 
1.412083 
1.412065 
1.407143 
1.392820 
1.392820 
1.391006 
1.391006 
1.372842 
1.372842 
1.372842 
1.369884 
1.370386 
1.370386 
1.370386 
1.370386 
1.398304 
1.396716 
1.396716 
1.396716 
1.389869 
1.408484 
1.408484 
1.408484 
1.408484 
1.408484 
1.408484 
1.408484 
1.408484 
1.402458 
1.401803 
1.403730 
1.403730 
1.403730 
1.403730 
1.404039 
1.404039 
1.401056 
1.401056 
1.401056 
1.407795 
1.407795 
1.393864 
1.371968 
1.371968 
1.371968 
1.369865 
1.369865 
1.369865 
1.369865 
1.359096 
1.359096 
1.351209 
1.361197 
1.361197 
1.361197 
1.361197 
1.322837 
1.351284 
1.339776 
1.342363 
1.342363 
1.342363 
1.340652 
1.340652 
1.342059 
1.347352 
1.347352 
1.351322 
1.351322 
1.351322 
1.351322 
1.351322 
1.351322 
1.377072 
1.377072 
1.377072 
1.369306 
1.369306 
1.376905 
1.376905 
1.378719 
1.378719 
1.378719 
1.350378 
1.350378 
1.350378 
1.350378 
1.350378 
1.349641 
1.405528 
1.405528 
1.405528 
1.405528 
1.405528 
1.405528 
1.405528 
1.405528 
1.405528 
1.405528 
1.397629 
1.397629 
1.397629 
1.408882 
1.408882 
1.401111 
1.404039 
1.404039 
1.404039 
1.404039 
1.404039 
1.404039 
1.404039 
1.413889 
1.413889 
1.413889 
1.393773 
1.418662 
1.418662 
1.420980 
1.394267 
1.394267 
1.394267 
1.394267 
1.394267 
1.384259 
1.393352 
1.406363 
1.406363 
1.424602 
1.424602 
1.429803 
1.429803 
1.429803 
1.429803 
1.427249 
1.427249 
1.439547 
1.439547 
1.426212 
1.426212 
1.423258 
1.424566 
1.424566 
1.429874 
1.439317 
1.428446 
1.421805 
1.427571 
1.427571 
1.447359 
1.443794 
1.404784 
1.404784 
1.404784 
1.404784 
1.404784 
1.404784 
1.404784 
1.404784 
1.404784 
1.398578 
1.398578 
1.398578 
1.398578 
1.398578 
1.404058 
1.404058 
1.404058 
1.404058 
1.404058 
1.420280 
1.420280 
1.469538 
1.469538 
1.469312 
1.469312 
1.473317 
1.473317 
1.473317 
1.473317 
1.473317 
1.473317 
1.473317 
1.473057 
1.473057 
1.473057 
1.473057 
1.473057 
1.473456 
1.473456 
1.483928 
1.483928 
1.483928 
1.483928 
1.483928 
1.483928 
1.483928 
1.496186 
1.496186 
1.496186 
1.496186 
1.496186 
1.496186 
1.496186 
1.496186 
1.496186 
1.496186 
1.496186 
1.503940 
1.519482 
1.519482 
1.519482 
1.519482 
1.519482 
1.495793 
1.495793 
1.495793 
1.485354 
1.485354 
1.485354 
1.485354 
1.485354 
1.485354 
1.485354 
1.485354 
1.485354 
1.485354 
1.491507 
1.491507 
1.491507 
1.491507 
1.491507 
1.491507 
1.491507 
1.510051 
1.510051 
1.510051 
1.564856 
1.564856 
1.580267 
1.580267 
1.580267 
1.569349 
1.569349 
1.569349 
1.569349 
1.569349 
1.569349 
1.569349 
1.569349 
1.570357 
1.566258 
1.566258 
1.566258 
1.530156 
1.530156 
1.530156 
1.530156 
1.534019 
1.534019 
1.509984 
1.504381 
1.504381 
1.516811 
1.529572 
1.529572 
1.523774 
1.523774 
1.523774 
1.523774 
1.524527 
1.524527 
1.524527 
1.524527 
1.524527 
1.524527 
1.524527 
1.524527 
1.524527 
1.513966 
1.488922 
1.495981 
1.495981 
1.495981 
1.495981 
1.495981 
1.495981 
1.495981 
1.495981 
1.495981 
1.495981 
1.495981 
1.495981 
1.495981 
1.497157 
1.497157 
1.497157 
1.497157 
1.497157 
1.497157 
1.497157 
1.495316 
1.495316 
1.495316 
1.495316 
1.495316 
1.523054 
1.523054 
1.523054 
1.523054 
1.523054 
1.523054 
1.523054 
1.529539 
1.529539 
1.529539 
1.529539 
1.529539 
1.529539 
1.529539 
1.529539 
1.530506 
1.538619 
1.538619 
1.538619 
1.538619 
1.538619 
1.533320 
1.540441 
1.540441 
1.540441 
1.540441 
1.535581 
1.535581 
1.535581 
1.535581 
1.535581 
1.535581 
1.535581 
1.535581 
1.535581 
1.535581 
1.535581 
1.535581 
1.535581 
1.535581 
1.535581 
1.535581 
1.536976 
1.536976 
1.536976 
1.536976 
1.536976 
1.536976 
1.536976 
1.536976 
1.536976 
1.536976 
1.536976 
1.536976 
1.536976 
1.536976 
1.536976 
1.536976 
1.536976 
1.536976 
1.536976 
1.536976 
1.536976 
1.520087 
1.520087 
1.520087 
1.520087 
1.520087 
1.520087 
1.520087 
1.520087 
1.520087 
1.520087 
1.520087 
1.520087 
1.520087 
1.520087 
1.520087 
1.520087 
1.520087 
1.520087 
1.520942 
1.520942 
1.520942 
1.521697 
1.521697 
1.521697 
1.521697 
1.521697 
1.521697 
1.521697 
1.521697 
1.521697 
1.525849 
1.525849 
1.525849 
1.525849 
1.525849 
1.525849 
1.525849 
1.525849 
1.525849 
1.525849 
1.525849 
1.542411 
1.542411 
1.542411 
1.542411 
1.542411 
1.542411 
1.542411 
1.542411 
1.542411 
1.542411 
1.542411 
1.542411 
1.542411 
1.537358 
1.537358 
1.537358 
1.565899 
1.565899 
1.565899 
1.565899 
1.565899 
1.565899 
1.565899 
1.565899 
1.565899 
1.572597 
1.572597 
1.572597 
1.572597 
1.572597 
1.572597 
1.572597 
1.572597 
1.572597 
1.572597 
1.572597 
1.572597 
1.572597 
1.572597 
1.572597 
1.572597 
1.572597 
1.572597 
1.572597 
1.585763 
1.574024 
1.574024 
1.574024 
1.574024 
1.574024 
1.574024 
1.574024 
1.575077 
1.575077 
1.575077 
1.575077 
1.575077 
1.575077 
1.575077 
1.575077 
1.575077 
1.575077 
1.575077 
1.575077 
1.575077 
1.575077 
1.575077 
1.593930 
1.593930 
1.593930 
1.593930 
1.593930 
1.593930 
1.593930 
1.593930 
1.593930 
1.593930 
1.593930 
1.593930 
1.593930 
1.593930 
1.593930 
1.593930 
1.593930 
1.593930 
1.593930 
1.593930 
1.593930 
1.593930 
1.593930 
