0.075809 0.114856 
0.077932 0.095789 
0.083837 0.103016 
0.078558 0.115175 
0.094761 0.157247 
0.094761 0.103648 
0.070218 0.113605 
0.082065 0.099959 
0.079591 0.120577 
0.067370 0.127167 
0.088571 0.103016 
0.082264 0.151859 
0.089260 0.122857 
0.073457 0.104745 
0.065714 0.120577 
0.078818 0.117942 
0.074560 0.127423 
0.079591 0.113713 
0.057143 0.131055 
0.065465 0.122591 
0.067673 0.123520 
0.061012 0.127167 
0.071429 0.135707 
0.085714 0.127903 
0.068868 0.116549 
0.083837 0.128698 
0.083837 0.128571 
0.068868 0.113892 
0.074560 0.124573 
0.064143 0.122191 
0.061012 0.099959 
0.082065 0.097980 
0.071429 0.131055 
0.074997 0.129331 
0.068868 0.128698 
0.087785 0.108006 
0.071429 0.105984 
0.070218 0.119728 
0.086142 0.124573 
0.071429 0.110657 
0.076931 0.119044 
0.071429 0.132911 
0.089260 0.106904 
0.059178 0.135707 
0.068868 0.102260 
0.084564 0.118666 
0.091071 0.151078 
0.081014 0.124671 
0.077932 0.139416 
0.083593 0.148021 
0.071429 0.129961 
0.097980 0.131055 
0.107248 0.135496 
0.085714 0.115564 
0.071429 0.105405 
0.073457 0.124540 
0.085189 0.121252 
0.077932 0.127263 
0.085714 0.101257 
0.059178 0.145237 
0.076931 0.124409 
0.088571 0.145574 
0.082065 0.172402 
0.077932 0.131708 
0.061012 0.138476 
0.068868 0.141392 
0.093939 0.113605 
0.080255 0.116549 
0.059178 0.174940 
0.078818 0.123255 
0.069341 0.143570 
0.077932 0.125877 
0.079591 0.154814 
0.082065 0.150753 
0.083005 0.133890 
0.068868 0.124014 
0.064143 0.144250 
0.090351 0.107057 
0.070218 0.136905 
0.061012 0.126620 
0.071429 0.119728 
0.071429 0.122691 
0.071429 0.130931 
0.082065 0.130431 
0.071429 0.123354 
0.063888 0.118804 
0.065714 0.137024 
0.061875 0.132203 
0.078558 0.125487 
0.075809 0.092317 
0.070218 0.138917 
0.079591 0.142886 
0.090351 0.146385 
0.070218 0.122191 
0.059178 0.132911 
0.090756 0.156388 
0.083005 0.138917 
0.077143 0.129331 
0.071429 0.130962 
0.090351 0.119044 
0.068571 0.124540 
0.083005 0.144674 
0.049570 0.132203 
0.091429 0.118804 
0.073457 0.142857 
0.070218 0.152904 
0.076931 0.129804 
0.059178 0.161220 
0.074560 0.173064 
0.090531 0.149584 
0.076931 0.163358 
0.076931 0.135255 
0.064143 0.137024 
0.059178 0.149803 
0.075593 0.119489 
0.099345 0.153437 
0.069985 0.108459 
0.099837 0.130431 
0.072506 0.136905 
0.084564 0.135496 
0.073179 0.122424 
0.059178 0.155340 
0.091473 0.144250 
0.098520 0.139854 
0.072506 0.141161 
0.054884 0.112450 
0.092317 0.136546 
0.086897 0.132203 
0.070218 0.132203 
0.059178 0.153862 
0.073457 0.124014 
0.074560 0.138476 
0.063888 0.130431 
0.080812 0.145686 
0.067370 0.170497 
0.080255 0.127807 
0.089488 0.135947 
0.083837 0.158591 
0.082065 0.202515 
0.052372 0.160840 
0.074560 0.151213 
0.061875 0.171429 
0.070218 0.120678 
0.072506 0.139854 
0.067370 0.157428 
0.068868 0.159719 
0.089260 0.153437 
0.073457 0.144674 
0.083005 0.122857 
0.072506 0.138476 
0.061012 0.161650 
0.057143 0.148462 
0.086897 0.141161 
0.071429 0.105714 
0.093066 0.105211 
0.095148 0.154946 
0.082264 0.135104 
0.079847 0.147053 
0.093066 0.116023 
0.092317 0.171047 
0.070508 0.155550 
0.051508 0.144674 
0.085905 0.133890 
0.074560 0.135496 
0.065465 0.136097 
0.063888 0.160128 
0.057143 0.127263 
0.085905 0.143570 
0.080255 0.160840 
0.107248 0.150753 
0.074560 0.159719 
0.085714 0.158976 
0.061012 0.145686 
0.067370 0.143570 
0.076931 0.132203 
0.065714 0.153437 
0.086897 0.176705 
0.071657 0.142743 
0.085189 0.139503 
0.071429 0.122591 
0.065714 0.128571 
0.059178 0.141594 
0.080255 0.133890 
0.078818 0.120000 
0.054884 0.130931 
0.078818 0.124540 
0.075809 0.121252 
0.078558 0.127775 
0.071657 0.126136 
0.078558 0.169633 
0.062662 0.160713 
0.067370 0.160713 
0.068868 0.143683 
0.068868 0.148021 
0.071429 0.142399 
0.069985 0.154524 
0.078818 0.151078 
0.074560 0.138917 
0.054884 0.151213 
0.054884 0.152503 
0.082065 0.166206 
0.068868 0.152503 
0.071429 0.157558 
0.066639 0.130431 
0.071429 0.161852 
0.061875 0.140698 
0.098974 0.143570 
0.078558 0.128920 
0.057143 0.144250 
0.062662 0.158976 
0.084564 0.146385 
0.085189 0.173793 
0.067673 0.170856 
0.095789 0.169898 
0.089852 0.175220 
0.073457 0.135496 
0.068868 0.159079 
0.083837 0.149147 
0.077932 0.162857 
0.078818 0.144250 
0.090531 0.155682 
0.068153 0.160636 
0.072506 0.142399 
0.057143 0.154524 
0.075809 0.142886 
0.115175 0.124409 
0.065714 0.146830 
0.083005 0.165517 
0.087785 0.127903 
0.070218 0.117803 
0.057143 0.157143 
0.079591 0.139971 
0.086142 0.149993 
0.095447 0.127263 
0.070218 0.150211 
0.067370 0.182074 
0.107703 0.149147 
0.077143 0.156596 
0.065714 0.142857 
0.085714 0.128920 
0.073457 0.137024 
0.107817 0.163657 
0.067370 0.132449 
0.074560 0.184634 
0.079591 0.157946 
0.083837 0.135496 
0.088571 0.157765 
0.059178 0.153862 
0.057143 0.170856 
0.078558 0.122057 
0.059659 0.143570 
0.073900 0.127263 
0.085905 0.166501 
0.067370 0.172757 
0.070218 0.142743 
0.054511 0.118666 
0.070218 0.141825 
0.078818 0.145237 
0.068868 0.138240 
0.062662 0.152503 
0.078818 0.155340 
0.070218 0.164130 
0.081014 0.144674 
0.079847 0.163358 
0.063888 0.151213 
0.071429 0.168281 
0.057143 0.156492 
0.067370 0.154629 
0.068868 0.145714 
0.054884 0.142971 
0.105984 0.154524 
0.088571 0.157946 
0.046423 0.125877 
0.079591 0.151186 
0.059178 0.113713 
0.071429 0.149666 
0.073179 0.169537 
0.059659 0.129804 
0.070218 0.151859 
0.070218 0.183503 
0.074560 0.163158 
0.071429 0.166599 
0.070218 0.158796 
0.072506 0.160204 
0.088571 0.162154 
0.068868 0.176335 
0.073179 0.192958 
0.068868 0.164751 
0.067370 0.143882 
0.076931 0.147468 
0.076931 0.163857 
0.091071 0.153888 
0.063888 0.141392 
0.065714 0.142886 
0.069985 0.130931 
0.077932 0.141969 
0.061012 0.161725 
0.070218 0.151294 
0.077143 0.177143 
0.070218 0.135104 
0.057143 0.154524 
0.072506 0.153437 
0.085905 0.153756 
0.089852 0.138240 
0.075593 0.144024 
0.085714 0.140698 
0.065714 0.145237 
0.107817 0.177143 
0.083005 0.142399 
0.079591 0.156492 
0.073457 0.175220 
0.064143 0.141969 
0.076931 0.119215 
0.076931 0.117247 
0.074560 0.115317 
0.085189 0.151967 
0.068868 0.125714 
0.079591 0.130587 
0.076931 0.172946 
0.076931 0.148461 
0.066148 0.178177 
0.074560 0.153224 
0.076931 0.149666 
0.065714 0.155472 
0.078558 0.129078 
0.085189 0.127647 
0.061875 0.120678 
0.082065 0.134892 
0.090756 0.189284 
0.081014 0.176126 
0.074286 0.167673 
0.118632 0.179818 
0.076931 0.193781 
0.083005 0.163532 
0.064143 0.127775 
0.077932 0.142886 
0.094761 0.140087 
0.103844 0.157143 
0.084564 0.170378 
0.063888 0.148021 
0.083837 0.142886 
0.061875 0.122424 
0.076931 0.137024 
0.070218 0.167210 
0.074560 0.148462 
0.074560 0.164130 
0.067370 0.153888 
0.073457 0.129804 
0.062662 0.138240 
0.085714 0.153357 
0.084805 0.144589 
0.085189 0.142971 
0.073179 0.137024 
0.070218 0.143882 
0.068868 0.163657 
0.057143 0.135496 
0.075809 0.138682 
0.062662 0.145686 
0.081014 0.149257 
0.054884 0.136905 
0.067370 0.127647 
0.061875 0.131708 
0.059178 0.130962 
0.061875 0.128571 
0.077143 0.146914 
0.063888 0.175685 
0.062662 0.171429 
0.077932 0.147607 
0.077932 0.164528 
0.082065 0.169898 
0.067370 0.129552 
0.081014 0.120170 
0.059659 0.122057 
0.048149 0.164751 
0.059178 0.180724 
0.063888 0.156388 
0.061012 0.156492 
0.065714 0.158462 
0.054884 0.164130 
0.061012 0.155865 
0.061012 0.191002 
0.073900 0.192958 
0.067370 0.172757 
0.057214 0.154629 
0.070218 0.141161 
0.078818 0.132203 
0.069985 0.103055 
0.075809 0.150211 
0.092317 0.142857 
0.074560 0.130806 
0.081014 0.142971 
0.067370 0.129961 
0.057143 0.149993 
0.084805 0.156388 
0.070218 0.180702 
0.057143 0.123354 
0.077143 0.165517 
0.071657 0.159821 
0.057214 0.146691 
0.096637 0.125877 
0.046423 0.169031 
0.063888 0.155156 
0.063888 0.137766 
0.079847 0.151213 
0.059659 0.137143 
0.065714 0.200510 
0.074560 0.149803 
0.066148 0.134042 
0.061012 0.161624 
0.059659 0.122857 
0.080812 0.127263 
0.061875 0.163532 
0.052372 0.150211 
0.061012 0.155025 
0.065714 0.138682 
0.078818 0.157428 
0.052372 0.134771 
0.054884 0.135104 
0.046423 0.174379 
0.071429 0.143570 
0.057143 0.152155 
0.073457 0.147053 
0.059178 0.133432 
0.072506 0.129331 
0.104002 0.171429 
0.070218 0.174824 
0.052372 0.150672 
0.059178 0.151294 
0.057143 0.207532 
0.078818 0.169031 
0.081616 0.158282 
0.087785 0.151859 
0.083837 0.161144 
0.073179 0.142857 
0.078818 0.167673 
0.072506 0.154524 
0.067370 0.183303 
0.085189 0.168765 
0.091473 0.203259 
0.068868 0.192173 
0.066639 0.164130 
0.065714 0.164726 
0.074560 0.162255 
0.073179 0.180453 
0.061875 0.161725 
0.068868 0.170976 
0.068153 0.183481 
0.074286 0.149993 
0.089852 0.132449 
0.063888 0.127775 
0.089852 0.135496 
0.076931 0.150129 
0.085189 0.137143 
0.071429 0.148021 
0.064143 0.139503 
0.063888 0.165023 
0.077932 0.140582 
0.061012 0.164528 
0.074560 0.142170 
0.069985 0.124540 
0.057214 0.144674 
0.070218 0.144815 
0.068868 0.139064 
0.059659 0.132048 
0.075809 0.120678 
0.089852 0.174004 
0.054884 0.170569 
0.074560 0.157247 
0.062662 0.178429 
0.078818 0.167112 
0.077143 0.137737 
0.067370 0.156596 
0.068868 0.169031 
0.076931 0.163657 
0.067370 0.142399 
0.076931 0.175220 
0.057143 0.140000 
0.085905 0.138476 
0.101459 0.160509 
0.077932 0.166599 
0.071429 0.142971 
0.073179 0.146691 
0.062662 0.155340 
0.087785 0.181355 
0.052372 0.144815 
0.073179 0.137024 
0.078558 0.157765 
0.085189 0.151859 
0.103844 0.167600 
0.068153 0.123354 
0.079591 0.139503 
0.068868 0.152904 
0.087785 0.157428 
0.057143 0.151859 
0.063888 0.170569 
0.076931 0.146691 
0.075809 0.151213 
0.074286 0.191429 
0.085189 0.170569 
0.083593 0.149993 
0.067370 0.166206 
0.088571 0.180453 
0.059659 0.142857 
0.061012 0.134012 
0.075809 0.154629 
0.074560 0.147247 
0.078818 0.157636 
0.085714 0.186504 
0.070218 0.143683 
0.063888 0.159617 
0.070218 0.144448 
0.069985 0.157636 
0.078558 0.151429 
0.054884 0.164528 
0.059659 0.161624 
0.068868 0.133064 
0.064143 0.147938 
0.084805 0.159310 
0.079591 0.171643 
0.066148 0.171429 
0.075809 0.169633 
0.049570 0.168086 
0.054884 0.181063 
0.057143 0.172473 
0.054884 0.159182 
0.067370 0.165640 
0.111575 0.143456 
0.076931 0.137024 
0.083005 0.165837 
0.057143 0.141161 
0.078818 0.136905 
0.071657 0.122057 
0.077932 0.158282 
0.077143 0.167210 
0.084805 0.175406 
0.078818 0.149147 
0.086897 0.124014 
0.083837 0.119215 
0.075809 0.128571 
0.076931 0.153037 
0.095831 0.172284 
0.068868 0.140698 
0.068868 0.149666 
0.063888 0.154814 
0.062662 0.150672 
0.086897 0.173887 
0.063888 0.142313 
0.075809 0.151186 
0.078818 0.187704 
0.071429 0.164354 
0.093066 0.159821 
0.079591 0.129331 
0.101459 0.178977 
0.085189 0.175755 
0.054884 0.160509 
0.054884 0.125877 
0.054884 0.138917 
0.054884 0.176681 
0.068868 0.161725 
0.081014 0.167210 
0.077932 0.187812 
0.061012 0.147468 
0.067370 0.157247 
0.059178 0.158282 
0.083005 0.192280 
0.068153 0.183414 
0.065714 0.171429 
0.068868 0.163158 
0.094286 0.151294 
0.074560 0.149147 
0.090531 0.147607 
0.086142 0.133064 
0.079847 0.140698 
0.061012 0.156727 
0.068868 0.148462 
0.068868 0.148901 
0.068868 0.140698 
0.065714 0.153570 
0.071429 0.168450 
0.070218 0.163657 
0.091429 0.159079 
0.072506 0.152690 
0.083005 0.123751 
0.042857 0.155340 
0.068868 0.146385 
0.071657 0.142886 
0.077932 0.159617 
0.073179 0.127775 
0.061875 0.161346 
0.065714 0.132819 
0.077932 0.134134 
0.073457 0.156596 
0.065714 0.149666 
0.059178 0.177603 
0.086473 0.144815 
0.082065 0.158153 
0.073457 0.115175 
0.073179 0.157247 
0.057143 0.154524 
0.083837 0.175685 
0.083005 0.185626 
0.054884 0.181175 
0.073179 0.186504 
0.052372 0.175220 
0.085189 0.125487 
0.065465 0.151186 
0.054884 0.163358 
0.082065 0.138829 
0.086142 0.198134 
0.079591 0.142857 
0.071429 0.170018 
0.077143 0.141594 
0.061012 0.136905 
0.063888 0.129709 
0.061012 0.147938 
0.071429 0.151967 
0.067370 0.125714 
0.074286 0.159489 
0.081014 0.168765 
0.079847 0.124671 
0.089852 0.129804 
0.095447 0.154524 
0.077932 0.143314 
0.093066 0.185516 
0.086897 0.149147 
0.068868 0.156727 
0.068868 0.151859 
0.054884 0.147607 
0.065714 0.140000 
0.074286 0.137292 
0.049570 0.146385 
0.086897 0.144448 
0.082065 0.130180 
0.088571 0.183414 
0.062662 0.151186 
0.084564 0.141392 
0.076931 0.132911 
0.079591 0.132048 
0.071429 0.131708 
0.068868 0.164726 
0.072506 0.166599 
0.063888 0.146134 
0.079847 0.147607 
0.093721 0.149666 
0.076931 0.189715 
0.052372 0.155865 
0.059178 0.150129 
0.083005 0.155340 
0.057143 0.174379 
0.082065 0.159182 
0.083837 0.147607 
0.085189 0.157143 
0.067370 0.169417 
0.080255 0.149257 
0.094933 0.158282 
0.052372 0.145798 
0.042857 0.164130 
0.078558 0.154418 
0.067673 0.170497 
0.065714 0.194286 
0.088571 0.169031 
0.065714 0.153357 
0.057214 0.134012 
0.078818 0.176612 
0.046423 0.147938 
0.061012 0.175569 
0.065714 0.167186 
0.083837 0.161346 
0.073179 0.174824 
0.054884 0.186131 
0.059178 0.125324 
0.059659 0.149038 
0.064143 0.185362 
0.065465 0.166599 
0.068868 0.158282 
0.062662 0.127647 
0.065465 0.108006 
0.066639 0.125714 
0.071429 0.138917 
0.054884 0.173229 
0.057214 0.178977 
0.077932 0.182410 
0.085905 0.174286 
0.059178 0.178999 
0.063888 0.168450 
0.068868 0.156388 
0.068868 0.152369 
0.065714 0.152904 
0.079847 0.151294 
0.073457 0.156596 
0.059178 0.175220 
0.075809 0.196791 
0.077932 0.162732 
0.054884 0.197949 
0.064143 0.194705 
0.059178 0.178177 
0.062662 0.169031 
0.095831 0.162255 
0.078818 0.153862 
0.068153 0.151186 
0.059178 0.172473 
0.074560 0.149666 
0.071429 0.151213 
0.072506 0.145686 
0.063888 0.161852 
0.052372 0.127006 
0.067370 0.197143 
0.084564 0.143541 
0.077932 0.143570 
0.052372 0.144815 
0.062662 0.181693 
0.075809 0.167210 
0.078818 0.165640 
0.070218 0.178429 
0.065714 0.148901 
0.057143 0.189715 
0.070218 0.148021 
0.063888 0.145153 
0.073179 0.151294 
0.067370 0.150536 
0.061875 0.132449 
0.057143 0.150672 
0.068868 0.147938 
0.079847 0.137054 
0.067370 0.153862 
0.062662 0.175569 
0.065714 0.145012 
0.071657 0.145686 
0.070218 0.148901 
0.059178 0.148351 
0.070218 0.166132 
0.071429 0.176126 
0.068868 0.210267 
0.087785 0.154524 
0.083005 0.133524 
0.071429 0.145237 
0.071429 0.162732 
0.089852 0.174004 
0.065714 0.158075 
0.081014 0.147800 
0.067370 0.171643 
0.090756 0.177879 
0.062662 0.159617 
0.061875 0.191855 
0.089260 0.180272 
0.063888 0.148159 
0.085714 0.184921 
0.054884 0.166132 
0.059178 0.124014 
0.049570 0.158796 
0.073179 0.155682 
0.075809 0.141161 
0.072506 0.147385 
0.068868 0.163857 
0.076931 0.149038 
0.061012 0.150672 
0.062662 0.185692 
0.082065 0.156909 
0.054884 0.146385 
0.067370 0.168086 
0.046423 0.166819 
0.054884 0.174286 
0.061012 0.162154 
0.081014 0.151967 
0.052372 0.210364 
0.076931 0.139854 
0.062662 0.137024 
0.071429 0.136905 
0.059178 0.161220 
0.076931 0.125357 
0.065714 0.139503 
0.073457 0.167210 
0.059178 0.152904 
0.078818 0.116549 
0.072054 0.153357 
0.073179 0.158976 
0.067370 0.179705 
0.069985 0.156518 
0.071657 0.151859 
0.057214 0.178794 
0.052372 0.185164 
0.065714 0.154100 
0.085905 0.170689 
0.095148 0.123520 
0.074560 0.169633 
0.061012 0.160204 
0.064143 0.150672 
0.067370 0.138092 
0.059178 0.129331 
0.061012 0.167210 
0.059659 0.169537 
0.072506 0.180792 
0.067370 0.164354 
0.059178 0.192003 
0.073179 0.173346 
0.085905 0.134892 
0.068868 0.163857 
0.071429 0.160204 
0.067370 0.136457 
0.070218 0.168571 
0.086897 0.170569 
0.076931 0.151752 
0.063888 0.170856 
0.084805 0.157039 
0.061875 0.174004 
0.061012 0.161017 
0.098974 0.142971 
0.079591 0.160840 
0.052372 0.156909 
0.080812 0.204520 
0.052372 0.140698 
0.054884 0.136097 
0.057143 0.197453 
0.057143 0.161017 
0.071429 0.184302 
0.049570 0.162229 
0.085189 0.146691 
0.089260 0.177534 
0.091473 0.161852 
0.063888 0.190059 
0.065714 0.139064 
0.061012 0.183414 
0.075809 0.151832 
0.076931 0.145938 
0.070218 0.137648 
0.070218 0.134134 
0.080812 0.183303 
0.059659 0.190059 
0.070218 0.185164 
0.070218 0.153862 
0.076931 0.151186 
0.078818 0.142543 
0.054884 0.159821 
0.095831 0.173229 
0.068868 0.149993 
0.068868 0.185362 
0.076931 0.151752 
0.072506 0.170856 
0.077932 0.161852 
0.059659 0.183036 
0.059178 0.166132 
0.085189 0.145574 
0.063888 0.155996 
0.083005 0.146914 
0.065714 0.155472 
0.083837 0.154497 
0.061012 0.159821 
0.071429 0.172473 
0.073457 0.154497 
0.074560 0.146385 
0.075809 0.148462 
0.087785 0.176126 
0.073179 0.153862 
0.054884 0.161144 
0.083005 0.241576 
0.062662 0.170856 
0.084805 0.141738 
0.067370 0.171643 
0.059178 0.145686 
0.075809 0.152824 
0.066639 0.154524 
0.083005 0.140437 
0.073457 0.151859 
0.059659 0.127775 
0.067673 0.164031 
0.073457 0.122424 
0.073457 0.147385 
0.065465 0.158462 
0.070218 0.151617 
0.072506 0.153037 
0.085189 0.159617 
0.076931 0.163657 
0.077143 0.154524 
0.083837 0.145686 
0.082065 0.149147 
0.074560 0.142743 
0.077143 0.169031 
0.063888 0.169127 
0.071657 0.181693 
0.089852 0.217387 
0.079591 0.150347 
0.059178 0.170497 
0.059659 0.149666 
0.075809 0.178977 
0.067370 0.150129 
0.063888 0.172118 
0.091071 0.155865 
0.078818 0.154814 
0.065465 0.159489 
0.067370 0.149993 
0.065714 0.171928 
0.061012 0.143456 
0.072506 0.163032 
0.075809 0.149147 
0.064143 0.146691 
0.068153 0.138917 
0.074560 0.153570 
0.078818 0.208003 
0.068868 0.153570 
0.062662 0.166599 
0.079591 0.151832 
0.061875 0.180905 
0.062662 0.176681 
0.062662 0.174286 
0.089260 0.185516 
0.068868 0.202051 
0.072506 0.177534 
0.084564 0.169609 
0.089852 0.163857 
0.059178 0.206032 
0.092317 0.185626 
0.063888 0.149038 
0.070218 0.146357 
0.070218 0.162732 
0.071429 0.167210 
0.093066 0.164528 
0.099345 0.140087 
0.068868 0.173229 
0.076931 0.166697 
0.085714 0.119318 
0.067370 0.174169 
0.073179 0.135857 
0.075809 0.192598 
0.081266 0.138682 
0.057143 0.148462 
0.076931 0.127263 
0.087785 0.159617 
0.072506 0.133676 
0.057143 0.147468 
0.091473 0.161852 
0.076931 0.139650 
0.063888 0.144589 
0.074560 0.154497 
0.071429 0.185692 
0.086897 0.167186 
0.070218 0.164354 
0.073179 0.151967 
0.082065 0.134012 
0.065714 0.154497 
0.084564 0.157428 
0.062662 0.194307 
0.067370 0.206506 
0.073179 0.178429 
0.076931 0.182946 
0.063888 0.166990 
0.064143 0.191258 
0.071429 0.144109 
0.067370 0.137024 
0.070218 0.154629 
0.059659 0.166697 
0.074560 0.166329 
0.065714 0.207138 
0.090531 0.126620 
0.089852 0.139269 
0.083005 0.140233 
0.067370 0.178794 
0.061012 0.154100 
0.082065 0.156492 
0.067370 0.175220 
0.063888 0.154524 
0.071429 0.140698 
0.067370 0.181265 
0.083005 0.158462 
0.076931 0.159310 
0.072506 0.142170 
0.065714 0.146357 
0.062662 0.161852 
0.074560 0.149993 
0.063888 0.157946 
0.063888 0.134892 
0.068868 0.140814 
0.066639 0.161650 
0.080812 0.190467 
0.089852 0.164751 
0.093721 0.162154 
0.083837 0.188312 
0.080812 0.170856 
0.092317 0.190038 
0.080812 0.176335 
0.077143 0.183414 
0.054884 0.166819 
0.062662 0.167112 
0.089260 0.128571 
0.070218 0.171166 
0.073457 0.197949 
0.075593 0.163532 
0.086897 0.154100 
0.061875 0.162229 
0.059178 0.137024 
0.071657 0.149803 
0.065465 0.153862 
0.068868 0.161346 
0.089852 0.143570 
0.067370 0.158591 
0.073457 0.167112 
0.066148 0.161852 
0.074560 0.139854 
0.065714 0.151832 
0.071429 0.174637 
0.061012 0.154524 
