3.196684 3.196684 
3.188050 3.188056 
3.171880 3.171874 
3.219589 3.219577 
3.291853 3.291859 
3.319760 3.319766 
3.368285 3.368273 
3.507480 3.507486 
3.519098 3.519103 
3.455196 3.455190 
3.501662 3.501657 
3.475635 3.475623 
3.472870 3.472864 
3.493434 3.493434 
3.572227 3.572232 
3.515794 3.515794 
3.492498 3.492498 
3.503000 3.503005 
3.521594 3.521594 
3.477332 3.477332 
3.452362 3.452357 
3.471693 3.471693 
3.444543 3.444549 
3.462980 3.462985 
3.552809 3.552809 
3.552809 3.552809 
3.573660 3.573654 
3.596430 3.596425 
3.578620 3.578626 
3.566341 3.566341 
3.551888 3.551888 
3.528831 3.528831 
3.482967 3.482955 
3.499795 3.499795 
3.552287 3.552293 
3.569938 3.569944 
3.637952 3.637952 
3.626660 3.626654 
3.665002 3.665002 
3.659429 3.659429 
3.637053 3.637053 
3.608380 3.608380 
3.596419 3.596430 
3.548846 3.548846 
3.547689 3.547695 
3.560788 3.560782 
3.577940 3.577935 
3.588475 3.588470 
3.539635 3.539624 
3.519568 3.519562 
3.454723 3.454723 
3.466989 3.466989 
3.523970 3.523970 
3.583629 3.583640 
3.516781 3.516781 
3.487644 3.487644 
3.510916 3.510916 
3.561068 3.561073 
3.506792 3.506787 
3.479910 3.479916 
3.440687 3.440693 
3.419270 3.419270 
3.385989 3.385983 
3.272891 3.272891 
3.290369 3.290369 
3.284161 3.284161 
3.310839 3.310833 
3.309177 3.309171 
3.327627 3.327621 
3.307623 3.307629 
3.310839 3.310833 
3.295260 3.295266 
3.345725 3.345725 
3.359054 3.359054 
3.383269 3.383269 
3.421181 3.421187 
3.410668 3.410668 
3.458205 3.458205 
3.492795 3.492789 
3.532703 3.532709 
3.521888 3.521883 
3.499795 3.499795 
3.523450 3.523450 
3.505621 3.505621 
3.494370 3.494370 
3.483196 3.483196 
3.447330 3.447330 
3.411918 3.411929 
3.387614 3.387614 
3.379945 3.379957 
3.360999 3.360999 
3.303921 3.303927 
3.256457 3.256451 
3.316997 3.316997 
3.306213 3.306207 
3.287642 3.287637 
3.240370 3.240370 
3.230971 3.230971 
3.187275 3.187287 
3.193671 3.193684 
3.211966 3.211966 
3.247853 3.247859 
3.226428 3.226422 
3.218636 3.218629 
3.218636 3.218629 
3.205929 3.205923 
3.181843 3.181836 
3.118412 3.118412 
3.110489 3.110483 
3.107656 3.107662 
3.092123 3.092123 
3.006384 3.006391 
2.980271 2.980278 
2.965375 2.965381 
2.964071 2.964071 
2.955735 2.955728 
2.931945 2.931952 
2.863483 2.863497 
2.825607 2.825614 
2.823010 2.823010 
2.835928 2.835922 
2.746505 2.746497 
2.750058 2.750065 
2.725541 2.725541 
2.705166 2.705173 
2.705166 2.705173 
2.613068 2.613076 
2.579677 2.579670 
2.599533 2.599533 
2.601495 2.601488 
2.642209 2.642201 
2.634473 2.634466 
2.715108 2.715115 
2.789261 2.789268 
2.817145 2.817152 
2.811125 2.811132 
2.805888 2.805902 
2.784798 2.784798 
2.778120 2.778120 
2.784798 2.784798 
2.798605 2.798619 
2.781934 2.781941 
2.722614 2.722621 
2.694580 2.694595 
2.693604 2.693604 
2.715108 2.715115 
2.669628 2.669635 
2.656441 2.656456 
2.625531 2.625547 
2.625531 2.625547 
2.625531 2.625547 
2.625531 2.625547 
2.656441 2.656456 
2.681457 2.681457 
2.687841 2.687841 
2.673835 2.673835 
2.666805 2.666805 
2.635774 2.635789 
2.618615 2.618615 
2.620243 2.620258 
2.580064 2.580064 
2.580064 2.580064 
2.557175 2.557190 
2.564195 2.564195 
2.563480 2.563480 
2.538589 2.538605 
2.507133 2.507133 
2.497017 2.497017 
2.497017 2.497017 
2.491535 2.491535 
2.537553 2.537553 
2.530537 2.530553 
2.487597 2.487605 
2.518823 2.518831 
2.486202 2.486210 
2.481677 2.481693 
2.540206 2.540206 
2.513309 2.513309 
2.479379 2.479387 
2.510707 2.510715 
2.484647 2.484647 
2.487597 2.487605 
2.505176 2.505176 
2.455812 2.455812 
2.455812 2.455812 
2.456883 2.456899 
2.472376 2.472376 
2.462862 2.462870 
2.446233 2.446241 
2.429490 2.429499 
2.387120 2.387128 
2.355096 2.355113 
2.347382 2.347382 
2.355096 2.355113 
2.355096 2.355113 
2.389507 2.389523 
2.405434 2.405434 
2.345293 2.345293 
2.346414 2.346431 
2.371254 2.371254 
2.352674 2.352683 
2.336575 2.336575 
2.326505 2.326514 
2.308895 2.308903 
2.314550 2.314550 
2.301823 2.301815 
2.326077 2.326077 
2.321514 2.321506 
2.314550 2.314550 
2.314550 2.314550 
2.266081 2.266073 
2.215437 2.215437 
2.202138 2.202129 
2.176320 2.176311 
2.196937 2.196937 
2.151786 2.151795 
2.159460 2.159460 
2.140475 2.140475 
2.082483 2.082483 
2.070601 2.070591 
2.068328 2.068319 
2.099961 2.099952 
2.101991 2.101991 
2.050794 2.050784 
2.020719 2.020710 
2.048499 2.048489 
2.072660 2.072660 
2.084339 2.084348 
2.101991 2.101991 
2.113508 2.113518 
2.113508 2.113518 
2.092260 2.092260 
2.153397 2.153406 
2.192378 2.192378 
2.164272 2.164272 
2.165487 2.165505 
2.117841 2.117860 
2.078939 2.078958 
2.078939 2.078958 
2.077673 2.077673 
2.077673 2.077673 
2.069099 2.069118 
2.089820 2.089820 
2.071775 2.071775 
2.021212 2.021212 
2.007738 2.007738 
1.947145 1.947166 
1.956254 1.956254 
1.889168 1.889179 
1.901765 1.901775 
1.921303 1.921314 
1.921303 1.921314 
1.919290 1.919290 
1.867438 1.867449 
1.867438 1.867449 
1.858344 1.858355 
1.836249 1.836260 
1.792954 1.792954 
1.739812 1.739812 
1.752071 1.752094 
1.727211 1.727211 
1.728619 1.728642 
1.668926 1.668926 
1.656773 1.656773 
1.668926 1.668915 
1.643924 1.643900 
1.619398 1.619398 
1.669046 1.669046 
1.618905 1.618881 
1.655666 1.655666 
1.667947 1.667947 
1.676861 1.676849 
1.678191 1.678191 
1.687405 1.687417 
1.676861 1.676849 
1.676861 1.676849 
1.676861 1.676849 
1.711423 1.711435 
1.789304 1.789304 
1.791241 1.791253 
1.791241 1.791253 
1.766346 1.766346 
1.758475 1.758487 
1.771551 1.771540 
1.736647 1.736636 
1.770043 1.770054 
1.762302 1.762302 
1.772811 1.772811 
1.772811 1.772811 
1.808030 1.808030 
1.807016 1.807016 
1.808030 1.808030 
1.808030 1.808030 
1.774653 1.774653 
1.785312 1.785312 
1.829464 1.829464 
1.808824 1.808824 
1.785312 1.785312 
1.764043 1.764031 
1.764043 1.764031 
1.764156 1.764156 
1.764156 1.764156 
1.764156 1.764156 
1.752435 1.752435 
1.752435 1.752435 
1.752435 1.752435 
1.740751 1.740751 
1.740751 1.740751 
1.729103 1.729103 
1.693207 1.693207 
1.681229 1.681229 
1.681229 1.681229 
1.681229 1.681229 
1.693207 1.693207 
1.692830 1.692853 
1.692830 1.692853 
1.692830 1.692853 
1.681110 1.681110 
1.580635 1.580609 
1.580635 1.580609 
1.567009 1.567009 
1.541802 1.541789 
1.541802 1.541789 
1.568178 1.568178 
1.568178 1.568178 
1.541802 1.541802 
1.555110 1.555110 
1.555110 1.555110 
1.606225 1.606250 
1.579979 1.579979 
1.579979 1.579979 
1.579979 1.579979 
1.579979 1.579979 
1.631829 1.631817 
1.606250 1.606225 
1.631829 1.631817 
1.631829 1.631817 
1.631951 1.631951 
1.606746 1.606746 
1.606746 1.606746 
1.643294 1.643294 
1.643294 1.643294 
1.643294 1.643294 
1.643294 1.643294 
1.740407 1.740384 
1.740407 1.740384 
1.693207 1.693195 
1.692241 1.692241 
1.692241 1.692241 
1.703416 1.703416 
1.680138 1.680138 
1.680138 1.680138 
1.680138 1.680138 
1.703416 1.703416 
1.703416 1.703416 
1.711423 1.711435 
1.688987 1.688976 
1.688987 1.688976 
1.721525 1.721537 
1.743085 1.743085 
1.743085 1.743085 
1.717259 1.717259 
1.669046 1.669046 
1.669046 1.669046 
1.666465 1.666477 
1.666465 1.666477 
1.666465 1.666477 
1.666465 1.666477 
1.651351 1.651351 
1.660594 1.660582 
1.660594 1.660582 
1.660594 1.660582 
1.665986 1.665986 
1.665986 1.665986 
1.686555 1.686567 
1.678191 1.678191 
1.694642 1.694654 
1.694642 1.694654 
1.694642 1.694654 
1.694642 1.694654 
1.694642 1.694654 
1.746009 1.746021 
1.746009 1.746021 
1.694642 1.694654 
1.688374 1.688374 
1.688374 1.688374 
1.688374 1.688374 
1.719162 1.719162 
1.719162 1.719162 
1.719162 1.719162 
1.701848 1.701871 
1.701848 1.701871 
1.720112 1.720112 
1.720112 1.720112 
1.713797 1.713821 
1.708206 1.708206 
1.678191 1.678191 
1.678191 1.678191 
1.640818 1.640794 
1.664023 1.664023 
1.644409 1.644409 
1.636829 1.636817 
1.636829 1.636817 
1.616367 1.616380 
1.616367 1.616380 
1.636829 1.636817 
1.636829 1.636817 
1.641425 1.641437 
1.586801 1.586801 
1.586801 1.586801 
1.586801 1.586801 
1.586801 1.586801 
1.620775 1.620788 
1.624926 1.624926 
1.624926 1.624926 
1.620775 1.620788 
1.661578 1.661566 
1.710002 1.709990 
1.710002 1.709990 
1.714402 1.714414 
1.714402 1.714414 
1.710002 1.709990 
1.710002 1.709990 
1.710002 1.709990 
1.693324 1.693324 
1.693324 1.693324 
1.688374 1.688374 
1.688374 1.688374 
1.688374 1.688374 
1.688374 1.688374 
1.688374 1.688374 
1.658745 1.658745 
1.658745 1.658745 
1.658745 1.658745 
1.658745 1.658745 
1.633953 1.633953 
1.626814 1.626814 
1.626814 1.626814 
1.633319 1.633331 
1.633319 1.633331 
1.633319 1.633331 
1.633319 1.633331 
1.633319 1.633331 
1.603692 1.603704 
1.603692 1.603704 
1.595394 1.595406 
1.595394 1.595406 
1.595394 1.595406 
1.595394 1.595406 
1.560866 1.560866 
1.560866 1.560866 
1.560866 1.560866 
1.538619 1.538619 
1.538619 1.538619 
1.538619 1.538619 
1.538619 1.538619 
1.538619 1.538619 
1.538619 1.538619 
1.538619 1.538619 
1.538619 1.538619 
1.538619 1.538619 
1.538619 1.538619 
1.568687 1.568699 
1.568687 1.568699 
1.568687 1.568699 
1.532779 1.532779 
1.505914 1.505914 
1.511858 1.511858 
1.511858 1.511858 
1.502231 1.502244 
1.498298 1.498298 
1.498298 1.498298 
1.474810 1.474823 
1.474810 1.474823 
1.436557 1.436557 
1.436557 1.436557 
1.436557 1.436557 
1.436557 1.436557 
1.436557 1.436557 
1.403917 1.403931 
1.403917 1.403931 
1.403917 1.403931 
1.399708 1.399708 
1.399708 1.399708 
1.399708 1.399708 
1.395173 1.395173 
1.395173 1.395173 
1.414354 1.414369 
1.414354 1.414369 
1.414354 1.414369 
1.414354 1.414369 
1.404938 1.404953 
1.404938 1.404953 
1.404938 1.404953 
1.395173 1.395173 
1.395173 1.395173 
1.395173 1.395173 
1.414214 1.414214 
1.414214 1.414214 
1.393286 1.393286 
1.393286 1.393286 
1.396943 1.396929 
1.393286 1.393286 
1.393286 1.393286 
1.393286 1.393286 
1.393286 1.393286 
1.393286 1.393286 
1.393286 1.393286 
1.393286 1.393286 
1.393286 1.393286 
1.382257 1.382243 
1.355879 1.355865 
1.355879 1.355865 
1.355879 1.355865 
1.355879 1.355865 
1.355879 1.355865 
1.337231 1.337216 
1.337231 1.337216 
1.337231 1.337216 
1.278408 1.278392 
1.281740 1.281740 
1.281740 1.281740 
1.281740 1.281740 
1.281740 1.281740 
1.281740 1.281740 
1.281740 1.281740 
1.281740 1.281740 
1.281740 1.281740 
1.258612 1.258596 
1.238178 1.238178 
1.258612 1.258596 
1.258612 1.258596 
1.258612 1.258596 
1.258612 1.258596 
1.216385 1.216385 
1.216385 1.216385 
1.246072 1.246056 
1.246072 1.246056 
1.246072 1.246056 
1.246072 1.246056 
1.246072 1.246056 
1.265718 1.265718 
1.265718 1.265718 
1.265718 1.265718 
1.265718 1.265718 
1.238982 1.238998 
1.238982 1.238998 
1.238982 1.238998 
1.238982 1.238998 
1.238982 1.238998 
1.238982 1.238998 
1.191120 1.191120 
1.171243 1.171260 
1.171243 1.171260 
1.171243 1.171260 
1.171243 1.171260 
1.171243 1.171260 
1.208132 1.208132 
1.208132 1.208132 
1.227053 1.227086 
1.227053 1.227086 
1.227053 1.227086 
1.261680 1.261680 
1.261680 1.261680 
1.230395 1.230395 
1.231560 1.231560 
1.231560 1.231560 
1.231560 1.231560 
1.231560 1.231560 
1.231560 1.231560 
1.231560 1.231560 
1.231560 1.231560 
1.231560 1.231560 
1.215696 1.215729 
1.215696 1.215729 
1.215696 1.215729 
1.197960 1.197960 
1.197960 1.197960 
1.181645 1.181679 
1.181645 1.181679 
1.164777 1.164794 
1.164777 1.164794 
1.164777 1.164794 
1.147313 1.147313 
1.147313 1.147313 
1.147313 1.147313 
1.147313 1.147313 
1.147313 1.147313 
1.147313 1.147313 
1.147313 1.147313 
1.147313 1.147313 
1.147313 1.147313 
1.147313 1.147313 
1.147313 1.147313 
1.147313 1.147313 
1.147313 1.147313 
1.147313 1.147313 
1.147313 1.147313 
1.147313 1.147313 
1.110988 1.110970 
1.110988 1.110970 
1.110988 1.110970 
1.110988 1.110970 
1.110988 1.110970 
1.073064 1.073027 
1.073064 1.073027 
1.073064 1.073027 
1.073064 1.073027 
1.073064 1.073027 
1.073064 1.073027 
1.073064 1.073027 
1.073064 1.073027 
1.073621 1.073603 
1.073621 1.073603 
1.073621 1.073603 
1.035098 1.035098 
1.034906 1.034886 
1.034906 1.034886 
0.994885 0.994885 
0.973931 0.973951 
0.973931 0.973951 
0.973931 0.973951 
0.973931 0.973951 
0.973931 0.973951 
0.973296 0.973337 
0.973296 0.973337 
0.973931 0.973951 
0.973931 0.973951 
0.931079 0.931101 
0.931079 0.931101 
0.931315 0.931315 
0.931315 0.931315 
0.931315 0.931315 
0.931315 0.931315 
0.886158 0.886180 
0.886158 0.886180 
0.886405 0.886405 
0.886405 0.886405 
0.886180 0.886158 
0.886180 0.886158 
0.886180 0.886158 
0.886180 0.886158 
0.886180 0.886158 
0.885505 0.885460 
0.907096 0.907118 
0.882710 0.882710 
0.880631 0.880631 
0.878092 0.878070 
0.878092 0.878070 
0.878092 0.878070 
0.898065 0.898087 
0.898065 0.898087 
0.898065 0.898087 
0.898065 0.898087 
0.898065 0.898087 
0.898065 0.898087 
0.898065 0.898087 
0.898065 0.898087 
0.898065 0.898087 
0.898065 0.898087 
0.839096 0.839096 
0.839096 0.839096 
0.839096 0.839096 
0.839096 0.839096 
0.839096 0.839096 
0.839096 0.839096 
0.839096 0.839096 
0.839096 0.839096 
0.839096 0.839096 
0.839096 0.839096 
0.833974 0.833974 
0.833974 0.833974 
0.833974 0.833974 
0.833974 0.833974 
0.814411 0.814411 
0.814411 0.814411 
0.783504 0.783504 
0.783504 0.783504 
0.783504 0.783504 
0.783504 0.783504 
0.783504 0.783504 
0.783504 0.783504 
0.783504 0.783504 
0.762648 0.762648 
0.762648 0.762648 
0.762648 0.762648 
0.762648 0.762648 
0.762648 0.762648 
0.757009 0.757009 
0.757009 0.757009 
0.757009 0.757009 
0.757009 0.757009 
0.757009 0.757009 
0.757009 0.757009 
0.757009 0.757009 
0.757009 0.757009 
0.757009 0.757009 
0.735402 0.735402 
0.735402 0.735402 
0.735402 0.735402 
0.735402 0.735402 
0.735402 0.735402 
0.735402 0.735402 
0.735402 0.735402 
0.735402 0.735402 
0.735402 0.735402 
0.735402 0.735402 
0.735402 0.735402 
0.735402 0.735402 
0.757009 0.757009 
0.757009 0.757009 
0.757009 0.757009 
0.757009 0.757009 
0.757009 0.757009 
0.757009 0.757009 
0.757009 0.757009 
0.757009 0.757009 
0.757009 0.757009 
0.757009 0.757009 
0.757009 0.757009 
0.757009 0.757009 
0.757009 0.757009 
0.757009 0.757009 
0.757009 0.757009 
0.757009 0.757009 
0.757009 0.757009 
0.757009 0.757009 
0.735402 0.735402 
0.735402 0.735402 
0.735402 0.735402 
0.735402 0.735402 
0.735402 0.735402 
0.735402 0.735402 
0.735402 0.735402 
0.712582 0.712554 
0.712582 0.712554 
0.712582 0.712554 
0.712582 0.712554 
0.712582 0.712554 
0.712582 0.712554 
0.712582 0.712554 
0.712582 0.712554 
0.677631 0.677631 
0.677631 0.677631 
0.677631 0.677631 
0.677631 0.677631 
0.677631 0.677631 
0.677631 0.677631 
0.677631 0.677631 
0.677631 0.677631 
0.671278 0.671278 
0.671278 0.671278 
0.671278 0.671278 
0.671278 0.671278 
0.671278 0.671278 
0.671278 0.671278 
0.671278 0.671278 
0.671278 0.671278 
0.694279 0.694308 
0.694279 0.694308 
0.694279 0.694308 
0.671278 0.671278 
0.671278 0.671278 
0.677631 0.677631 
0.671278 0.671278 
0.671278 0.671278 
0.664234 0.664264 
0.664234 0.664264 
0.664234 0.664264 
0.664234 0.664264 
0.664234 0.664264 
0.664234 0.664264 
0.664234 0.664264 
0.664234 0.664264 
0.664234 0.664264 
0.664234 0.664264 
0.664234 0.664264 
0.664234 0.664264 
0.664234 0.664264 
0.664234 0.664264 
0.664234 0.664264 
0.640154 0.640154 
0.640154 0.640154 
0.640154 0.640154 
0.640154 0.640154 
0.640154 0.640154 
0.640154 0.640154 
0.640154 0.640154 
0.640154 0.640154 
0.640154 0.640154 
0.640154 0.640154 
0.640154 0.640154 
0.640154 0.640154 
0.640154 0.640154 
0.632764 0.632796 
0.632764 0.632796 
0.632764 0.632796 
0.632764 0.632796 
0.632764 0.632796 
0.632764 0.632796 
0.632764 0.632796 
0.656538 0.656508 
0.656538 0.656508 
0.656538 0.656508 
0.656538 0.656508 
0.656538 0.656508 
0.656538 0.656508 
0.656538 0.656508 
0.656538 0.656508 
0.656538 0.656508 
0.656538 0.656508 
0.656538 0.656508 
0.656538 0.656508 
0.648075 0.648075 
0.648075 0.648075 
0.648075 0.648075 
0.648075 0.648075 
0.648075 0.648075 
0.648075 0.648075 
0.648075 0.648075 
0.648075 0.648075 
0.624681 0.624649 
0.581695 0.581695 
0.581695 0.581695 
0.581695 0.581695 
0.581695 0.581695 
0.581695 0.581695 
0.581695 0.581695 
0.571429 0.571429 
0.571429 0.571429 
0.571429 0.571429 
0.571429 0.571429 
0.560228 0.560263 
0.560228 0.560263 
0.560228 0.560263 
0.560228 0.560263 
0.560228 0.560263 
0.560228 0.560263 
0.560228 0.560263 
0.560228 0.560263 
0.560228 0.560263 
0.560228 0.560263 
0.560228 0.560263 
0.560228 0.560263 
0.560228 0.560263 
0.560228 0.560263 
0.560228 0.560263 
0.560228 0.560263 
0.560228 0.560263 
0.560228 0.560263 
0.560228 0.560263 
0.560228 0.560263 
0.560228 0.560263 
0.560228 0.560263 
0.560228 0.560263 
0.560228 0.560263 
0.560228 0.560263 
0.560228 0.560263 
0.560228 0.560263 
0.560228 0.560263 
0.560228 0.560263 
0.560228 0.560263 
0.560228 0.560263 
0.560228 0.560263 
0.560228 0.560263 
0.560228 0.560263 
0.560228 0.560263 
0.560228 0.560263 
0.560228 0.560263 
0.522531 0.522569 
0.522531 0.522569 
0.522531 0.522569 
0.522531 0.522569 
0.522531 0.522569 
0.522531 0.522569 
0.522531 0.522569 
0.522531 0.522569 
0.522531 0.522569 
0.522531 0.522569 
0.522531 0.522569 
0.522531 0.522569 
0.522531 0.522569 
0.522531 0.522569 
0.522531 0.522569 
0.522531 0.522569 
0.522531 0.522569 
0.522531 0.522569 
0.509516 0.509516 
0.509516 0.509516 
0.509516 0.509516 
0.481895 0.481936 
0.481895 0.481936 
0.481895 0.481936 
0.481895 0.481936 
0.481895 0.481936 
0.481895 0.481936 
0.481895 0.481936 
0.481895 0.481936 
0.481895 0.481936 
0.481895 0.481936 
0.481895 0.481936 
0.481895 0.481936 
0.481895 0.481936 
0.481895 0.481936 
0.481895 0.481936 
0.481895 0.481936 
0.481895 0.481936 
0.481895 0.481936 
0.481895 0.481936 
0.481895 0.481936 
0.509516 0.509516 
0.509516 0.509516 
0.509516 0.509516 
0.509516 0.509516 
0.509516 0.509516 
0.509516 0.509516 
0.509516 0.509516 
0.509516 0.509516 
0.509516 0.509516 
0.509516 0.509516 
0.509516 0.509516 
0.509516 0.509516 
0.509516 0.509516 
0.509516 0.509516 
0.509516 0.509516 
0.509516 0.509516 
0.509516 0.509516 
0.509516 0.509516 
0.509516 0.509516 
0.509516 0.509516 
0.509516 0.509516 
0.509516 0.509516 
0.509516 0.509516 
0.509516 0.509516 
0.509516 0.509516 
0.495314 0.495274 
0.495314 0.495274 
0.495314 0.495274 
0.495314 0.495274 
0.495314 0.495274 
0.495314 0.495274 
0.495314 0.495274 
0.495314 0.495274 
0.495314 0.495274 
0.495314 0.495274 
0.495314 0.495274 
0.495314 0.495274 
0.495314 0.495274 
0.495314 0.495274 
0.495314 0.495274 
0.495314 0.495274 
0.495314 0.495274 
0.495314 0.495274 
0.495314 0.495274 
0.495314 0.495274 
0.495314 0.495274 
0.495314 0.495274 
0.495314 0.495274 
0.495314 0.495274 
0.495314 0.495274 
0.495314 0.495274 
0.495314 0.495274 
0.479781 0.479822 
0.479781 0.479822 
0.479781 0.479822 
0.479781 0.479822 
0.479781 0.479822 
0.479781 0.479822 
0.479781 0.479822 
0.479781 0.479822 
0.479781 0.479822 
0.479781 0.479822 
0.479781 0.479822 
0.479781 0.479822 
0.479781 0.479822 
0.479781 0.479822 
0.479781 0.479822 
0.452239 0.452195 
0.452239 0.452195 
0.452239 0.452195 
0.452239 0.452195 
0.452239 0.452195 
0.452239 0.452195 
0.452239 0.452195 
0.452239 0.452195 
0.452239 0.452195 
0.452239 0.452195 
0.452239 0.452195 
0.452239 0.452195 
0.452239 0.452195 
0.452239 0.452195 
0.452239 0.452195 
0.452239 0.452195 
0.452239 0.452195 
0.452239 0.452195 
0.452239 0.452195 
0.452239 0.452195 
0.452239 0.452195 
0.452239 0.452195 
0.452239 0.452195 
