0.925820 
0.925820 
0.838335 
0.823754 
1.396059 
1.416016 
1.440132 
1.809837 
2.101991 
2.714521 
2.803742 
3.152785 
3.326417 
3.430989 
3.838912 
3.894495 
3.810398 
3.587108 
3.484660 
3.623196 
3.512913 
3.421309 
3.341720 
3.236037 
3.444902 
3.729023 
4.027013 
4.097037 
4.125270 
4.138237 
4.028597 
4.079253 
4.144088 
3.841237 
3.937976 
3.743361 
3.884165 
3.893349 
3.976974 
4.052588 
3.793456 
3.701213 
3.738588 
3.640756 
3.776606 
3.936032 
4.185739 
4.217614 
4.205802 
4.613091 
4.488932 
4.477552 
4.597581 
4.784648 
5.004335 
4.865015 
4.919765 
4.998214 
4.967239 
5.079721 
5.297285 
5.180418 
5.320590 
5.392029 
5.344986 
5.107268 
5.084992 
5.019604 
5.099520 
5.538824 
5.213797 
5.254250 
5.406204 
5.366658 
5.363567 
5.591083 
5.658658 
5.551246 
5.484440 
5.575090 
5.170067 
5.221619 
5.408799 
5.413749 
5.165871 
5.187308 
5.377343 
5.530528 
5.464636 
5.461834 
5.471401 
5.684296 
5.671492 
5.752551 
5.904426 
5.937386 
6.230070 
6.155096 
6.161517 
6.047643 
5.690800 
5.809036 
5.757426 
5.991278 
6.059863 
6.468527 
6.449767 
6.395350 
6.510196 
6.559383 
6.169378 
6.080665 
6.194550 
6.181564 
6.029477 
6.052070 
6.047221 
6.277186 
6.288960 
6.216338 
6.211001 
6.179913 
6.667964 
6.765760 
6.889618 
6.864394 
6.841873 
6.754817 
6.700213 
6.716755 
6.718843 
6.653601 
6.602798 
6.580739 
6.736854 
6.980110 
7.093400 
7.268888 
7.286765 
7.654364 
7.521737 
7.601860 
8.007172 
7.991066 
7.981324 
7.988672 
8.190649 
8.365228 
8.170848 
8.287561 
8.287561 
8.008127 
7.915691 
7.807636 
7.652030 
7.654697 
7.656696 
7.560133 
7.822000 
7.903596 
7.992343 
7.763237 
7.469666 
7.462833 
7.608400 
7.664189 
7.776042 
7.678655 
7.678655 
7.607562 
7.741684 
7.712963 
7.956354 
7.974289 
7.933074 
7.875790 
7.800935 
7.716105 
7.737235 
8.036746 
8.011789 
8.133453 
8.163351 
7.981483 
7.775386 
7.966127 
7.991385 
7.644859 
7.660028 
7.729648 
8.023086 
7.965967 
7.981963 
8.169599 
8.278938 
8.332381 
8.388068 
8.044836 
8.072061 
8.133140 
8.162414 
7.968849 
7.722713 
7.705849 
7.723870 
7.518854 
7.565024 
7.478541 
7.732782 
7.732782 
8.164601 
8.170691 
8.334829 
8.156317 
8.115713 
8.032619 
7.997129 
8.024039 
8.020224 
8.022449 
8.061151 
8.099508 
8.072376 
8.151312 
8.226543 
8.271848 
8.240022 
8.262745 
8.236771 
8.192674 
8.220960 
8.392477 
8.562198 
8.714286 
8.932999 
8.925428 
8.945983 
8.890921 
8.801380 
8.858438 
8.712675 
8.767984 
8.623503 
8.707403 
8.696997 
8.882309 
8.845037 
8.730226 
8.712822 
8.819332 
8.697437 
8.697437 
8.648021 
8.581987 
8.581987 
8.442029 
8.380919 
8.396580 
8.456370 
8.386091 
8.346147 
8.508549 
8.506450 
8.475806 
8.337890 
8.657013 
8.735776 
8.681290 
8.480019 
8.421455 
8.270615 
8.476107 
8.745699 
8.627347 
8.762163 
8.762163 
8.762163 
8.552061 
8.539076 
8.609143 
8.609143 
8.595205 
8.570536 
8.584217 
8.691422 
8.929000 
8.740739 
8.760854 
8.679968 
8.685256 
8.899811 
9.037761 
9.037761 
9.009349 
8.986810 
8.951400 
8.956528 
8.896657 
9.041571 
9.181836 
9.110714 
9.221066 
9.168213 
9.159722 
9.063270 
9.063270 
9.024485 
9.024485 
9.044815 
9.060173 
9.066928 
9.066928 
9.066928 
9.090110 
9.114073 
9.114073 
9.114073 
9.306022 
9.262333 
9.302320 
9.272381 
9.265087 
9.507381 
9.465297 
9.465297 
9.445737 
9.500806 
9.500806 
9.473513 
9.331891 
9.277469 
9.277469 
9.298206 
9.187391 
9.223141 
9.280630 
9.280630 
9.361095 
9.288873 
9.064536 
9.170160 
9.170160 
9.080282 
9.080282 
9.236684 
9.015859 
8.995889 
8.918709 
9.084215 
9.161950 
9.106513 
9.106513 
9.491404 
9.384774 
9.384774 
9.508455 
9.657660 
9.657660 
9.645238 
9.653037 
9.653037 
9.621935 
9.636374 
9.763661 
10.310610 
10.310610 
10.310610 
10.310610 
10.309249 
10.220153 
10.220153 
10.220153 
10.352093 
10.352093 
10.340381 
10.381989 
10.356280 
10.356280 
10.102914 
10.102914 
10.102914 
9.907609 
10.109225 
10.126496 
10.141600 
10.071935 
10.099757 
10.023951 
9.873434 
9.873434 
9.816688 
9.609466 
9.532169 
9.532169 
9.392925 
9.398491 
9.363956 
9.312736 
9.309585 
9.236822 
9.263986 
9.275956 
9.275956 
8.965779 
8.965779 
8.945698 
8.951969 
8.941134 
8.889486 
8.889486 
8.889486 
9.194469 
9.065943 
9.096142 
9.096142 
9.050172 
8.996173 
8.917421 
8.863765 
8.935997 
8.935997 
8.894076 
8.894076 
8.894076 
9.086461 
9.346913 
9.363684 
9.363684 
9.363684 
9.363684 
9.363684 
9.334897 
9.334897 
9.321907 
9.321907 
9.338039 
9.421805 
9.421805 
9.489656 
9.454375 
9.335717 
9.335717 
9.335717 
9.318623 
9.318623 
9.331344 
9.331344 
9.331344 
9.331344 
9.349234 
9.349234 
9.659774 
9.601631 
9.639947 
9.639947 
9.639947 
9.639947 
9.639947 
9.639947 
9.895113 
9.895113 
9.895113 
9.866326 
9.866326 
9.866326 
9.909025 
9.931911 
9.880279 
9.880279 
9.890600 
9.999107 
9.999107 
10.105186 
10.105186 
10.107332 
10.107332 
10.107332 
10.107332 
10.107332 
9.978676 
9.978676 
9.978676 
9.831489 
9.831489 
9.831489 
9.890600 
9.890600 
9.884666 
9.884666 
9.884666 
9.884666 
9.825648 
9.825648 
9.825648 
9.764837 
9.646956 
9.646956 
9.843805 
9.843805 
9.984938 
9.984938 
9.984810 
9.950003 
9.848728 
9.848728 
9.835898 
9.835898 
9.707456 
9.707456 
9.707456 
9.686542 
9.690096 
9.690096 
9.690096 
9.690096 
9.887505 
9.876275 
9.876275 
9.876275 
9.827855 
9.959484 
9.959484 
9.959484 
9.959484 
9.959484 
9.959484 
9.959484 
9.959484 
9.916874 
9.912243 
9.925873 
9.925873 
9.925873 
9.925873 
9.928058 
9.928058 
9.906965 
9.906965 
9.906965 
9.954617 
9.954617 
9.856108 
9.701278 
9.701278 
9.701278 
9.686410 
9.686410 
9.686410 
9.686410 
9.610262 
9.610262 
9.554489 
9.625116 
9.625116 
9.625116 
9.625116 
9.353870 
9.555023 
9.473648 
9.491940 
9.491940 
9.491940 
9.479839 
9.479839 
9.489790 
9.527217 
9.527217 
9.555290 
9.555290 
9.555290 
9.555290 
9.555290 
9.555290 
9.737368 
9.737368 
9.737368 
9.682458 
9.682458 
9.736189 
9.736189 
9.749019 
9.749019 
9.749019 
9.548614 
9.548614 
9.548614 
9.548614 
9.548614 
9.543403 
9.938587 
9.938587 
9.938587 
9.938587 
9.938587 
9.938587 
9.938587 
9.938587 
9.938587 
9.938587 
9.882730 
9.882730 
9.882730 
9.962301 
9.962301 
9.907351 
9.928058 
9.928058 
9.928058 
9.928058 
9.928058 
9.928058 
9.928058 
9.997704 
9.997704 
9.997704 
9.855460 
10.031456 
10.031456 
10.047845 
9.858954 
9.858954 
9.858954 
9.858954 
9.858954 
9.788191 
9.852484 
9.944489 
9.944489 
10.073455 
10.073455 
10.110234 
10.110234 
10.110234 
10.110234 
10.092177 
10.092177 
10.179135 
10.179135 
10.084845 
10.084845 
10.063953 
10.073201 
10.073201 
10.110739 
10.177506 
10.100641 
10.053682 
10.094452 
10.094452 
10.234371 
10.209165 
9.933324 
9.933324 
9.933324 
9.933324 
9.933324 
9.933324 
9.933324 
9.933324 
9.933324 
9.889440 
9.889440 
9.889440 
9.889440 
9.889440 
9.928186 
9.928186 
9.928186 
9.928186 
9.928186 
10.042892 
10.042892 
10.391200 
10.391200 
10.389605 
10.389605 
10.417925 
10.417925 
10.417925 
10.417925 
10.417925 
10.417925 
10.417925 
10.416088 
10.416088 
10.416088 
10.416088 
10.416088 
10.418904 
10.418904 
10.492952 
10.492952 
10.492952 
10.492952 
10.492952 
10.492952 
10.492952 
10.579630 
10.579630 
10.579630 
10.579630 
10.579630 
10.579630 
10.579630 
10.579630 
10.579630 
10.579630 
10.579630 
10.634464 
10.744363 
10.744363 
10.744363 
10.744363 
10.744363 
10.576857 
10.576857 
10.576857 
10.503036 
10.503036 
10.503036 
10.503036 
10.503036 
10.503036 
10.503036 
10.503036 
10.503036 
10.503036 
10.546544 
10.546544 
10.546544 
10.546544 
10.546544 
10.546544 
10.546544 
10.677675 
10.677675 
10.677675 
11.065206 
11.065206 
11.174177 
11.174177 
11.174177 
11.096975 
11.096975 
11.096975 
11.096975 
11.096975 
11.096975 
11.096975 
11.096975 
11.104099 
11.075114 
11.075114 
11.075114 
10.819838 
10.819838 
10.819838 
10.819838 
10.847153 
10.847153 
10.677197 
10.637583 
10.637583 
10.725471 
10.815710 
10.815710 
10.774711 
10.774711 
10.774711 
10.774711 
10.780036 
10.780036 
10.780036 
10.780036 
10.780036 
10.780036 
10.780036 
10.780036 
10.780036 
10.705354 
10.528266 
10.578183 
10.578183 
10.578183 
10.578183 
10.578183 
10.578183 
10.578183 
10.578183 
10.578183 
10.578183 
10.578183 
10.578183 
10.578183 
10.586500 
10.586500 
10.586500 
10.586500 
10.586500 
10.586500 
10.586500 
10.573480 
10.573480 
10.573480 
10.573480 
10.573480 
10.769619 
10.769619 
10.769619 
10.769619 
10.769619 
10.769619 
10.769619 
10.815475 
10.815475 
10.815475 
10.815475 
10.815475 
10.815475 
10.815475 
10.815475 
10.822312 
10.879676 
10.879676 
10.879676 
10.879676 
10.879676 
10.842213 
10.892565 
10.892565 
10.892565 
10.892565 
10.858200 
10.858200 
10.858200 
10.858200 
10.858200 
10.858200 
10.858200 
10.858200 
10.858200 
10.858200 
10.858200 
10.858200 
10.858200 
10.858200 
10.858200 
10.858200 
10.868063 
10.868063 
10.868063 
10.868063 
10.868063 
10.868063 
10.868063 
10.868063 
10.868063 
10.868063 
10.868063 
10.868063 
10.868063 
10.868063 
10.868063 
10.868063 
10.868063 
10.868063 
10.868063 
10.868063 
10.868063 
10.748635 
10.748635 
10.748635 
10.748635 
10.748635 
10.748635 
10.748635 
10.748635 
10.748635 
10.748635 
10.748635 
10.748635 
10.748635 
10.748635 
10.748635 
10.748635 
10.748635 
10.748635 
10.754685 
10.754685 
10.754685 
10.760021 
10.760021 
10.760021 
10.760021 
10.760021 
10.760021 
10.760021 
10.760021 
10.760021 
10.789380 
10.789380 
10.789380 
10.789380 
10.789380 
10.789380 
10.789380 
10.789380 
10.789380 
10.789380 
10.789380 
10.906490 
10.906490 
10.906490 
10.906490 
10.906490 
10.906490 
10.906490 
10.906490 
10.906490 
10.906490 
10.906490 
10.906490 
10.906490 
10.870762 
10.870762 
10.870762 
11.072580 
11.072580 
11.072580 
11.072580 
11.072580 
11.072580 
11.072580 
11.072580 
11.072580 
11.119940 
11.119940 
11.119940 
11.119940 
11.119940 
11.119940 
11.119940 
11.119940 
11.119940 
11.119940 
11.119940 
11.119940 
11.119940 
11.119940 
11.119940 
11.119940 
11.119940 
11.119940 
11.119940 
11.213035 
11.130030 
11.130030 
11.130030 
11.130030 
11.130030 
11.130030 
11.130030 
11.137476 
11.137476 
11.137476 
11.137476 
11.137476 
11.137476 
11.137476 
11.137476 
11.137476 
11.137476 
11.137476 
11.137476 
11.137476 
11.137476 
11.137476 
11.270785 
11.270785 
11.270785 
11.270785 
11.270785 
11.270785 
11.270785 
11.270785 
11.270785 
11.270785 
11.270785 
11.270785 
11.270785 
11.270785 
11.270785 
11.270785 
11.270785 
11.270785 
11.270785 
11.270785 
11.270785 
11.270785 
11.270785 
