1.904978999999999978e+00 2.406131999999999938e+00 3.068943823510785318e+00
1.935810999999999948e+00 2.416500000000000092e+00 3.096261693998264342e+00
2.077447999999999961e+00 2.386363999999999930e+00 3.163941107732569868e+00
1.970841000000000065e+00 2.300454999999999917e+00 3.029242059378219665e+00
1.970841000000000065e+00 2.087555000000000049e+00 2.870905802234897219e+00
2.048747999999999791e+00 2.028739999999999988e+00 2.883254126001383089e+00
2.007223999999999897e+00 2.048747999999999791e+00 2.868155601371724650e+00
1.957438999999999929e+00 1.980826999999999893e+00 2.784823700461125817e+00
2.013114999999999988e+00 1.980826999999999893e+00 2.824235756298330013e+00
2.002629000000000214e+00 2.026145000000000085e+00 2.848821944710831389e+00
2.049387999999999987e+00 2.023543000000000092e+00 2.880055111867306117e+00
2.000000000000000000e+00 2.023543000000000092e+00 2.845123243876968022e+00
1.997366999999999893e+00 2.015727000000000046e+00 2.837715678361382388e+00
2.002629000000000214e+00 1.926952999999999916e+00 2.779149289953672053e+00
1.957438999999999929e+00 1.926952999999999916e+00 2.746764515376227234e+00
1.904978999999999978e+00 1.930371000000000059e+00 2.712061427785513956e+00
1.877146999999999899e+00 1.932412999999999936e+00 2.694049157342530698e+00
1.930366999999999944e+00 1.849609000000000059e+00 2.673456602896333134e+00
1.926952999999999916e+00 1.877143999999999924e+00 2.690133353747542255e+00
2.041671000000000014e+00 1.902903999999999929e+00 2.790961143666640165e+00
2.109503000000000128e+00 1.949362000000000039e+00 2.872283954286727781e+00
2.139232999999999940e+00 1.860249000000000041e+00 2.834932833470662494e+00
1.962811000000000083e+00 1.926952999999999916e+00 2.750595369357332398e+00
1.888330000000000064e+00 1.904981999999999953e+00 2.682302482797941146e+00
1.894592000000000054e+00 1.904981999999999953e+00 2.686714586030306329e+00
1.871532999999999891e+00 1.904981999999999953e+00 2.670504107919139614e+00
1.930366000000000026e+00 1.863782000000000050e+00 2.683280871895449060e+00
1.960129000000000010e+00 1.832453000000000110e+00 2.683279652561394890e+00
2.062190999999999885e+00 1.843199000000000032e+00 2.765865917589281686e+00
2.154554000000000080e+00 1.888330000000000064e+00 2.864942081057835210e+00
2.154554000000000080e+00 1.888330000000000064e+00 2.864942081057835210e+00
2.154554000000000080e+00 1.888330000000000064e+00 2.864942081057835210e+00
2.154554000000000080e+00 1.984151999999999916e+00 2.928986530870362426e+00
2.154554000000000080e+00 1.984151999999999916e+00 2.928986530870362426e+00
2.092594000000000065e+00 1.904981999999999953e+00 2.829824388395859369e+00
2.187885000000000080e+00 1.960129000000000010e+00 2.937506845926661114e+00
2.152109999999999967e+00 1.960129000000000010e+00 2.910959145838532436e+00
2.100125999999999937e+00 1.986132000000000009e+00 2.890544851286691141e+00
2.092592999999999925e+00 1.986132000000000009e+00 2.885076391548930808e+00
2.092592999999999925e+00 1.930363999999999969e+00 2.846972187455472980e+00
2.092592999999999925e+00 1.930363999999999969e+00 2.846972187455472980e+00
2.092592999999999925e+00 1.930363999999999969e+00 2.846972187455472980e+00
2.149051000000000045e+00 1.930363999999999969e+00 2.888723831226688965e+00
2.134307000000000176e+00 1.871536000000000088e+00 2.838646397412858846e+00
2.186080000000000023e+00 1.871536000000000088e+00 2.877775662850737159e+00
2.186080000000000023e+00 1.894592999999999972e+00 2.892823603687062040e+00
2.211809999999999832e+00 1.935807999999999973e+00 2.939295168737566577e+00
2.211809999999999832e+00 2.049393999999999938e+00 3.015314120176536328e+00
2.212404999999999955e+00 2.012464000000000031e+00 2.990777028686859573e+00
2.139232999999999940e+00 2.012464000000000031e+00 2.937061316960372981e+00
2.139232999999999940e+00 1.932412999999999936e+00 2.882800345299341149e+00
2.058997000000000188e+00 1.932412999999999936e+00 2.823772060308338716e+00
1.976172999999999957e+00 1.932412999999999936e+00 2.763960876803070565e+00
1.976172999999999957e+00 1.843199000000000032e+00 2.702340148747007564e+00
1.976172999999999957e+00 1.831738000000000088e+00 2.694535920445856547e+00
1.976172999999999957e+00 1.922172999999999909e+00 2.756811340635771490e+00
2.041672000000000153e+00 1.922172999999999909e+00 2.804135089027095962e+00
2.041672000000000153e+00 1.922172999999999909e+00 2.804135089027095962e+00
1.970839000000000008e+00 1.954075000000000006e+00 2.775358619988775644e+00
1.932409999999999961e+00 1.954075000000000006e+00 2.748202596921303975e+00
1.932409999999999961e+00 1.954075000000000006e+00 2.748202596921303975e+00
1.932409999999999961e+00 1.954075000000000006e+00 2.748202596921303975e+00
1.932409999999999961e+00 1.932406999999999986e+00 2.732838308745872524e+00
1.932409999999999961e+00 1.960129000000000010e+00 2.752510509469673128e+00
1.919429999999999970e+00 1.932412999999999936e+00 2.723679776968834343e+00
1.919429999999999970e+00 1.932412999999999936e+00 2.723679776968834343e+00
1.919429999999999970e+00 1.954082000000000097e+00 2.739096199045225166e+00
1.814416999999999947e+00 2.002625999999999795e+00 2.702336016442995703e+00
1.860249000000000041e+00 2.099498999999999782e+00 2.805070835647827110e+00
1.860249000000000041e+00 2.117598000000000091e+00 2.818642870532732214e+00
1.755441999999999947e+00 2.117598000000000091e+00 2.750599553727877566e+00
1.755441999999999947e+00 2.117598000000000091e+00 2.750599553727877566e+00
1.759187000000000056e+00 2.058996000000000048e+00 2.708173448836872499e+00
1.877146999999999899e+00 2.023549000000000042e+00 2.760150614551676984e+00
1.877146999999999899e+00 1.986132000000000009e+00 2.732837569456516569e+00
1.877146999999999899e+00 1.986132000000000009e+00 2.732837569456516569e+00
1.877146999999999899e+00 1.986132000000000009e+00 2.732837569456516569e+00
1.877146999999999899e+00 1.919429999999999970e+00 2.684751829221650787e+00
1.877146999999999899e+00 1.919429999999999970e+00 2.684751829221650787e+00
1.877849000000000101e+00 1.919429999999999970e+00 2.685242706293232029e+00
1.904981000000000035e+00 1.919429999999999970e+00 2.704286252463115048e+00
1.957440999999999987e+00 1.959459999999999980e+00 2.769667626283160988e+00
1.954078999999999899e+00 1.959459999999999980e+00 2.767292581177675181e+00
1.894589999999999996e+00 1.970836999999999950e+00 2.733801336723098441e+00
1.785172999999999899e+00 1.970836999999999950e+00 2.659142929685803569e+00
1.785172999999999899e+00 1.871536000000000088e+00 2.586404770956201471e+00
1.785172999999999899e+00 1.852448000000000095e+00 2.572626329771387610e+00
1.785172999999999899e+00 1.852448000000000095e+00 2.572626329771387610e+00
1.785172999999999899e+00 1.852448000000000095e+00 2.572626329771387610e+00
1.774081999999999937e+00 2.002632000000000190e+00 2.675425549356214017e+00
1.731289999999999996e+00 2.002632000000000190e+00 2.647243848141685785e+00
1.731289999999999996e+00 2.033272999999999886e+00 2.670498859132690139e+00
1.761428999999999911e+00 2.033272999999999886e+00 2.690135910055475144e+00
1.725200000000000067e+00 2.064100999999999964e+00 2.690135308530223313e+00
1.725200000000000067e+00 2.064100999999999964e+00 2.690135308530223313e+00
1.725200000000000067e+00 2.064100999999999964e+00 2.690135308530223313e+00
1.725200000000000067e+00 2.013114999999999988e+00 2.651216144192132695e+00
1.725200000000000067e+00 1.984145000000000048e+00 2.629286294990524908e+00
1.725200000000000067e+00 1.984145000000000048e+00 2.629286294990524908e+00
1.641564999999999941e+00 1.980833000000000066e+00 2.572631925308010103e+00
1.641564999999999941e+00 1.976169999999999982e+00 2.569043307950451549e+00
1.681947000000000081e+00 1.976169999999999982e+00 2.595032481436215122e+00
1.814416000000000029e+00 1.976169999999999982e+00 2.682788342369930579e+00
1.902905999999999986e+00 2.048747999999999791e+00 2.796143703807083991e+00
1.902905999999999986e+00 2.048747999999999791e+00 2.796143703807083991e+00
1.902905999999999986e+00 2.142307999999999879e+00 2.865403080144222958e+00
1.902905999999999986e+00 2.142307999999999879e+00 2.865403080144222958e+00
1.960129000000000010e+00 2.149666999999999994e+00 2.909153469229493805e+00
1.960129000000000010e+00 2.187882000000000104e+00 2.937504611496805751e+00
1.959457999999999922e+00 2.187882000000000104e+00 2.937056911210268240e+00
1.871531999999999973e+00 2.187882000000000104e+00 2.879142176577599965e+00
1.802775999999999934e+00 2.187882000000000104e+00 2.834930149421674983e+00
1.814416000000000029e+00 2.211812999999999807e+00 2.860807957208067798e+00
1.860956000000000055e+00 2.211812999999999807e+00 2.890549079483861750e+00
1.932409999999999961e+00 2.211812999999999807e+00 2.937060631833976920e+00
1.919429999999999970e+00 2.174007000000000023e+00 2.900089302236915412e+00
1.919429999999999970e+00 2.174007000000000023e+00 2.900089302236915412e+00
1.932411000000000101e+00 2.174007000000000023e+00 2.908697080991762274e+00
1.932411000000000101e+00 2.183072000000000124e+00 2.915478627962311275e+00
1.932411000000000101e+00 2.183072000000000124e+00 2.915478627962311275e+00
1.932411000000000101e+00 2.183072000000000124e+00 2.915478627962311275e+00
1.916685999999999890e+00 2.183072000000000124e+00 2.905079788883603076e+00
1.852451000000000070e+00 2.183072000000000124e+00 2.863106366271606085e+00
1.852451000000000070e+00 2.261807999999999819e+00 2.923585151191085085e+00
1.852451000000000070e+00 2.291288000000000213e+00 2.946451324278919870e+00
1.852451000000000070e+00 2.291288000000000213e+00 2.946451324278919870e+00
1.773341000000000056e+00 2.412138000000000115e+00 2.993851705299546140e+00
1.773341000000000056e+00 2.412138000000000115e+00 2.993851705299546140e+00
1.719853000000000076e+00 2.326057000000000041e+00 2.892824832038400462e+00
1.719853000000000076e+00 2.326057000000000041e+00 2.892824832038400462e+00
1.719853000000000076e+00 2.326057000000000041e+00 2.892824832038400462e+00
1.719853000000000076e+00 2.416497000000000117e+00 2.966033056561912407e+00
1.725200000000000067e+00 2.416497000000000117e+00 2.969136708036361316e+00
1.761427999999999994e+00 2.459677000000000113e+00 3.025332964074037179e+00
1.761427999999999994e+00 2.412142999999999926e+00 2.986814766876747740e+00
1.701392999999999933e+00 2.412142999999999926e+00 2.951808258152619047e+00
1.759185999999999916e+00 2.412142999999999926e+00 2.985493130965971798e+00
1.694417999999999980e+00 2.386362000000000094e+00 2.926734691386973175e+00
1.694417999999999980e+00 2.386362000000000094e+00 2.926734691386973175e+00
1.694417999999999980e+00 2.386362000000000094e+00 2.926734691386973175e+00
1.694417999999999980e+00 2.446801999999999921e+00 2.976221158772983433e+00
1.694417999999999980e+00 2.446801999999999921e+00 2.976221158772983433e+00
1.694417999999999980e+00 2.446801999999999921e+00 2.976221158772983433e+00
1.657518000000000047e+00 2.446801999999999921e+00 2.955369003614946255e+00
1.743408999999999986e+00 2.525659999999999794e+00 3.068946623335276680e+00
1.743408999999999986e+00 2.525659999999999794e+00 3.068946623335276680e+00
1.704482999999999970e+00 2.525659999999999794e+00 3.047001925317573523e+00
1.704482999999999970e+00 2.531905000000000072e+00 3.052180405269977026e+00
1.725200000000000067e+00 2.531905000000000072e+00 3.063797964785700767e+00
1.700619000000000103e+00 2.531905000000000072e+00 3.050024247802958222e+00
1.700619000000000103e+00 2.523048999999999875e+00 3.042676657083693392e+00
1.777047000000000043e+00 2.523048999999999875e+00 3.086044765814326407e+00
1.777047000000000043e+00 2.523048999999999875e+00 3.086044765814326407e+00
1.777047000000000043e+00 2.533980000000000121e+00 3.094987993613060873e+00
1.700619000000000103e+00 2.533980000000000121e+00 3.051746978955005130e+00
1.700619000000000103e+00 2.533980000000000121e+00 3.051746978955005130e+00
1.755443000000000087e+00 2.459677000000000113e+00 3.021852258231365163e+00
1.755443000000000087e+00 2.459677000000000113e+00 3.021852258231365163e+00
1.755443000000000087e+00 2.403941999999999801e+00 2.976662101349933032e+00
1.755443000000000087e+00 2.403941999999999801e+00 2.976662101349933032e+00
1.755443000000000087e+00 2.403941999999999801e+00 2.976662101349933032e+00
1.838192000000000048e+00 2.403941999999999801e+00 3.026200087275789929e+00
1.785172999999999899e+00 2.403941999999999801e+00 2.994291198145731414e+00
1.759187000000000056e+00 2.403941999999999801e+00 2.978871605211107276e+00
1.761428999999999911e+00 2.412142999999999926e+00 2.986815356611452810e+00
1.731290999999999913e+00 2.412142999999999926e+00 2.969141690645631826e+00
1.759185999999999916e+00 2.412142999999999926e+00 2.985493130965971798e+00
1.694417999999999980e+00 2.412142999999999926e+00 2.947793447847558923e+00
1.719853000000000076e+00 2.412142999999999926e+00 2.962486825972058035e+00
1.773341000000000056e+00 2.412142999999999926e+00 2.993855733787117668e+00
1.794729000000000019e+00 2.412142999999999926e+00 3.006573803499591691e+00
1.755443000000000087e+00 2.412142999999999926e+00 2.983289120869447419e+00
1.682730000000000059e+00 2.412142999999999926e+00 2.941090631950841860e+00
1.669383000000000061e+00 2.412142999999999926e+00 2.933474638229892850e+00
1.669383000000000061e+00 2.419217999999999869e+00 2.939295040007552373e+00
1.669383000000000061e+00 2.419217999999999869e+00 2.939295040007552373e+00
1.669383000000000061e+00 2.419217999999999869e+00 2.939295040007552373e+00
1.618965999999999905e+00 2.419217999999999869e+00 2.910956310335144792e+00
1.565247999999999973e+00 2.419217999999999869e+00 2.881426215093490839e+00
1.565247999999999973e+00 2.419217999999999869e+00 2.881426215093490839e+00
1.507873999999999937e+00 2.419217999999999869e+00 2.850666541600402670e+00
1.507873999999999937e+00 2.419217999999999869e+00 2.850666541600402670e+00
1.446410999999999891e+00 2.419217999999999869e+00 2.818638059851778621e+00
1.446410999999999891e+00 2.446801999999999921e+00 2.842348467047099980e+00
1.446410999999999891e+00 2.446801999999999921e+00 2.842348467047099980e+00
1.446410999999999891e+00 2.446801999999999921e+00 2.842348467047099980e+00
1.446410999999999891e+00 2.446801999999999921e+00 2.842348467047099980e+00
1.446410999999999891e+00 2.446801999999999921e+00 2.842348467047099980e+00
1.446410999999999891e+00 2.446801999999999921e+00 2.842348467047099980e+00
1.417929999999999913e+00 2.446801999999999921e+00 2.827961370334467706e+00
1.417929999999999913e+00 2.446801999999999921e+00 2.827961370334467706e+00
1.417929999999999913e+00 2.408320999999999934e+00 2.794733533620155086e+00
1.417929999999999913e+00 2.408320999999999934e+00 2.794733533620155086e+00
1.417929999999999913e+00 2.408320999999999934e+00 2.794733533620155086e+00
1.417929999999999913e+00 2.408320999999999934e+00 2.794733533620155086e+00
1.417929999999999913e+00 2.408320999999999934e+00 2.794733533620155086e+00
1.417929999999999913e+00 2.323221000000000203e+00 2.721742327947485940e+00
1.417929999999999913e+00 2.350248999999999810e+00 2.744848966136570478e+00
1.417929999999999913e+00 2.350248999999999810e+00 2.744848966136570478e+00
1.460893999999999915e+00 2.350248999999999810e+00 2.767287777090955192e+00
1.460893999999999915e+00 2.350248999999999810e+00 2.767287777090955192e+00
1.460893999999999915e+00 2.350248999999999810e+00 2.767287777090955192e+00
1.460893999999999915e+00 2.350248999999999810e+00 2.767287777090955192e+00
1.429022999999999932e+00 2.350248999999999810e+00 2.750595771197577921e+00
1.429022999999999932e+00 2.350248999999999810e+00 2.750595771197577921e+00
1.429022999999999932e+00 2.259482999999999908e+00 2.673456594339620018e+00
1.429022999999999932e+00 2.282083999999999779e+00 2.692585025135696419e+00
1.429022999999999932e+00 2.280349000000000181e+00 2.691114694012501918e+00
1.429022999999999932e+00 2.280349000000000181e+00 2.691114694012501918e+00
1.429022999999999932e+00 2.368103000000000069e+00 2.765866691136432909e+00
1.429022999999999932e+00 2.430072000000000010e+00 2.819105648909419504e+00
1.431782000000000110e+00 2.430072000000000010e+00 2.820505206644369878e+00
1.431782000000000110e+00 2.430072000000000010e+00 2.820505206644369878e+00
1.431782000000000110e+00 2.430072000000000010e+00 2.820505206644369878e+00
1.395480999999999971e+00 2.430072000000000010e+00 2.802252156131742389e+00
1.465389999999999970e+00 2.430072000000000010e+00 2.837713476953584113e+00
1.460893999999999915e+00 2.430072000000000010e+00 2.835394364884715745e+00
1.525225999999999971e+00 2.430072000000000010e+00 2.869070280815721130e+00
1.446410999999999891e+00 2.430072000000000010e+00 2.827959459770418960e+00
1.446410999999999891e+00 2.403397000000000006e+00 2.805070751430344789e+00
1.446410999999999891e+00 2.330576999999999899e+00 2.742935277007096939e+00
1.446410999999999891e+00 2.330576999999999899e+00 2.742935277007096939e+00
1.507873999999999937e+00 2.330576999999999899e+00 2.775837378667021405e+00
1.507873999999999937e+00 2.330576999999999899e+00 2.775837378667021405e+00
1.507873999999999937e+00 2.323221000000000203e+00 2.769664206129869743e+00
1.507873999999999937e+00 2.359752999999999989e+00 2.800378228183650453e+00
1.507873999999999937e+00 2.359752999999999989e+00 2.800378228183650453e+00
1.424411000000000094e+00 2.359752999999999989e+00 2.756334689026352702e+00
1.394538000000000055e+00 2.359752999999999989e+00 2.741016317801300506e+00
1.394538000000000055e+00 2.372536999999999896e+00 2.752029805400551865e+00
1.414214000000000082e+00 2.372536999999999896e+00 2.762052326471205799e+00
1.414214000000000082e+00 2.372536999999999896e+00 2.762052326471205799e+00
1.414214000000000082e+00 2.427907999999999955e+00 2.809757728748156769e+00
1.414214000000000082e+00 2.468750000000000000e+00 2.845123512309439384e+00
1.414214000000000082e+00 2.468750000000000000e+00 2.845123512309439384e+00
1.372665000000000024e+00 2.455395000000000216e+00 2.813036403648200512e+00
1.372665000000000024e+00 2.455395000000000216e+00 2.813036403648200512e+00
1.372665000000000024e+00 2.336777000000000104e+00 2.710117331399878537e+00
1.372665000000000024e+00 2.336777000000000104e+00 2.710117331399878537e+00
1.372665000000000024e+00 2.336777000000000104e+00 2.710117331399878537e+00
1.372665000000000024e+00 2.336777000000000104e+00 2.710117331399878537e+00
1.372665000000000024e+00 2.336777000000000104e+00 2.710117331399878537e+00
1.472555999999999976e+00 2.336777000000000104e+00 2.762055017711450233e+00
1.472555999999999976e+00 2.336777000000000104e+00 2.762055017711450233e+00
1.472555999999999976e+00 2.336777000000000104e+00 2.762055017711450233e+00
1.472555999999999976e+00 2.336777000000000104e+00 2.762055017711450233e+00
1.409553999999999974e+00 2.336777000000000104e+00 2.728986849848309415e+00
1.409553999999999974e+00 2.336777000000000104e+00 2.728986849848309415e+00
1.409553999999999974e+00 2.336777000000000104e+00 2.728986849848309415e+00
1.341641000000000084e+00 2.336777000000000104e+00 2.694536568801767284e+00
1.308875999999999928e+00 2.336777000000000104e+00 2.678373224758827220e+00
1.308875999999999928e+00 2.336777000000000104e+00 2.678373224758827220e+00
1.308875999999999928e+00 2.336777000000000104e+00 2.678373224758827220e+00
1.308875999999999928e+00 2.336777000000000104e+00 2.678373224758827220e+00
1.308875999999999928e+00 2.336777000000000104e+00 2.678373224758827220e+00
1.273206000000000060e+00 2.336777000000000104e+00 2.661123872758462738e+00
1.273206000000000060e+00 2.336777000000000104e+00 2.661123872758462738e+00
1.273206000000000060e+00 2.336777000000000104e+00 2.661123872758462738e+00
1.273206000000000060e+00 2.336777000000000104e+00 2.661123872758462738e+00
1.273206000000000060e+00 2.336777000000000104e+00 2.661123872758462738e+00
1.273206000000000060e+00 2.336777000000000104e+00 2.661123872758462738e+00
1.273206000000000060e+00 2.336777000000000104e+00 2.661123872758462738e+00
1.273206000000000060e+00 2.364208999999999783e+00 2.685244442153637223e+00
1.234375999999999918e+00 2.364208999999999783e+00 2.667052362638761220e+00
1.234375999999999918e+00 2.364208999999999783e+00 2.667052362638761220e+00
1.235441999999999929e+00 2.364208999999999783e+00 2.667545900457009900e+00
1.316894000000000009e+00 2.345766999999999936e+00 2.690136172301506257e+00
1.313892999999999978e+00 2.257150000000000212e+00 2.611712261706676141e+00
1.348487999999999909e+00 2.236067999999999945e+00 2.611210444749330950e+00
1.348487999999999909e+00 2.236067999999999945e+00 2.611210444749330950e+00
1.348487999999999909e+00 2.236067999999999945e+00 2.611210444749330950e+00
1.348487999999999909e+00 2.235482000000000191e+00 2.610708650628790650e+00
1.348487999999999909e+00 2.235482000000000191e+00 2.610708650628790650e+00
1.348487999999999909e+00 2.235482000000000191e+00 2.610708650628790650e+00
1.348487999999999909e+00 2.235482000000000191e+00 2.610708650628790650e+00
1.348487999999999909e+00 2.235482000000000191e+00 2.610708650628790650e+00
1.341641000000000084e+00 2.235482000000000191e+00 2.607178617817544453e+00
1.341641000000000084e+00 2.137383999999999951e+00 2.523571068216031055e+00
1.251314999999999955e+00 2.137383999999999951e+00 2.476731635175882573e+00
1.251314999999999955e+00 2.137383999999999951e+00 2.476731635175882573e+00
1.251314999999999955e+00 2.058996000000000048e+00 2.409409420841754912e+00
1.251314999999999955e+00 2.058996000000000048e+00 2.409409420841754912e+00
1.196485999999999938e+00 2.058996000000000048e+00 2.381395237295144796e+00
1.196485999999999938e+00 2.058996000000000048e+00 2.381395237295144796e+00
1.136708000000000052e+00 2.079969999999999875e+00 2.370312274398459707e+00
1.136708000000000052e+00 2.124419000000000057e+00 2.409410958061119157e+00
1.136708000000000052e+00 2.124419000000000057e+00 2.409410958061119157e+00
1.136708000000000052e+00 2.124419000000000057e+00 2.409410958061119157e+00
1.136708000000000052e+00 2.142307999999999879e+00 2.425198681371899312e+00
1.136708000000000052e+00 2.142307999999999879e+00 2.425198681371899312e+00
1.136708000000000052e+00 2.142307999999999879e+00 2.425198681371899312e+00
1.136708000000000052e+00 2.142307999999999879e+00 2.425198681371899312e+00
1.165286999999999962e+00 2.074910000000000032e+00 2.379736393063105915e+00
1.165286999999999962e+00 2.074910000000000032e+00 2.379736393063105915e+00
1.165286999999999962e+00 2.074910000000000032e+00 2.379736393063105915e+00
1.145931000000000033e+00 2.074910000000000032e+00 2.370318410016047039e+00
1.145931000000000033e+00 2.074910000000000032e+00 2.370318410016047039e+00
1.145931000000000033e+00 2.074910000000000032e+00 2.370318410016047039e+00
1.145931000000000033e+00 2.012450999999999990e+00 2.315840427180162919e+00
1.145931000000000033e+00 2.012450999999999990e+00 2.315840427180162919e+00
1.145931000000000033e+00 1.946657000000000082e+00 2.258900469788343912e+00
1.145931000000000033e+00 1.904981999999999953e+00 2.223086655325203331e+00
1.145931000000000033e+00 1.904981999999999953e+00 2.223086655325203331e+00
1.145931000000000033e+00 1.904981999999999953e+00 2.223086655325203331e+00
1.145931000000000033e+00 1.926952999999999916e+00 2.241942399119567053e+00
1.145931000000000033e+00 1.926952999999999916e+00 2.241942399119567053e+00
1.145931000000000033e+00 1.926952999999999916e+00 2.241942399119567053e+00
1.145931000000000033e+00 1.926952999999999916e+00 2.241942399119567053e+00
1.145931000000000033e+00 1.926952999999999916e+00 2.241942399119567053e+00
1.145931000000000033e+00 1.852441000000000004e+00 2.178232199569642091e+00
1.145931000000000033e+00 1.852441000000000004e+00 2.178232199569642091e+00
1.145931000000000033e+00 1.852441000000000004e+00 2.178232199569642091e+00
1.145931000000000033e+00 1.852441000000000004e+00 2.178232199569642091e+00
1.145931000000000033e+00 1.831738000000000088e+00 2.160653132135049503e+00
1.145931000000000033e+00 1.831738000000000088e+00 2.160653132135049503e+00
1.145931000000000033e+00 1.831738000000000088e+00 2.160653132135049503e+00
1.145931000000000033e+00 1.831738000000000088e+00 2.160653132135049503e+00
1.145931000000000033e+00 1.831738000000000088e+00 2.160653132135049503e+00
1.145931000000000033e+00 1.831738000000000088e+00 2.160653132135049503e+00
1.169794999999999918e+00 1.831738000000000088e+00 2.173403883927007563e+00
1.145931000000000033e+00 1.831738000000000088e+00 2.160653132135049503e+00
1.145931000000000033e+00 1.838194000000000106e+00 2.166129044724021124e+00
1.145931000000000033e+00 1.838194000000000106e+00 2.166129044724021124e+00
1.145931000000000033e+00 1.838194000000000106e+00 2.166129044724021124e+00
1.145931000000000033e+00 1.814413000000000054e+00 2.145985179662245557e+00
1.145931000000000033e+00 1.759184000000000081e+00 2.099496654585808031e+00
1.145931000000000033e+00 1.731279000000000012e+00 2.076170713742489848e+00
1.165286999999999962e+00 1.731279000000000012e+00 2.086916569537459853e+00
1.089423000000000030e+00 1.731279000000000012e+00 2.045524247905656345e+00
1.056308999999999942e+00 1.731279000000000012e+00 2.028081773332130577e+00
1.069924000000000097e+00 1.731279000000000012e+00 2.035206215993111911e+00
1.069924000000000097e+00 1.731279000000000012e+00 2.035206215993111911e+00
1.069924000000000097e+00 1.731279000000000012e+00 2.035206215993111911e+00
1.031095000000000095e+00 1.731279000000000012e+00 2.015064235915570379e+00
1.031095000000000095e+00 1.731279000000000012e+00 2.015064235915570379e+00
1.031095000000000095e+00 1.731279000000000012e+00 2.015064235915570379e+00
9.947230000000000238e-01 1.731279000000000012e+00 1.996697478981230178e+00
9.947230000000000238e-01 1.731279000000000012e+00 1.996697478981230178e+00
9.947230000000000238e-01 1.731279000000000012e+00 1.996697478981230178e+00
9.947230000000000238e-01 1.731279000000000012e+00 1.996697478981230178e+00
9.947230000000000238e-01 1.731279000000000012e+00 1.996697478981230178e+00
9.947230000000000238e-01 1.605909999999999949e+00 1.889026409246043370e+00
9.947230000000000238e-01 1.605909999999999949e+00 1.889026409246043370e+00
9.947230000000000238e-01 1.605909999999999949e+00 1.889026409246043370e+00
9.947230000000000238e-01 1.605909999999999949e+00 1.889026409246043370e+00
9.947230000000000238e-01 1.605909999999999949e+00 1.889026409246043370e+00
9.947230000000000238e-01 1.605909999999999949e+00 1.889026409246043370e+00
9.947230000000000238e-01 1.605094000000000021e+00 1.888332755518740802e+00
9.947230000000000238e-01 1.635137000000000063e+00 1.913934914122734865e+00
9.947230000000000238e-01 1.565244000000000080e+00 1.854578827190960899e+00
9.947230000000000238e-01 1.565244000000000080e+00 1.854578827190960899e+00
9.986829999999999874e-01 1.565244000000000080e+00 1.856705823232371877e+00
9.986829999999999874e-01 1.525212999999999930e+00 1.823085963375835838e+00
9.986829999999999874e-01 1.525212999999999930e+00 1.823085963375835838e+00
9.986829999999999874e-01 1.525212999999999930e+00 1.823085963375835838e+00
9.986829999999999874e-01 1.525212999999999930e+00 1.823085963375835838e+00
9.986829999999999874e-01 1.525212999999999930e+00 1.823085963375835838e+00
9.986829999999999874e-01 1.525212999999999930e+00 1.823085963375835838e+00
9.986829999999999874e-01 1.517441999999999958e+00 1.816589650375945553e+00
9.986829999999999874e-01 1.517441999999999958e+00 1.816589650375945553e+00
9.986829999999999874e-01 1.517441999999999958e+00 1.816589650375945553e+00
9.986829999999999874e-01 1.517441999999999958e+00 1.816589650375945553e+00
9.986829999999999874e-01 1.517441999999999958e+00 1.816589650375945553e+00
9.986829999999999874e-01 1.507876999999999912e+00 1.808607415006916241e+00
9.459049999999999958e-01 1.507876999999999912e+00 1.780008234855670501e+00
9.445130000000000470e-01 1.507876999999999912e+00 1.779268910057723696e+00
9.445130000000000470e-01 1.507876999999999912e+00 1.779268910057723696e+00
9.403249999999999664e-01 1.507876999999999912e+00 1.777049282590102974e+00
9.403249999999999664e-01 1.531250000000000000e+00 1.796924502622466946e+00
9.403249999999999664e-01 1.531250000000000000e+00 1.796924502622466946e+00
9.403249999999999664e-01 1.531250000000000000e+00 1.796924502622466946e+00
9.403249999999999664e-01 1.531250000000000000e+00 1.796924502622466946e+00
9.880870000000000486e-01 1.531250000000000000e+00 1.822372761558128662e+00
9.880870000000000486e-01 1.410482999999999931e+00 1.722143493689767935e+00
9.880870000000000486e-01 1.316878999999999911e+00 1.646355435563657377e+00
9.880870000000000486e-01 1.316878999999999911e+00 1.646355435563657377e+00
9.880870000000000486e-01 1.316878999999999911e+00 1.646355435563657377e+00
9.880870000000000486e-01 1.316878999999999911e+00 1.646355435563657377e+00
9.880870000000000486e-01 1.316878999999999911e+00 1.646355435563657377e+00
9.880870000000000486e-01 1.316878999999999911e+00 1.646355435563657377e+00
9.880870000000000486e-01 1.316878999999999911e+00 1.646355435563657377e+00
9.880870000000000486e-01 1.316878999999999911e+00 1.646355435563657377e+00
9.880870000000000486e-01 1.316878999999999911e+00 1.646355435563657377e+00
9.787209999999999521e-01 1.316878999999999911e+00 1.640751381679137699e+00
9.787209999999999521e-01 1.256561999999999957e+00 1.592746952809830363e+00
9.787209999999999521e-01 1.256561999999999957e+00 1.592746952809830363e+00
9.104649999999999688e-01 1.256561999999999957e+00 1.551739210070107067e+00
9.104649999999999688e-01 1.256561999999999957e+00 1.551739210070107067e+00
9.104649999999999688e-01 1.256561999999999957e+00 1.551739210070107067e+00
9.104649999999999688e-01 1.256561999999999957e+00 1.551739210070107067e+00
9.104649999999999688e-01 1.256561999999999957e+00 1.551739210070107067e+00
9.104649999999999688e-01 1.234380000000000033e+00 1.533831966228700106e+00
9.104649999999999688e-01 1.234380000000000033e+00 1.533831966228700106e+00
9.104649999999999688e-01 1.119205999999999923e+00 1.442764217279108863e+00
9.104649999999999688e-01 1.119205999999999923e+00 1.442764217279108863e+00
9.104649999999999688e-01 1.196469000000000005e+00 1.503490799501613129e+00
9.104649999999999688e-01 1.196469000000000005e+00 1.503490799501613129e+00
8.944269999999999721e-01 1.196469000000000005e+00 1.493833232422548507e+00
8.944269999999999721e-01 1.196469000000000005e+00 1.493833232422548507e+00
8.944269999999999721e-01 1.196469000000000005e+00 1.493833232422548507e+00
8.944269999999999721e-01 1.196469000000000005e+00 1.493833232422548507e+00
8.944269999999999721e-01 1.196469000000000005e+00 1.493833232422548507e+00
8.750940000000000385e-01 1.196469000000000005e+00 1.482338549993556631e+00
8.750940000000000385e-01 1.196469000000000005e+00 1.482338549993556631e+00
8.750940000000000385e-01 1.118033999999999972e+00 1.419785030908552681e+00
8.750940000000000385e-01 1.182099000000000011e+00 1.470764275686963884e+00
8.750940000000000385e-01 1.182099000000000011e+00 1.470764275686963884e+00
8.750940000000000385e-01 1.182099000000000011e+00 1.470764275686963884e+00
8.750940000000000385e-01 1.182099000000000011e+00 1.470764275686963884e+00
8.750940000000000385e-01 1.095439999999999969e+00 1.402062160689033110e+00
8.750940000000000385e-01 1.095439999999999969e+00 1.402062160689033110e+00
8.750940000000000385e-01 1.095439999999999969e+00 1.402062160689033110e+00
8.750940000000000385e-01 1.095439999999999969e+00 1.402062160689033110e+00
8.750940000000000385e-01 1.095439999999999969e+00 1.402062160689033110e+00
8.750940000000000385e-01 1.095439999999999969e+00 1.402062160689033110e+00
8.750940000000000385e-01 1.095439999999999969e+00 1.402062160689033110e+00
8.750940000000000385e-01 1.145912999999999959e+00 1.441841223021800067e+00
8.750940000000000385e-01 1.145912999999999959e+00 1.441841223021800067e+00
7.181849999999999623e-01 1.145912999999999959e+00 1.352370621462178901e+00
7.181849999999999623e-01 1.050068000000000001e+00 1.272176284501876697e+00
7.181849999999999623e-01 1.046292000000000000e+00 1.269061323770053207e+00
7.591550000000000242e-01 1.046292000000000000e+00 1.292688385996021871e+00
7.591550000000000242e-01 1.046292000000000000e+00 1.292688385996021871e+00
7.591550000000000242e-01 1.039984999999999937e+00 1.287588876252820036e+00
7.591550000000000242e-01 1.039984999999999937e+00 1.287588876252820036e+00
7.591550000000000242e-01 1.039984999999999937e+00 1.287588876252820036e+00
7.591550000000000242e-01 1.039984999999999937e+00 1.287588876252820036e+00
7.591550000000000242e-01 1.039984999999999937e+00 1.287588876252820036e+00
7.591550000000000242e-01 1.039984999999999937e+00 1.287588876252820036e+00
7.591550000000000242e-01 9.665460000000000163e-01 1.229035184256740632e+00
7.591550000000000242e-01 9.665460000000000163e-01 1.229035184256740632e+00
7.591550000000000242e-01 9.665460000000000163e-01 1.229035184256740632e+00
7.591550000000000242e-01 9.665460000000000163e-01 1.229035184256740632e+00
7.591550000000000242e-01 9.665460000000000163e-01 1.229035184256740632e+00
7.591550000000000242e-01 9.665460000000000163e-01 1.229035184256740632e+00
7.591550000000000242e-01 9.665460000000000163e-01 1.229035184256740632e+00
7.591550000000000242e-01 9.665460000000000163e-01 1.229035184256740632e+00
7.254760000000000097e-01 9.665460000000000163e-01 1.208522484975765865e+00
7.254760000000000097e-01 9.665460000000000163e-01 1.208522484975765865e+00
7.254760000000000097e-01 9.665460000000000163e-01 1.208522484975765865e+00
7.254760000000000097e-01 9.665460000000000163e-01 1.208522484975765865e+00
7.254760000000000097e-01 9.665460000000000163e-01 1.208522484975765865e+00
7.254760000000000097e-01 9.665460000000000163e-01 1.208522484975765865e+00
7.254760000000000097e-01 8.944330000000000336e-01 1.151662197897022288e+00
7.254760000000000097e-01 8.944330000000000336e-01 1.151662197897022288e+00
7.254760000000000097e-01 8.944330000000000336e-01 1.151662197897022288e+00
7.254760000000000097e-01 8.944330000000000336e-01 1.151662197897022288e+00
7.254760000000000097e-01 8.944330000000000336e-01 1.151662197897022288e+00
7.254760000000000097e-01 8.944330000000000336e-01 1.151662197897022288e+00
7.254760000000000097e-01 8.944330000000000336e-01 1.151662197897022288e+00
7.254760000000000097e-01 8.944330000000000336e-01 1.151662197897022288e+00
7.254760000000000097e-01 8.944330000000000336e-01 1.151662197897022288e+00
7.254760000000000097e-01 8.944330000000000336e-01 1.151662197897022288e+00
6.048050000000000370e-01 8.944330000000000336e-01 1.079721945462812194e+00
6.048050000000000370e-01 8.750879999999999770e-01 1.063751895776924083e+00
6.407230000000000425e-01 8.750879999999999770e-01 1.084575940390067883e+00
6.407230000000000425e-01 8.750879999999999770e-01 1.084575940390067883e+00
5.871429999999999705e-01 8.750879999999999770e-01 1.053810186984828867e+00
5.871429999999999705e-01 8.750879999999999770e-01 1.053810186984828867e+00
5.871429999999999705e-01 9.119040000000000479e-01 1.084576326343609676e+00
5.871429999999999705e-01 9.119040000000000479e-01 1.084576326343609676e+00
5.871429999999999705e-01 9.119040000000000479e-01 1.084576326343609676e+00
5.871429999999999705e-01 9.119040000000000479e-01 1.084576326343609676e+00
6.155869999999999953e-01 9.119040000000000479e-01 1.100234638513530872e+00
6.155869999999999953e-01 9.119040000000000479e-01 1.100234638513530872e+00
6.155869999999999953e-01 9.119040000000000479e-01 1.100234638513530872e+00
6.155869999999999953e-01 9.119040000000000479e-01 1.100234638513530872e+00
6.155869999999999953e-01 9.119040000000000479e-01 1.100234638513530872e+00
6.155869999999999953e-01 9.119040000000000479e-01 1.100234638513530872e+00
6.155869999999999953e-01 8.870179999999999731e-01 1.079698238811659827e+00
6.155869999999999953e-01 9.176630000000000065e-01 1.105012550217417289e+00
6.386659999999999560e-01 9.176630000000000065e-01 1.118033828256104201e+00
6.386659999999999560e-01 9.176630000000000065e-01 1.118033828256104201e+00
6.386659999999999560e-01 9.176630000000000065e-01 1.118033828256104201e+00
6.386659999999999560e-01 9.176630000000000065e-01 1.118033828256104201e+00
6.386659999999999560e-01 9.176630000000000065e-01 1.118033828256104201e+00
6.386659999999999560e-01 9.176630000000000065e-01 1.118033828256104201e+00
6.386659999999999560e-01 9.176630000000000065e-01 1.118033828256104201e+00
6.386659999999999560e-01 9.176630000000000065e-01 1.118033828256104201e+00
6.386659999999999560e-01 9.176630000000000065e-01 1.118033828256104201e+00
6.386659999999999560e-01 9.445189999999999975e-01 1.140179986193846418e+00
6.386659999999999560e-01 9.445189999999999975e-01 1.140179986193846418e+00
6.386659999999999560e-01 9.445189999999999975e-01 1.140179986193846418e+00
6.386659999999999560e-01 9.445189999999999975e-01 1.140179986193846418e+00
6.386659999999999560e-01 9.445189999999999975e-01 1.140179986193846418e+00
6.386659999999999560e-01 9.445189999999999975e-01 1.140179986193846418e+00
6.386659999999999560e-01 9.119040000000000479e-01 1.113311800338072421e+00
6.386659999999999560e-01 1.005228999999999928e+00 1.190957430808087247e+00
6.386659999999999560e-01 1.005228999999999928e+00 1.190957430808087247e+00
6.386659999999999560e-01 1.005228999999999928e+00 1.190957430808087247e+00
5.712409999999999988e-01 1.005228999999999928e+00 1.156201376284425653e+00
5.712409999999999988e-01 1.005228999999999928e+00 1.156201376284425653e+00
5.712409999999999988e-01 1.005228999999999928e+00 1.156201376284425653e+00
5.712409999999999988e-01 1.005228999999999928e+00 1.156201376284425653e+00
5.712409999999999988e-01 1.005228999999999928e+00 1.156201376284425653e+00
5.712409999999999988e-01 1.005228999999999928e+00 1.156201376284425653e+00
5.712409999999999988e-01 1.005228999999999928e+00 1.156201376284425653e+00
5.712409999999999988e-01 1.005228999999999928e+00 1.156201376284425653e+00
5.712409999999999988e-01 1.005228999999999928e+00 1.156201376284425653e+00
5.712409999999999988e-01 1.005228999999999928e+00 1.156201376284425653e+00
5.712409999999999988e-01 1.005228999999999928e+00 1.156201376284425653e+00
5.712409999999999988e-01 1.005228999999999928e+00 1.156201376284425653e+00
5.712409999999999988e-01 1.005228999999999928e+00 1.156201376284425653e+00
5.712409999999999988e-01 1.019546000000000063e+00 1.168670323999458915e+00
5.712409999999999988e-01 1.031101000000000045e+00 1.178764417634838413e+00
5.712409999999999988e-01 1.031101000000000045e+00 1.178764417634838413e+00
5.871429999999999705e-01 1.031101000000000045e+00 1.186552221627855674e+00
5.871429999999999705e-01 1.031101000000000045e+00 1.186552221627855674e+00
5.871429999999999705e-01 1.031101000000000045e+00 1.186552221627855674e+00
5.871429999999999705e-01 1.031101000000000045e+00 1.186552221627855674e+00
5.871429999999999705e-01 1.031101000000000045e+00 1.186552221627855674e+00
5.871429999999999705e-01 1.031101000000000045e+00 1.186552221627855674e+00
5.871429999999999705e-01 1.031101000000000045e+00 1.186552221627855674e+00
5.871429999999999705e-01 1.039984999999999937e+00 1.194280412078335907e+00
5.982429999999999692e-01 1.039984999999999937e+00 1.199776432204767040e+00
5.982429999999999692e-01 1.039984999999999937e+00 1.199776432204767040e+00
5.982429999999999692e-01 1.039984999999999937e+00 1.199776432204767040e+00
5.982429999999999692e-01 1.039984999999999937e+00 1.199776432204767040e+00
5.104180000000000383e-01 1.039984999999999937e+00 1.158488383605549954e+00
5.129890000000000283e-01 1.039984999999999937e+00 1.159623436442192679e+00
5.129890000000000283e-01 1.039984999999999937e+00 1.159623436442192679e+00
5.129890000000000283e-01 1.039984999999999937e+00 1.159623436442192679e+00
5.129890000000000283e-01 1.039984999999999937e+00 1.159623436442192679e+00
5.129890000000000283e-01 1.039984999999999937e+00 1.159623436442192679e+00
5.129890000000000283e-01 1.039984999999999937e+00 1.159623436442192679e+00
5.129890000000000283e-01 1.039984999999999937e+00 1.159623436442192679e+00
5.129890000000000283e-01 1.039984999999999937e+00 1.159623436442192679e+00
5.129890000000000283e-01 1.039984999999999937e+00 1.159623436442192679e+00
5.129890000000000283e-01 1.039984999999999937e+00 1.159623436442192679e+00
5.129890000000000283e-01 1.039984999999999937e+00 1.159623436442192679e+00
5.129890000000000283e-01 1.039984999999999937e+00 1.159623436442192679e+00
5.129890000000000283e-01 1.039984999999999937e+00 1.159623436442192679e+00
5.129890000000000283e-01 1.039984999999999937e+00 1.159623436442192679e+00
5.129890000000000283e-01 1.099024000000000001e+00 1.212852615405928036e+00
5.129890000000000283e-01 1.099024000000000001e+00 1.212852615405928036e+00
5.129890000000000283e-01 1.099024000000000001e+00 1.212852615405928036e+00
5.129890000000000283e-01 1.099024000000000001e+00 1.212852615405928036e+00
5.129890000000000283e-01 1.100238999999999967e+00 1.213953694027082753e+00
5.129890000000000283e-01 1.100238999999999967e+00 1.213953694027082753e+00
5.129890000000000283e-01 1.100238999999999967e+00 1.213953694027082753e+00
5.104180000000000383e-01 1.100238999999999967e+00 1.212869486731775304e+00
5.104180000000000383e-01 1.100238999999999967e+00 1.212869486731775304e+00
5.104180000000000383e-01 1.100238999999999967e+00 1.212869486731775304e+00
5.104180000000000383e-01 1.099047000000000107e+00 1.211788283048239601e+00
5.104180000000000383e-01 1.099047000000000107e+00 1.211788283048239601e+00
5.104180000000000383e-01 1.099047000000000107e+00 1.211788283048239601e+00
5.026249999999999885e-01 1.095439999999999969e+00 1.205247146532610447e+00
5.026249999999999885e-01 1.095439999999999969e+00 1.205247146532610447e+00
5.026249999999999885e-01 1.095439999999999969e+00 1.205247146532610447e+00
5.026249999999999885e-01 1.095439999999999969e+00 1.205247146532610447e+00
5.026249999999999885e-01 1.095439999999999969e+00 1.205247146532610447e+00
5.026249999999999885e-01 1.095439999999999969e+00 1.205247146532610447e+00
5.026249999999999885e-01 1.039984999999999937e+00 1.155076054141024988e+00
5.026249999999999885e-01 1.039984999999999937e+00 1.155076054141024988e+00
5.026249999999999885e-01 1.039984999999999937e+00 1.155076054141024988e+00
5.026249999999999885e-01 1.039984999999999937e+00 1.155076054141024988e+00
5.026249999999999885e-01 1.039984999999999937e+00 1.155076054141024988e+00
5.026249999999999885e-01 1.039984999999999937e+00 1.155076054141024988e+00
4.893600000000000172e-01 9.787000000000000144e-01 1.094224336962032584e+00
4.893600000000000172e-01 9.787000000000000144e-01 1.094224336962032584e+00
4.893600000000000172e-01 9.787000000000000144e-01 1.094224336962032584e+00
4.893600000000000172e-01 9.787000000000000144e-01 1.094224336962032584e+00
4.893600000000000172e-01 9.787000000000000144e-01 1.094224336962032584e+00
4.893600000000000172e-01 9.787000000000000144e-01 1.094224336962032584e+00
4.893600000000000172e-01 9.787000000000000144e-01 1.094224336962032584e+00
4.893600000000000172e-01 9.787000000000000144e-01 1.094224336962032584e+00
4.893600000000000172e-01 9.787000000000000144e-01 1.094224336962032584e+00
4.893600000000000172e-01 9.787000000000000144e-01 1.094224336962032584e+00
4.893600000000000172e-01 9.787000000000000144e-01 1.094224336962032584e+00
4.893600000000000172e-01 9.787000000000000144e-01 1.094224336962032584e+00
4.893600000000000172e-01 9.787000000000000144e-01 1.094224336962032584e+00
4.893600000000000172e-01 9.787000000000000144e-01 1.094224336962032584e+00
4.893600000000000172e-01 9.787000000000000144e-01 1.094224336962032584e+00
4.893600000000000172e-01 9.787000000000000144e-01 1.094224336962032584e+00
4.893600000000000172e-01 9.787000000000000144e-01 1.094224336962032584e+00
4.893600000000000172e-01 9.787000000000000144e-01 1.094224336962032584e+00
4.893600000000000172e-01 9.787000000000000144e-01 1.094224336962032584e+00
4.893600000000000172e-01 9.787000000000000144e-01 1.094224336962032584e+00
4.893600000000000172e-01 9.787000000000000144e-01 1.094224336962032584e+00
4.893600000000000172e-01 9.514590000000000547e-01 1.069928707102020038e+00
4.893600000000000172e-01 9.514590000000000547e-01 1.069928707102020038e+00
4.893600000000000172e-01 9.514590000000000547e-01 1.069928707102020038e+00
4.893600000000000172e-01 9.514590000000000547e-01 1.069928707102020038e+00
4.893600000000000172e-01 9.514590000000000547e-01 1.069928707102020038e+00
4.893600000000000172e-01 9.514590000000000547e-01 1.069928707102020038e+00
4.893600000000000172e-01 9.514590000000000547e-01 1.069928707102020038e+00
4.893600000000000172e-01 9.514590000000000547e-01 1.069928707102020038e+00
4.893600000000000172e-01 9.514590000000000547e-01 1.069928707102020038e+00
4.893600000000000172e-01 9.514590000000000547e-01 1.069928707102020038e+00
4.893600000000000172e-01 9.514590000000000547e-01 1.069928707102020038e+00
4.893600000000000172e-01 9.514590000000000547e-01 1.069928707102020038e+00
4.893600000000000172e-01 9.514590000000000547e-01 1.069928707102020038e+00
4.701620000000000243e-01 9.514590000000000547e-01 1.061285322109469353e+00
4.701620000000000243e-01 9.514590000000000547e-01 1.061285322109469353e+00
4.701620000000000243e-01 9.514590000000000547e-01 1.061285322109469353e+00
4.701620000000000243e-01 9.514590000000000547e-01 1.061285322109469353e+00
4.701620000000000243e-01 9.514590000000000547e-01 1.061285322109469353e+00
4.701620000000000243e-01 9.514590000000000547e-01 1.061285322109469353e+00
4.701620000000000243e-01 9.880820000000000158e-01 1.094238705661612077e+00
4.701620000000000243e-01 9.880820000000000158e-01 1.094238705661612077e+00
4.701620000000000243e-01 9.880820000000000158e-01 1.094238705661612077e+00
4.701620000000000243e-01 9.880820000000000158e-01 1.094238705661612077e+00
4.701620000000000243e-01 9.880820000000000158e-01 1.094238705661612077e+00
4.701620000000000243e-01 9.880820000000000158e-01 1.094238705661612077e+00
4.701620000000000243e-01 9.880820000000000158e-01 1.094238705661612077e+00
4.701620000000000243e-01 9.880820000000000158e-01 1.094238705661612077e+00
4.701620000000000243e-01 9.880820000000000158e-01 1.094238705661612077e+00
4.701620000000000243e-01 9.880820000000000158e-01 1.094238705661612077e+00
4.701620000000000243e-01 9.880820000000000158e-01 1.094238705661612077e+00
4.701620000000000243e-01 9.880820000000000158e-01 1.094238705661612077e+00
4.701620000000000243e-01 9.880820000000000158e-01 1.094238705661612077e+00
4.701620000000000243e-01 9.880820000000000158e-01 1.094238705661612077e+00
4.701620000000000243e-01 9.880820000000000158e-01 1.094238705661612077e+00
4.701620000000000243e-01 9.880820000000000158e-01 1.094238705661612077e+00
4.701620000000000243e-01 9.880820000000000158e-01 1.094238705661612077e+00
4.701620000000000243e-01 9.880820000000000158e-01 1.094238705661612077e+00
4.701620000000000243e-01 9.880820000000000158e-01 1.094238705661612077e+00
4.701620000000000243e-01 1.020831000000000044e+00 1.123898677285901870e+00
4.701620000000000243e-01 1.020831000000000044e+00 1.123898677285901870e+00
4.701620000000000243e-01 1.020831000000000044e+00 1.123898677285901870e+00
4.701620000000000243e-01 1.020831000000000044e+00 1.123898677285901870e+00
4.701620000000000243e-01 1.020831000000000044e+00 1.123898677285901870e+00
4.701620000000000243e-01 1.020831000000000044e+00 1.123898677285901870e+00
4.701620000000000243e-01 1.020831000000000044e+00 1.123898677285901870e+00
4.701620000000000243e-01 1.020831000000000044e+00 1.123898677285901870e+00
4.701620000000000243e-01 1.020831000000000044e+00 1.123898677285901870e+00
4.701620000000000243e-01 1.020831000000000044e+00 1.123898677285901870e+00
4.701620000000000243e-01 1.020831000000000044e+00 1.123898677285901870e+00
4.701620000000000243e-01 1.020831000000000044e+00 1.123898677285901870e+00
4.701620000000000243e-01 1.020831000000000044e+00 1.123898677285901870e+00
4.701620000000000243e-01 1.020831000000000044e+00 1.123898677285901870e+00
4.701620000000000243e-01 1.020831000000000044e+00 1.123898677285901870e+00
4.701620000000000243e-01 1.020831000000000044e+00 1.123898677285901870e+00
4.701620000000000243e-01 1.020831000000000044e+00 1.123898677285901870e+00
4.701620000000000243e-01 1.020831000000000044e+00 1.123898677285901870e+00
4.701620000000000243e-01 1.020831000000000044e+00 1.123898677285901870e+00
4.701620000000000243e-01 9.986629999999999674e-01 1.103802561064704202e+00
4.701620000000000243e-01 9.986629999999999674e-01 1.103802561064704202e+00
4.442619999999999902e-01 9.986629999999999674e-01 1.093021734556545832e+00
4.442619999999999902e-01 9.986629999999999674e-01 1.093021734556545832e+00
4.442619999999999902e-01 9.986629999999999674e-01 1.093021734556545832e+00
4.442619999999999902e-01 9.986629999999999674e-01 1.093021734556545832e+00
4.442619999999999902e-01 9.986629999999999674e-01 1.093021734556545832e+00
4.442619999999999902e-01 9.986629999999999674e-01 1.093021734556545832e+00
4.442619999999999902e-01 9.986629999999999674e-01 1.093021734556545832e+00
4.442619999999999902e-01 9.986629999999999674e-01 1.093021734556545832e+00
4.442619999999999902e-01 9.986629999999999674e-01 1.093021734556545832e+00
4.442619999999999902e-01 9.986629999999999674e-01 1.093021734556545832e+00
4.442619999999999902e-01 9.986629999999999674e-01 1.093021734556545832e+00
4.442619999999999902e-01 9.986629999999999674e-01 1.093021734556545832e+00
4.442619999999999902e-01 9.986629999999999674e-01 1.093021734556545832e+00
4.442619999999999902e-01 9.986629999999999674e-01 1.093021734556545832e+00
4.442619999999999902e-01 9.986629999999999674e-01 1.093021734556545832e+00
4.442619999999999902e-01 9.986629999999999674e-01 1.093021734556545832e+00
4.442619999999999902e-01 9.986629999999999674e-01 1.093021734556545832e+00
4.442619999999999902e-01 9.986629999999999674e-01 1.093021734556545832e+00
4.442619999999999902e-01 9.986629999999999674e-01 1.093021734556545832e+00
4.442619999999999902e-01 9.733289999999999997e-01 1.069924327644249828e+00
4.442619999999999902e-01 9.733289999999999997e-01 1.069924327644249828e+00
4.442619999999999902e-01 9.733289999999999997e-01 1.069924327644249828e+00
4.442619999999999902e-01 9.733289999999999997e-01 1.069924327644249828e+00
4.442619999999999902e-01 9.733289999999999997e-01 1.069924327644249828e+00
4.442619999999999902e-01 9.733289999999999997e-01 1.069924327644249828e+00
4.442619999999999902e-01 9.733289999999999997e-01 1.069924327644249828e+00
4.442619999999999902e-01 9.733289999999999997e-01 1.069924327644249828e+00
4.442619999999999902e-01 9.733289999999999997e-01 1.069924327644249828e+00
4.442619999999999902e-01 9.733289999999999997e-01 1.069924327644249828e+00
4.442619999999999902e-01 9.733289999999999997e-01 1.069924327644249828e+00
4.442619999999999902e-01 9.733289999999999997e-01 1.069924327644249828e+00
4.442619999999999902e-01 9.733289999999999997e-01 1.069924327644249828e+00
4.442619999999999902e-01 9.733289999999999997e-01 1.069924327644249828e+00
4.442619999999999902e-01 9.733289999999999997e-01 1.069924327644249828e+00
4.442619999999999902e-01 9.733289999999999997e-01 1.069924327644249828e+00
4.442619999999999902e-01 9.733289999999999997e-01 1.069924327644249828e+00
4.442619999999999902e-01 9.733289999999999997e-01 1.069924327644249828e+00
4.442619999999999902e-01 9.733289999999999997e-01 1.069924327644249828e+00
4.442619999999999902e-01 9.733289999999999997e-01 1.069924327644249828e+00
4.442619999999999902e-01 9.733289999999999997e-01 1.069924327644249828e+00
4.442619999999999902e-01 9.733289999999999997e-01 1.069924327644249828e+00
4.442619999999999902e-01 9.733289999999999997e-01 1.069924327644249828e+00
4.442619999999999902e-01 9.733289999999999997e-01 1.069924327644249828e+00
4.442619999999999902e-01 9.733289999999999997e-01 1.069924327644249828e+00
4.442619999999999902e-01 9.733289999999999997e-01 1.069924327644249828e+00
4.442619999999999902e-01 9.733289999999999997e-01 1.069924327644249828e+00
4.442619999999999902e-01 9.733289999999999997e-01 1.069924327644249828e+00
4.442619999999999902e-01 8.255839999999999845e-01 9.375274213056383754e-01
4.442619999999999902e-01 8.255839999999999845e-01 9.375274213056383754e-01
4.442619999999999902e-01 8.255839999999999845e-01 9.375274213056383754e-01
4.442619999999999902e-01 8.255839999999999845e-01 9.375274213056383754e-01
4.442619999999999902e-01 8.255839999999999845e-01 9.375274213056383754e-01
4.442619999999999902e-01 8.255839999999999845e-01 9.375274213056383754e-01
4.442619999999999902e-01 8.255839999999999845e-01 9.375274213056383754e-01
4.442619999999999902e-01 8.255839999999999845e-01 9.375274213056383754e-01
4.442619999999999902e-01 8.255839999999999845e-01 9.375274213056383754e-01
4.442619999999999902e-01 8.255839999999999845e-01 9.375274213056383754e-01
4.442619999999999902e-01 8.255839999999999845e-01 9.375274213056383754e-01
4.442619999999999902e-01 8.255839999999999845e-01 9.375274213056383754e-01
4.442619999999999902e-01 8.255839999999999845e-01 9.375274213056383754e-01
4.442619999999999902e-01 7.181779999999999831e-01 8.444811213567773311e-01
4.442619999999999902e-01 7.181779999999999831e-01 8.444811213567773311e-01
4.442619999999999902e-01 7.181779999999999831e-01 8.444811213567773311e-01
4.442619999999999902e-01 7.181779999999999831e-01 8.444811213567773311e-01
4.442619999999999902e-01 7.181779999999999831e-01 8.444811213567773311e-01
4.442619999999999902e-01 7.181779999999999831e-01 8.444811213567773311e-01
4.442619999999999902e-01 7.451529999999999543e-01 8.675377329275077987e-01
4.442619999999999902e-01 7.451529999999999543e-01 8.675377329275077987e-01
4.442619999999999902e-01 7.451529999999999543e-01 8.675377329275077987e-01
4.442619999999999902e-01 7.677450000000000108e-01 8.870180999669623478e-01
4.442619999999999902e-01 7.677450000000000108e-01 8.870180999669623478e-01
4.442619999999999902e-01 7.677450000000000108e-01 8.870180999669623478e-01
4.442619999999999902e-01 7.677450000000000108e-01 8.870180999669623478e-01
4.442619999999999902e-01 7.677450000000000108e-01 8.870180999669623478e-01
4.442619999999999902e-01 7.677450000000000108e-01 8.870180999669623478e-01
4.442619999999999902e-01 7.677450000000000108e-01 8.870180999669623478e-01
4.442619999999999902e-01 7.677450000000000108e-01 8.870180999669623478e-01
4.442619999999999902e-01 7.677450000000000108e-01 8.870180999669623478e-01
4.442619999999999902e-01 7.677450000000000108e-01 8.870180999669623478e-01
4.442619999999999902e-01 7.677450000000000108e-01 8.870180999669623478e-01
4.442619999999999902e-01 7.677450000000000108e-01 8.870180999669623478e-01
4.442619999999999902e-01 7.677450000000000108e-01 8.870180999669623478e-01
4.442619999999999902e-01 7.677450000000000108e-01 8.870180999669623478e-01
4.442619999999999902e-01 7.677450000000000108e-01 8.870180999669623478e-01
4.442619999999999902e-01 7.677450000000000108e-01 8.870180999669623478e-01
4.442619999999999902e-01 7.677450000000000108e-01 8.870180999669623478e-01
4.442619999999999902e-01 7.163500000000000423e-01 8.429270710708014480e-01
4.442619999999999902e-01 7.163500000000000423e-01 8.429270710708014480e-01
4.442619999999999902e-01 7.163500000000000423e-01 8.429270710708014480e-01
4.442619999999999902e-01 7.163500000000000423e-01 8.429270710708014480e-01
4.442619999999999902e-01 7.163500000000000423e-01 8.429270710708014480e-01
4.103910000000000058e-01 7.163500000000000423e-01 8.255774314871985320e-01
4.103910000000000058e-01 7.163500000000000423e-01 8.255774314871985320e-01
4.103910000000000058e-01 7.163500000000000423e-01 8.255774314871985320e-01
4.103910000000000058e-01 7.163500000000000423e-01 8.255774314871985320e-01
4.103910000000000058e-01 7.163500000000000423e-01 8.255774314871985320e-01
4.103910000000000058e-01 7.163500000000000423e-01 8.255774314871985320e-01
4.103910000000000058e-01 7.163500000000000423e-01 8.255774314871985320e-01
4.103910000000000058e-01 7.163500000000000423e-01 8.255774314871985320e-01
4.103910000000000058e-01 7.163500000000000423e-01 8.255774314871985320e-01
4.103910000000000058e-01 7.163500000000000423e-01 8.255774314871985320e-01
4.103910000000000058e-01 7.163500000000000423e-01 8.255774314871985320e-01
4.103910000000000058e-01 7.163500000000000423e-01 8.255774314871985320e-01
4.103910000000000058e-01 7.163500000000000423e-01 8.255774314871985320e-01
4.103910000000000058e-01 7.163500000000000423e-01 8.255774314871985320e-01
4.103910000000000058e-01 7.163500000000000423e-01 8.255774314871985320e-01
3.663480000000000070e-01 7.163500000000000423e-01 8.045919335936696504e-01
3.663480000000000070e-01 7.163500000000000423e-01 8.045919335936696504e-01
3.663480000000000070e-01 7.163500000000000423e-01 8.045919335936696504e-01
3.663480000000000070e-01 7.163500000000000423e-01 8.045919335936696504e-01
3.663480000000000070e-01 7.163500000000000423e-01 8.045919335936696504e-01
3.663480000000000070e-01 7.163500000000000423e-01 8.045919335936696504e-01
3.663480000000000070e-01 7.163500000000000423e-01 8.045919335936696504e-01
3.663480000000000070e-01 7.163500000000000423e-01 8.045919335936696504e-01
3.663480000000000070e-01 7.163500000000000423e-01 8.045919335936696504e-01
3.663480000000000070e-01 7.163500000000000423e-01 8.045919335936696504e-01
3.663480000000000070e-01 7.163500000000000423e-01 8.045919335936696504e-01
3.663480000000000070e-01 7.163500000000000423e-01 8.045919335936696504e-01
3.663480000000000070e-01 7.163500000000000423e-01 8.045919335936696504e-01
3.663480000000000070e-01 7.163500000000000423e-01 8.045919335936696504e-01
3.663480000000000070e-01 7.163500000000000423e-01 8.045919335936696504e-01
3.077929999999999833e-01 7.163500000000000423e-01 7.796754795099047897e-01
3.077929999999999833e-01 7.163500000000000423e-01 7.796754795099047897e-01
3.077929999999999833e-01 7.163500000000000423e-01 7.796754795099047897e-01
3.077929999999999833e-01 7.163500000000000423e-01 7.796754795099047897e-01
3.077929999999999833e-01 7.163500000000000423e-01 7.796754795099047897e-01
3.077929999999999833e-01 7.163500000000000423e-01 7.796754795099047897e-01
3.077929999999999833e-01 7.163500000000000423e-01 7.796754795099047897e-01
3.077929999999999833e-01 7.163500000000000423e-01 7.796754795099047897e-01
3.077929999999999833e-01 7.163500000000000423e-01 7.796754795099047897e-01
3.077929999999999833e-01 6.569549999999999557e-01 7.254835648545043814e-01
3.077929999999999833e-01 6.569549999999999557e-01 7.254835648545043814e-01
2.236070000000000002e-01 6.569549999999999557e-01 6.939668309609616781e-01
2.236070000000000002e-01 6.569549999999999557e-01 6.939668309609616781e-01
2.236070000000000002e-01 6.569549999999999557e-01 6.939668309609616781e-01
2.236070000000000002e-01 6.569549999999999557e-01 6.939668309609616781e-01
2.236070000000000002e-01 6.569549999999999557e-01 6.939668309609616781e-01
2.236070000000000002e-01 6.569549999999999557e-01 6.939668309609616781e-01
2.236070000000000002e-01 6.569549999999999557e-01 6.939668309609616781e-01
2.236070000000000002e-01 6.569549999999999557e-01 6.939668309609616781e-01
2.236070000000000002e-01 6.569549999999999557e-01 6.939668309609616781e-01
2.236070000000000002e-01 6.569549999999999557e-01 6.939668309609616781e-01
2.236070000000000002e-01 6.569549999999999557e-01 6.939668309609616781e-01
2.236070000000000002e-01 6.569549999999999557e-01 6.939668309609616781e-01
2.236070000000000002e-01 6.708129999999999926e-01 7.070998312954118736e-01
2.236070000000000002e-01 6.708129999999999926e-01 7.070998312954118736e-01
2.236070000000000002e-01 6.708129999999999926e-01 7.070998312954118736e-01
2.236070000000000002e-01 6.708129999999999926e-01 7.070998312954118736e-01
2.236070000000000002e-01 6.708129999999999926e-01 7.070998312954118736e-01
2.236070000000000002e-01 6.708129999999999926e-01 7.070998312954118736e-01
2.236070000000000002e-01 6.708129999999999926e-01 7.070998312954118736e-01
2.236070000000000002e-01 6.708129999999999926e-01 7.070998312954118736e-01
2.236070000000000002e-01 6.708129999999999926e-01 7.070998312954118736e-01
2.236070000000000002e-01 6.708129999999999926e-01 7.070998312954118736e-01
2.236070000000000002e-01 6.708129999999999926e-01 7.070998312954118736e-01
2.236070000000000002e-01 6.708129999999999926e-01 7.070998312954118736e-01
2.236070000000000002e-01 6.708129999999999926e-01 7.070998312954118736e-01
2.236070000000000002e-01 6.708129999999999926e-01 7.070998312954118736e-01
2.236070000000000002e-01 6.708129999999999926e-01 7.070998312954118736e-01
2.236070000000000002e-01 6.708129999999999926e-01 7.070998312954118736e-01
2.236070000000000002e-01 6.708129999999999926e-01 7.070998312954118736e-01
2.236070000000000002e-01 6.708129999999999926e-01 7.070998312954118736e-01
2.236070000000000002e-01 6.708129999999999926e-01 7.070998312954118736e-01
2.236070000000000002e-01 6.708129999999999926e-01 7.070998312954118736e-01
2.236070000000000002e-01 6.708129999999999926e-01 7.070998312954118736e-01
2.236070000000000002e-01 6.708129999999999926e-01 7.070998312954118736e-01
0.000000000000000000e+00 6.708129999999999926e-01 6.708129999999999926e-01
0.000000000000000000e+00 6.708129999999999926e-01 6.708129999999999926e-01
0.000000000000000000e+00 6.708129999999999926e-01 6.708129999999999926e-01
0.000000000000000000e+00 6.708129999999999926e-01 6.708129999999999926e-01
0.000000000000000000e+00 6.708129999999999926e-01 6.708129999999999926e-01
0.000000000000000000e+00 6.708129999999999926e-01 6.708129999999999926e-01
0.000000000000000000e+00 6.708129999999999926e-01 6.708129999999999926e-01
0.000000000000000000e+00 6.708129999999999926e-01 6.708129999999999926e-01
0.000000000000000000e+00 6.708129999999999926e-01 6.708129999999999926e-01
0.000000000000000000e+00 6.708129999999999926e-01 6.708129999999999926e-01
0.000000000000000000e+00 6.708129999999999926e-01 6.708129999999999926e-01
0.000000000000000000e+00 6.708129999999999926e-01 6.708129999999999926e-01
0.000000000000000000e+00 6.708129999999999926e-01 6.708129999999999926e-01
0.000000000000000000e+00 6.708129999999999926e-01 6.708129999999999926e-01
0.000000000000000000e+00 6.708129999999999926e-01 6.708129999999999926e-01
0.000000000000000000e+00 6.708129999999999926e-01 6.708129999999999926e-01
0.000000000000000000e+00 6.708129999999999926e-01 6.708129999999999926e-01
0.000000000000000000e+00 6.708129999999999926e-01 6.708129999999999926e-01
0.000000000000000000e+00 6.708129999999999926e-01 6.708129999999999926e-01
0.000000000000000000e+00 6.708129999999999926e-01 6.708129999999999926e-01
0.000000000000000000e+00 6.708129999999999926e-01 6.708129999999999926e-01
0.000000000000000000e+00 6.708129999999999926e-01 6.708129999999999926e-01
0.000000000000000000e+00 6.708129999999999926e-01 6.708129999999999926e-01
0.000000000000000000e+00 6.708129999999999926e-01 6.708129999999999926e-01
0.000000000000000000e+00 6.708129999999999926e-01 6.708129999999999926e-01
0.000000000000000000e+00 6.708129999999999926e-01 6.708129999999999926e-01
0.000000000000000000e+00 6.708129999999999926e-01 6.708129999999999926e-01
0.000000000000000000e+00 6.708129999999999926e-01 6.708129999999999926e-01
0.000000000000000000e+00 6.708129999999999926e-01 6.708129999999999926e-01
0.000000000000000000e+00 6.708129999999999926e-01 6.708129999999999926e-01
0.000000000000000000e+00 6.805499999999999883e-01 6.805499999999999883e-01
0.000000000000000000e+00 6.805499999999999883e-01 6.805499999999999883e-01
0.000000000000000000e+00 6.805499999999999883e-01 6.805499999999999883e-01
0.000000000000000000e+00 6.805499999999999883e-01 6.805499999999999883e-01
0.000000000000000000e+00 6.047709999999999475e-01 6.047709999999999475e-01
0.000000000000000000e+00 6.047709999999999475e-01 6.047709999999999475e-01
0.000000000000000000e+00 6.047709999999999475e-01 6.047709999999999475e-01
0.000000000000000000e+00 6.047709999999999475e-01 6.047709999999999475e-01
0.000000000000000000e+00 6.047709999999999475e-01 6.047709999999999475e-01
0.000000000000000000e+00 6.047709999999999475e-01 6.047709999999999475e-01
0.000000000000000000e+00 6.047709999999999475e-01 6.047709999999999475e-01
0.000000000000000000e+00 6.047709999999999475e-01 6.047709999999999475e-01
0.000000000000000000e+00 6.047709999999999475e-01 6.047709999999999475e-01
0.000000000000000000e+00 6.047709999999999475e-01 6.047709999999999475e-01
0.000000000000000000e+00 6.047709999999999475e-01 6.047709999999999475e-01
0.000000000000000000e+00 6.047709999999999475e-01 6.047709999999999475e-01
0.000000000000000000e+00 6.047709999999999475e-01 6.047709999999999475e-01
0.000000000000000000e+00 6.047709999999999475e-01 6.047709999999999475e-01
0.000000000000000000e+00 6.047709999999999475e-01 6.047709999999999475e-01
0.000000000000000000e+00 6.047709999999999475e-01 6.047709999999999475e-01
0.000000000000000000e+00 6.047709999999999475e-01 6.047709999999999475e-01
0.000000000000000000e+00 6.047709999999999475e-01 6.047709999999999475e-01
0.000000000000000000e+00 6.047709999999999475e-01 6.047709999999999475e-01
0.000000000000000000e+00 6.047709999999999475e-01 6.047709999999999475e-01
0.000000000000000000e+00 6.047709999999999475e-01 6.047709999999999475e-01
0.000000000000000000e+00 6.047709999999999475e-01 6.047709999999999475e-01
0.000000000000000000e+00 6.047709999999999475e-01 6.047709999999999475e-01
0.000000000000000000e+00 6.047709999999999475e-01 6.047709999999999475e-01
0.000000000000000000e+00 6.047709999999999475e-01 6.047709999999999475e-01
0.000000000000000000e+00 6.047709999999999475e-01 6.047709999999999475e-01
0.000000000000000000e+00 6.047709999999999475e-01 6.047709999999999475e-01
0.000000000000000000e+00 6.047709999999999475e-01 6.047709999999999475e-01
0.000000000000000000e+00 6.047709999999999475e-01 6.047709999999999475e-01
0.000000000000000000e+00 6.047709999999999475e-01 6.047709999999999475e-01
0.000000000000000000e+00 6.047709999999999475e-01 6.047709999999999475e-01
0.000000000000000000e+00 6.047709999999999475e-01 6.047709999999999475e-01
0.000000000000000000e+00 6.047709999999999475e-01 6.047709999999999475e-01
0.000000000000000000e+00 6.047709999999999475e-01 6.047709999999999475e-01
0.000000000000000000e+00 6.047709999999999475e-01 6.047709999999999475e-01
0.000000000000000000e+00 6.069769999999999888e-01 6.069769999999999888e-01
0.000000000000000000e+00 6.069769999999999888e-01 6.069769999999999888e-01
0.000000000000000000e+00 6.069769999999999888e-01 6.069769999999999888e-01
0.000000000000000000e+00 6.069769999999999888e-01 6.069769999999999888e-01
0.000000000000000000e+00 6.069769999999999888e-01 6.069769999999999888e-01
0.000000000000000000e+00 6.069769999999999888e-01 6.069769999999999888e-01
0.000000000000000000e+00 6.069769999999999888e-01 6.069769999999999888e-01
0.000000000000000000e+00 6.069769999999999888e-01 6.069769999999999888e-01
0.000000000000000000e+00 6.069769999999999888e-01 6.069769999999999888e-01
0.000000000000000000e+00 6.069769999999999888e-01 6.069769999999999888e-01
0.000000000000000000e+00 6.069769999999999888e-01 6.069769999999999888e-01
0.000000000000000000e+00 6.069769999999999888e-01 6.069769999999999888e-01
0.000000000000000000e+00 6.069769999999999888e-01 6.069769999999999888e-01
0.000000000000000000e+00 6.069769999999999888e-01 6.069769999999999888e-01
0.000000000000000000e+00 6.069769999999999888e-01 6.069769999999999888e-01
0.000000000000000000e+00 6.069769999999999888e-01 6.069769999999999888e-01
0.000000000000000000e+00 6.069769999999999888e-01 6.069769999999999888e-01
0.000000000000000000e+00 6.069769999999999888e-01 6.069769999999999888e-01
0.000000000000000000e+00 6.069769999999999888e-01 6.069769999999999888e-01
0.000000000000000000e+00 6.069769999999999888e-01 6.069769999999999888e-01
0.000000000000000000e+00 6.069769999999999888e-01 6.069769999999999888e-01
0.000000000000000000e+00 6.069769999999999888e-01 6.069769999999999888e-01
0.000000000000000000e+00 6.069769999999999888e-01 6.069769999999999888e-01
0.000000000000000000e+00 6.069769999999999888e-01 6.069769999999999888e-01
0.000000000000000000e+00 6.069769999999999888e-01 6.069769999999999888e-01
0.000000000000000000e+00 6.069769999999999888e-01 6.069769999999999888e-01
0.000000000000000000e+00 6.069769999999999888e-01 6.069769999999999888e-01
0.000000000000000000e+00 6.069769999999999888e-01 6.069769999999999888e-01
0.000000000000000000e+00 6.069769999999999888e-01 6.069769999999999888e-01
0.000000000000000000e+00 6.069769999999999888e-01 6.069769999999999888e-01
0.000000000000000000e+00 6.069769999999999888e-01 6.069769999999999888e-01
0.000000000000000000e+00 6.069769999999999888e-01 6.069769999999999888e-01
0.000000000000000000e+00 6.069769999999999888e-01 6.069769999999999888e-01
0.000000000000000000e+00 6.069769999999999888e-01 6.069769999999999888e-01
0.000000000000000000e+00 6.069769999999999888e-01 6.069769999999999888e-01
0.000000000000000000e+00 6.069769999999999888e-01 6.069769999999999888e-01
0.000000000000000000e+00 6.069769999999999888e-01 6.069769999999999888e-01
0.000000000000000000e+00 6.069769999999999888e-01 6.069769999999999888e-01
0.000000000000000000e+00 6.069769999999999888e-01 6.069769999999999888e-01
0.000000000000000000e+00 6.069769999999999888e-01 6.069769999999999888e-01
0.000000000000000000e+00 6.069769999999999888e-01 6.069769999999999888e-01
0.000000000000000000e+00 6.069769999999999888e-01 6.069769999999999888e-01
0.000000000000000000e+00 6.069769999999999888e-01 6.069769999999999888e-01
0.000000000000000000e+00 6.069769999999999888e-01 6.069769999999999888e-01
0.000000000000000000e+00 6.069769999999999888e-01 6.069769999999999888e-01
0.000000000000000000e+00 6.069769999999999888e-01 6.069769999999999888e-01
0.000000000000000000e+00 6.069769999999999888e-01 6.069769999999999888e-01
0.000000000000000000e+00 6.069769999999999888e-01 6.069769999999999888e-01
0.000000000000000000e+00 6.069769999999999888e-01 6.069769999999999888e-01
0.000000000000000000e+00 6.069769999999999888e-01 6.069769999999999888e-01
0.000000000000000000e+00 6.048139999999999628e-01 6.048139999999999628e-01
0.000000000000000000e+00 6.048139999999999628e-01 6.048139999999999628e-01
0.000000000000000000e+00 6.048139999999999628e-01 6.048139999999999628e-01
0.000000000000000000e+00 6.048139999999999628e-01 6.048139999999999628e-01
0.000000000000000000e+00 6.048139999999999628e-01 6.048139999999999628e-01
0.000000000000000000e+00 6.048139999999999628e-01 6.048139999999999628e-01
0.000000000000000000e+00 6.048139999999999628e-01 6.048139999999999628e-01
0.000000000000000000e+00 6.048139999999999628e-01 6.048139999999999628e-01
0.000000000000000000e+00 6.048139999999999628e-01 6.048139999999999628e-01
0.000000000000000000e+00 6.048139999999999628e-01 6.048139999999999628e-01
0.000000000000000000e+00 6.048139999999999628e-01 6.048139999999999628e-01
0.000000000000000000e+00 6.048139999999999628e-01 6.048139999999999628e-01
0.000000000000000000e+00 6.048139999999999628e-01 6.048139999999999628e-01
0.000000000000000000e+00 6.048139999999999628e-01 6.048139999999999628e-01
0.000000000000000000e+00 6.048139999999999628e-01 6.048139999999999628e-01
0.000000000000000000e+00 6.048139999999999628e-01 6.048139999999999628e-01
0.000000000000000000e+00 6.048139999999999628e-01 6.048139999999999628e-01
0.000000000000000000e+00 6.048139999999999628e-01 6.048139999999999628e-01
0.000000000000000000e+00 6.048139999999999628e-01 6.048139999999999628e-01
0.000000000000000000e+00 6.048139999999999628e-01 6.048139999999999628e-01
0.000000000000000000e+00 6.048139999999999628e-01 6.048139999999999628e-01
0.000000000000000000e+00 6.048139999999999628e-01 6.048139999999999628e-01
0.000000000000000000e+00 6.048139999999999628e-01 6.048139999999999628e-01
0.000000000000000000e+00 6.048139999999999628e-01 6.048139999999999628e-01
0.000000000000000000e+00 6.048139999999999628e-01 6.048139999999999628e-01
0.000000000000000000e+00 6.048139999999999628e-01 6.048139999999999628e-01
0.000000000000000000e+00 5.982340000000000435e-01 5.982340000000000435e-01
0.000000000000000000e+00 5.982340000000000435e-01 5.982340000000000435e-01
0.000000000000000000e+00 5.982340000000000435e-01 5.982340000000000435e-01
0.000000000000000000e+00 5.982340000000000435e-01 5.982340000000000435e-01
0.000000000000000000e+00 5.982340000000000435e-01 5.982340000000000435e-01
0.000000000000000000e+00 5.982340000000000435e-01 5.982340000000000435e-01
0.000000000000000000e+00 5.982340000000000435e-01 5.982340000000000435e-01
0.000000000000000000e+00 5.982340000000000435e-01 5.982340000000000435e-01
0.000000000000000000e+00 5.982340000000000435e-01 5.982340000000000435e-01
0.000000000000000000e+00 5.982340000000000435e-01 5.982340000000000435e-01
0.000000000000000000e+00 5.982340000000000435e-01 5.982340000000000435e-01
0.000000000000000000e+00 5.982340000000000435e-01 5.982340000000000435e-01
0.000000000000000000e+00 5.982340000000000435e-01 5.982340000000000435e-01
0.000000000000000000e+00 5.982340000000000435e-01 5.982340000000000435e-01
0.000000000000000000e+00 5.982340000000000435e-01 5.982340000000000435e-01
0.000000000000000000e+00 5.982340000000000435e-01 5.982340000000000435e-01
0.000000000000000000e+00 5.982340000000000435e-01 5.982340000000000435e-01
0.000000000000000000e+00 5.982340000000000435e-01 5.982340000000000435e-01
0.000000000000000000e+00 5.982340000000000435e-01 5.982340000000000435e-01
0.000000000000000000e+00 5.982340000000000435e-01 5.982340000000000435e-01
0.000000000000000000e+00 4.893500000000000072e-01 4.893500000000000072e-01
0.000000000000000000e+00 4.893500000000000072e-01 4.893500000000000072e-01
0.000000000000000000e+00 4.893500000000000072e-01 4.893500000000000072e-01
0.000000000000000000e+00 4.893500000000000072e-01 4.893500000000000072e-01
0.000000000000000000e+00 4.893500000000000072e-01 4.893500000000000072e-01
0.000000000000000000e+00 4.893500000000000072e-01 4.893500000000000072e-01
0.000000000000000000e+00 4.893500000000000072e-01 4.893500000000000072e-01
0.000000000000000000e+00 4.893500000000000072e-01 4.893500000000000072e-01
0.000000000000000000e+00 4.893500000000000072e-01 4.893500000000000072e-01
0.000000000000000000e+00 4.893500000000000072e-01 4.893500000000000072e-01
0.000000000000000000e+00 4.893500000000000072e-01 4.893500000000000072e-01
0.000000000000000000e+00 4.893500000000000072e-01 4.893500000000000072e-01
0.000000000000000000e+00 4.701190000000000091e-01 4.701190000000000091e-01
0.000000000000000000e+00 4.701190000000000091e-01 4.701190000000000091e-01
0.000000000000000000e+00 4.701190000000000091e-01 4.701190000000000091e-01
0.000000000000000000e+00 4.701190000000000091e-01 4.701190000000000091e-01
0.000000000000000000e+00 4.701190000000000091e-01 4.701190000000000091e-01
0.000000000000000000e+00 4.701190000000000091e-01 4.701190000000000091e-01
0.000000000000000000e+00 4.442619999999999902e-01 4.442619999999999902e-01
0.000000000000000000e+00 4.442619999999999902e-01 4.442619999999999902e-01
0.000000000000000000e+00 4.442619999999999902e-01 4.442619999999999902e-01
0.000000000000000000e+00 4.104039999999999910e-01 4.104039999999999910e-01
0.000000000000000000e+00 4.104039999999999910e-01 4.104039999999999910e-01
0.000000000000000000e+00 4.104039999999999910e-01 4.104039999999999910e-01
0.000000000000000000e+00 4.104039999999999910e-01 4.104039999999999910e-01
0.000000000000000000e+00 4.104039999999999910e-01 4.104039999999999910e-01
0.000000000000000000e+00 4.104039999999999910e-01 4.104039999999999910e-01
0.000000000000000000e+00 4.104039999999999910e-01 4.104039999999999910e-01
0.000000000000000000e+00 4.104039999999999910e-01 4.104039999999999910e-01
0.000000000000000000e+00 4.104039999999999910e-01 4.104039999999999910e-01
0.000000000000000000e+00 4.104039999999999910e-01 4.104039999999999910e-01
