0.536048 0.812153 
0.551066 0.677330 
0.592814 0.728431 
0.555492 0.814411 
0.670059 1.111902 
0.670059 0.732900 
0.496518 0.803309 
0.580288 0.706818 
0.562792 0.852607 
0.476381 0.899206 
0.626295 0.728431 
0.581694 1.073807 
0.631163 0.868731 
0.519419 0.740656 
0.464670 0.852607 
0.557326 0.833973 
0.527218 0.901020 
0.562792 0.804071 
0.404061 0.926701 
0.462910 0.866850 
0.478518 0.873417 
0.431419 0.899206 
0.505076 0.959592 
0.606091 0.904411 
0.486973 0.824126 
0.592814 0.910035 
0.592814 0.909137 
0.486973 0.805339 
0.527218 0.880862 
0.453557 0.864020 
0.431419 0.706818 
0.580288 0.692820 
0.505076 0.926701 
0.530306 0.914509 
0.486973 0.910035 
0.620730 0.763718 
0.505076 0.749422 
0.496518 0.846602 
0.609114 0.880862 
0.505076 0.782461 
0.543984 0.841767 
0.505076 0.939822 
0.631163 0.755929 
0.418452 0.959592 
0.486973 0.723089 
0.597956 0.839096 
0.643967 1.068281 
0.572855 0.881557 
0.551066 0.985818 
0.591090 1.046666 
0.505076 0.918961 
0.692820 0.926701 
0.758355 0.958102 
0.606091 0.817163 
0.505076 0.745326 
0.519419 0.880631 
0.602376 0.857381 
0.551066 0.899887 
0.606091 0.715998 
0.418452 1.026983 
0.543984 0.879703 
0.626295 1.029365 
0.580288 1.219066 
0.551066 0.931315 
0.431419 0.979171 
0.486973 0.999796 
0.664247 0.803309 
0.567486 0.824126 
0.418452 1.237014 
0.557326 0.871546 
0.490314 1.015191 
0.551066 0.890081 
0.562792 1.094700 
0.580288 1.065986 
0.586933 0.946745 
0.486973 0.876915 
0.453557 1.020004 
0.638877 0.757008 
0.496518 0.968061 
0.431419 0.895339 
0.505076 0.846602 
0.505076 0.867556 
0.505076 0.925820 
0.580288 0.922286 
0.505076 0.872248 
0.451754 0.840068 
0.464670 0.968904 
0.437526 0.934814 
0.555492 0.887326 
0.536048 0.652781 
0.496518 0.982292 
0.562792 1.010355 
0.638877 1.035098 
0.496518 0.864020 
0.418452 0.939822 
0.641745 1.105829 
0.586933 0.982292 
0.545482 0.914509 
0.505076 0.926041 
0.638877 0.841767 
0.484873 0.880631 
0.586933 1.023001 
0.350510 0.934814 
0.646498 0.840068 
0.519419 1.010153 
0.496518 1.081194 
0.543984 0.917850 
0.418452 1.139996 
0.527218 1.223745 
0.640153 1.057722 
0.543984 1.155113 
0.543984 0.956396 
0.453557 0.968904 
0.418452 1.059264 
0.534522 0.844913 
0.702474 1.084962 
0.494872 0.766918 
0.705951 0.922286 
0.512696 0.968061 
0.597956 0.958102 
0.517451 0.865672 
0.418452 1.098422 
0.646813 1.020004 
0.696639 0.988918 
0.512696 0.998162 
0.388088 0.795138 
0.652781 0.965528 
0.614452 0.934814 
0.496518 0.934814 
0.418452 1.087968 
0.519419 0.876915 
0.527218 0.979171 
0.451754 0.922286 
0.571429 1.030157 
0.476381 1.205599 
0.567486 0.903734 
0.632778 0.961292 
0.592814 1.121406 
0.580288 1.431996 
0.370328 1.137308 
0.527218 1.069236 
0.437526 1.212183 
0.496518 0.853325 
0.512696 0.988918 
0.476381 1.113186 
0.486973 1.129385 
0.631163 1.084962 
0.519419 1.023001 
0.586933 0.868731 
0.512696 0.979171 
0.431419 1.143036 
0.404061 1.049781 
0.614452 0.998162 
0.505076 0.747513 
0.658074 0.743955 
0.672795 1.095631 
0.581694 0.955329 
0.564602 1.039819 
0.658074 0.820403 
0.652781 1.209486 
0.498569 1.099907 
0.364216 1.023001 
0.607437 0.946745 
0.527218 0.958102 
0.462910 0.962353 
0.451754 1.132272 
0.404061 0.899887 
0.607437 1.015191 
0.567486 1.137308 
0.758355 1.065986 
0.527218 1.129385 
0.606091 1.124132 
0.431419 1.030157 
0.476381 1.015191 
0.543984 0.934814 
0.464670 1.084962 
0.614452 1.249490 
0.506690 1.009344 
0.602376 0.986439 
0.505076 0.866850 
0.464670 0.909137 
0.418452 1.001224 
0.567486 0.946745 
0.557326 0.848528 
0.388088 0.925820 
0.557326 0.880631 
0.536048 0.857381 
0.555492 0.903508 
0.506690 0.891914 
0.555492 1.199490 
0.443087 1.136410 
0.476381 1.136410 
0.486973 1.015995 
0.486973 1.046666 
0.505076 1.006915 
0.494872 1.092647 
0.557326 1.068281 
0.527218 0.982292 
0.388088 1.069236 
0.388088 1.078359 
0.580288 1.175255 
0.486973 1.078359 
0.505076 1.114103 
0.471212 0.922286 
0.505076 1.144463 
0.437526 0.994885 
0.699854 1.015191 
0.555492 0.911603 
0.404061 1.020004 
0.443087 1.124132 
0.597956 1.035098 
0.602376 1.228904 
0.478518 1.208136 
0.677330 1.201360 
0.635353 1.238992 
0.519419 0.958102 
0.486973 1.124858 
0.592814 1.054630 
0.551066 1.151574 
0.557326 1.020004 
0.640153 1.100835 
0.481918 1.135872 
0.512696 1.006915 
0.404061 1.092647 
0.536048 1.010355 
0.814411 0.879703 
0.464670 1.038248 
0.586933 1.170383 
0.620730 0.904411 
0.496518 0.832993 
0.404061 1.111168 
0.562792 0.989743 
0.609114 1.060612 
0.674915 0.899887 
0.496518 1.062150 
0.476381 1.287459 
0.761577 1.054630 
0.545482 1.107304 
0.464670 1.010153 
0.606091 0.911603 
0.519419 0.968904 
0.762381 1.157231 
0.476381 0.936559 
0.527218 1.305561 
0.562792 1.116847 
0.592814 0.958102 
0.626295 1.115567 
0.418452 1.087968 
0.404061 1.208136 
0.555492 0.863075 
0.421852 1.015191 
0.522553 0.899887 
0.607437 1.177337 
0.476381 1.221575 
0.496518 1.009344 
0.385450 0.839096 
0.496518 1.002853 
0.557326 1.026983 
0.486973 0.977502 
0.443087 1.078359 
0.557326 1.098422 
0.496518 1.160577 
0.572855 1.023001 
0.564602 1.155113 
0.451754 1.069236 
0.505076 1.189924 
0.404061 1.106567 
0.476381 1.093394 
0.486973 1.030356 
0.388088 1.010960 
0.749422 1.092647 
0.626295 1.116847 
0.328261 0.890081 
0.562792 1.069045 
0.418452 0.804071 
0.505076 1.058300 
0.517451 1.198809 
0.421852 0.917850 
0.496518 1.073807 
0.496518 1.297564 
0.527218 1.153699 
0.505076 1.178030 
0.496518 1.122861 
0.512696 1.132813 
0.626295 1.146601 
0.486973 1.246874 
0.517451 1.364417 
0.486973 1.164965 
0.476381 1.017400 
0.543984 1.042759 
0.543984 1.158641 
0.643967 1.088155 
0.451754 0.999796 
0.464670 1.010355 
0.494872 0.925820 
0.551066 1.003870 
0.431419 1.143571 
0.496518 1.069808 
0.545482 1.252589 
0.496518 0.955329 
0.404061 1.092647 
0.512696 1.084962 
0.607437 1.087217 
0.635353 0.977502 
0.534522 1.018402 
0.606091 0.994885 
0.464670 1.026983 
0.762381 1.252589 
0.586933 1.006915 
0.562792 1.106567 
0.519419 1.238992 
0.453557 1.003870 
0.543984 0.842978 
0.543984 0.829064 
0.527218 0.815413 
0.602376 1.074567 
0.486973 0.888934 
0.562792 0.923392 
0.543984 1.222911 
0.543984 1.049781 
0.467734 1.259900 
0.527218 1.083456 
0.543984 1.058300 
0.464670 1.099350 
0.555492 0.912722 
0.602376 0.902604 
0.437526 0.853325 
0.580288 0.953832 
0.641745 1.338443 
0.572855 1.245400 
0.525279 1.185628 
0.838852 1.271509 
0.543984 1.370238 
0.586933 1.156349 
0.453557 0.903508 
0.551066 1.010355 
0.670059 0.990568 
0.734291 1.111168 
0.597956 1.204753 
0.451754 1.046666 
0.592814 1.010355 
0.437526 0.865672 
0.543984 0.968904 
0.496518 1.182353 
0.527218 1.049781 
0.527218 1.160577 
0.476381 1.088155 
0.519419 0.917850 
0.443087 0.977502 
0.606091 1.084398 
0.599660 1.022402 
0.602376 1.010960 
0.517451 0.968904 
0.496518 1.017400 
0.486973 1.157231 
0.404061 0.958102 
0.536048 0.980629 
0.443087 1.030157 
0.572855 1.055404 
0.388088 0.968061 
0.476381 0.902604 
0.437526 0.931315 
0.418452 0.926041 
0.437526 0.909137 
0.545482 1.038838 
0.451754 1.242282 
0.443087 1.212183 
0.551066 1.043737 
0.551066 1.163387 
0.580288 1.201360 
0.476381 0.916070 
0.572855 0.849730 
0.421852 0.863075 
0.340468 1.164965 
0.418452 1.277913 
0.451754 1.105829 
0.431419 1.106567 
0.464670 1.120495 
0.388088 1.160577 
0.431419 1.102131 
0.431419 1.350586 
0.522553 1.364417 
0.476381 1.221575 
0.404566 1.093394 
0.496518 0.998162 
0.557326 0.934814 
0.494872 0.728711 
0.536048 1.062150 
0.652781 1.010152 
0.527218 0.924938 
0.572855 1.010960 
0.476381 0.918961 
0.404061 1.060612 
0.599660 1.105829 
0.496518 1.277753 
0.404061 0.872248 
0.545482 1.170383 
0.506690 1.130108 
0.404566 1.037265 
0.683329 0.890081 
0.328261 1.195229 
0.451754 1.097121 
0.451754 0.974156 
0.564602 1.069236 
0.421852 0.969746 
0.464670 1.417817 
0.527218 1.059264 
0.467734 0.947822 
0.431419 1.142857 
0.421852 0.868731 
0.571429 0.899887 
0.437526 1.156349 
0.370328 1.062150 
0.431419 1.096190 
0.464670 0.980629 
0.557326 1.113186 
0.370328 0.952976 
0.388088 0.955329 
0.328261 1.233048 
0.505076 1.015191 
0.404061 1.075895 
0.519419 1.039819 
0.418452 0.943506 
0.512696 0.914509 
0.735402 1.212183 
0.496518 1.236189 
0.370328 1.065412 
0.418452 1.069808 
0.404061 1.467470 
0.557326 1.195229 
0.577115 1.119220 
0.620730 1.073807 
0.592814 1.139459 
0.517451 1.010152 
0.557326 1.185628 
0.512696 1.092647 
0.476381 1.296148 
0.602376 1.193349 
0.646813 1.437259 
0.486973 1.358871 
0.471212 1.160577 
0.464670 1.164790 
0.527218 1.147313 
0.517451 1.275995 
0.437526 1.143571 
0.486973 1.208980 
0.481918 1.297407 
0.525279 1.060612 
0.635353 0.936559 
0.451754 0.903508 
0.635353 0.958102 
0.543984 1.061574 
0.602376 0.969746 
0.505076 1.046666 
0.453557 0.986439 
0.451754 1.166890 
0.551066 0.994064 
0.431419 1.163387 
0.527218 1.005292 
0.494872 0.880631 
0.404566 1.023001 
0.496518 1.023998 
0.486973 0.983330 
0.421852 0.933722 
0.536048 0.853325 
0.635353 1.230397 
0.388088 1.206107 
0.527218 1.111902 
0.443087 1.261680 
0.557326 1.181663 
0.545482 0.973946 
0.476381 1.107304 
0.486973 1.195229 
0.543984 1.157231 
0.476381 1.006915 
0.543984 1.238992 
0.404061 0.989950 
0.607437 0.979171 
0.717422 1.134973 
0.551066 1.178030 
0.505076 1.010960 
0.517451 1.037265 
0.443087 1.098422 
0.620730 1.282377 
0.370328 1.023998 
0.517451 0.968904 
0.555492 1.115567 
0.602376 1.073807 
0.734291 1.185112 
0.481918 0.872248 
0.562792 0.986439 
0.486973 1.081194 
0.620730 1.113186 
0.404061 1.073807 
0.451754 1.206107 
0.543984 1.037265 
0.536048 1.069236 
0.525279 1.353604 
0.602376 1.206107 
0.591090 1.060612 
0.476381 1.175255 
0.626295 1.275995 
0.421852 1.010152 
0.431419 0.947607 
0.536048 1.093394 
0.527218 1.041192 
0.557326 1.114652 
0.606091 1.318781 
0.496518 1.015995 
0.451754 1.128662 
0.496518 1.021404 
0.494872 1.114652 
0.555492 1.070762 
0.388088 1.163387 
0.421852 1.142857 
0.486973 0.940907 
0.453557 1.046081 
0.599660 1.126490 
0.562792 1.213697 
0.467734 1.212183 
0.536048 1.199490 
0.350510 1.188551 
0.388088 1.280306 
0.404061 1.219568 
0.388088 1.125584 
0.476381 1.171254 
0.788954 1.014386 
0.543984 0.968904 
0.586933 1.172647 
0.404061 0.998162 
0.557326 0.968061 
0.506690 0.863075 
0.551066 1.119220 
0.545482 1.182353 
0.599660 1.240309 
0.557326 1.054630 
0.614452 0.876915 
0.592814 0.842978 
0.536048 0.909137 
0.543984 1.082137 
0.677631 1.218229 
0.486973 0.994885 
0.486973 1.058300 
0.451754 1.094700 
0.443087 1.065412 
0.614452 1.229568 
0.451754 1.006307 
0.536048 1.069045 
0.557326 1.327265 
0.505076 1.162158 
0.658074 1.130108 
0.562792 0.914509 
0.717422 1.265556 
0.602376 1.242775 
0.388088 1.134973 
0.388088 0.890081 
0.388088 0.982292 
0.388088 1.249326 
0.486973 1.143571 
0.572855 1.182353 
0.551066 1.328034 
0.431419 1.042759 
0.476381 1.111902 
0.418452 1.119220 
0.586933 1.359622 
0.481918 1.296935 
0.464670 1.212183 
0.486973 1.153699 
0.666701 1.069808 
0.527218 1.054630 
0.640153 1.043737 
0.609114 0.940907 
0.564602 0.994885 
0.431419 1.108225 
0.486973 1.049781 
0.486973 1.052887 
0.486973 0.994885 
0.464670 1.085902 
0.505076 1.191124 
0.496518 1.157231 
0.646498 1.124858 
0.512696 1.079682 
0.586933 0.875051 
0.303046 1.098422 
0.486973 1.035098 
0.506690 1.010355 
0.551066 1.128662 
0.517451 0.903508 
0.437526 1.140891 
0.464670 0.939170 
0.551066 0.948468 
0.519419 1.107304 
0.464670 1.058300 
0.418452 1.255844 
0.611455 1.023998 
0.580288 1.118308 
0.519419 0.814411 
0.517451 1.111902 
0.404061 1.092647 
0.592814 1.242282 
0.586933 1.312577 
0.388088 1.281103 
0.517451 1.318781 
0.370328 1.238992 
0.602376 0.887326 
0.462910 1.069045 
0.388088 1.155113 
0.580288 0.981669 
0.609114 1.401020 
0.562792 1.010152 
0.505076 1.202209 
0.545482 1.001224 
0.431419 0.968061 
0.451754 0.917183 
0.431419 1.046081 
0.505076 1.074567 
0.476381 0.888934 
0.525279 1.127757 
0.572855 1.193349 
0.564602 0.881557 
0.635353 0.917850 
0.674915 1.092647 
0.551066 1.013380 
0.658074 1.311799 
0.614452 1.054630 
0.486973 1.108225 
0.486973 1.073807 
0.388088 1.043737 
0.464670 0.989950 
0.525279 0.970798 
0.350510 1.035098 
0.614452 1.021404 
0.580288 0.920514 
0.626295 1.296935 
0.443087 1.069045 
0.597956 0.999796 
0.543984 0.939822 
0.562792 0.933722 
0.505076 0.931315 
0.486973 1.164790 
0.512696 1.178030 
0.451754 1.033322 
0.564602 1.043737 
0.662709 1.058300 
0.543984 1.341489 
0.370328 1.102131 
0.418452 1.061574 
0.586933 1.098422 
0.404061 1.233048 
0.580288 1.125584 
0.592814 1.043737 
0.602376 1.111168 
0.476381 1.197957 
0.567486 1.055404 
0.671277 1.119220 
0.370328 1.030950 
0.303046 1.160577 
0.555492 1.091900 
0.478518 1.205599 
0.464670 1.373807 
0.626295 1.195229 
0.464670 1.084398 
0.404566 0.947607 
0.557326 1.248836 
0.328261 1.046081 
0.431419 1.241461 
0.464670 1.182181 
0.592814 1.140891 
0.517451 1.236189 
0.388088 1.316148 
0.418452 0.886175 
0.421852 1.053856 
0.453557 1.310709 
0.462910 1.178030 
0.486973 1.119220 
0.443087 0.902604 
0.462910 0.763718 
0.471212 0.888934 
0.505076 0.982292 
0.388088 1.224911 
0.404566 1.265556 
0.551066 1.289835 
0.607437 1.232386 
0.418452 1.265718 
0.451754 1.191124 
0.486973 1.105829 
0.486973 1.077412 
0.464670 1.081194 
0.564602 1.069808 
0.519419 1.107304 
0.418452 1.238992 
0.536048 1.391519 
0.551066 1.150687 
0.388088 1.399708 
0.453557 1.376775 
0.418452 1.259900 
0.443087 1.195229 
0.677631 1.147313 
0.557326 1.087968 
0.481918 1.069045 
0.418452 1.219568 
0.527218 1.058300 
0.505076 1.069236 
0.512696 1.030158 
0.451754 1.144463 
0.370328 0.898070 
0.476381 1.394011 
0.597956 1.014990 
0.551066 1.015191 
0.370328 1.023998 
0.443087 1.284762 
0.536048 1.182353 
0.557326 1.171254 
0.496518 1.261680 
0.464670 1.052887 
0.404061 1.341489 
0.496518 1.046666 
0.451754 1.026387 
0.517451 1.069808 
0.476381 1.064453 
0.437526 0.936559 
0.404061 1.065412 
0.486973 1.046081 
0.564602 0.969115 
0.476381 1.087968 
0.443087 1.241461 
0.464670 1.025392 
0.506690 1.030158 
0.496518 1.052887 
0.418452 1.049003 
0.496518 1.174734 
0.505076 1.245400 
0.486973 1.486813 
0.620730 1.092647 
0.586933 0.944155 
0.505076 1.026983 
0.505076 1.150687 
0.635353 1.230397 
0.464670 1.117760 
0.572855 1.045105 
0.476381 1.213697 
0.641745 1.257792 
0.443087 1.128662 
0.437526 1.356616 
0.631163 1.274715 
0.451754 1.047641 
0.606091 1.307592 
0.388088 1.174734 
0.418452 0.876915 
0.350510 1.122861 
0.517451 1.100835 
0.536048 0.998162 
0.512696 1.042172 
0.486973 1.158641 
0.543984 1.053856 
0.431419 1.065412 
0.443087 1.313043 
0.580288 1.109514 
0.388088 1.035098 
0.476381 1.188551 
0.328261 1.179588 
0.388088 1.232386 
0.431419 1.146601 
0.572855 1.074567 
0.370328 1.487499 
0.543984 0.988918 
0.443087 0.968904 
0.505076 0.968061 
0.418452 1.139996 
0.543984 0.886405 
0.464670 0.986439 
0.519419 1.182353 
0.418452 1.081194 
0.557326 0.824126 
0.509502 1.084398 
0.517451 1.124132 
0.476381 1.270706 
0.494872 1.106751 
0.506690 1.073807 
0.404566 1.264266 
0.370328 1.309307 
0.464670 1.089655 
0.607437 1.206953 
0.672795 0.873417 
0.527218 1.199490 
0.431419 1.132813 
0.453557 1.065412 
0.476381 0.976458 
0.418452 0.914509 
0.431419 1.182353 
0.421852 1.198809 
0.512696 1.278392 
0.476381 1.162158 
0.418452 1.357669 
0.517451 1.225744 
0.607437 0.953832 
0.486973 1.158641 
0.505076 1.132813 
0.476381 0.964894 
0.496518 1.191980 
0.614452 1.206107 
0.543984 1.073046 
0.451754 1.208136 
0.599660 1.110433 
0.437526 1.230397 
0.431419 1.138563 
0.699854 1.010960 
0.562792 1.137308 
0.370328 1.109514 
0.571429 1.446177 
0.370328 0.994885 
0.388088 0.962353 
0.404061 1.396205 
0.404061 1.138563 
0.505076 1.303214 
0.350510 1.147135 
0.602376 1.037265 
0.631163 1.255356 
0.646813 1.144463 
0.451754 1.343921 
0.464670 0.983330 
0.431419 1.296935 
0.536048 1.073617 
0.543984 1.031939 
0.496518 0.973317 
0.496518 0.948468 
0.571429 1.296148 
0.421852 1.343921 
0.496518 1.309307 
0.496518 1.087968 
0.543984 1.069045 
0.557326 1.007928 
0.388088 1.130108 
0.677631 1.224911 
0.486973 1.060612 
0.486973 1.310709 
0.543984 1.073046 
0.512696 1.208136 
0.551066 1.144463 
0.421852 1.294257 
0.418452 1.174734 
0.602376 1.029365 
0.451754 1.103057 
0.586933 1.038838 
0.464670 1.099350 
0.592814 1.092460 
0.431419 1.130108 
0.505076 1.219568 
0.519419 1.092460 
0.527218 1.035098 
0.536048 1.049781 
0.620730 1.245400 
0.517451 1.087968 
0.388088 1.139459 
0.586933 1.708203 
0.443087 1.208136 
0.599660 1.002242 
0.476381 1.213697 
0.418452 1.030157 
0.536048 1.080627 
0.471212 1.092647 
0.586933 0.993037 
0.519419 1.073807 
0.421852 0.903508 
0.478518 1.159873 
0.519419 0.865672 
0.519419 1.042172 
0.462910 1.120495 
0.496518 1.072095 
0.512696 1.082137 
0.602376 1.128662 
0.543984 1.157231 
0.545482 1.092647 
0.592814 1.030157 
0.580288 1.054630 
0.527218 1.009344 
0.545482 1.195229 
0.451754 1.195911 
0.506690 1.284762 
0.635353 1.537159 
0.562792 1.063111 
0.418452 1.205599 
0.421852 1.058300 
0.536048 1.265556 
0.476381 1.061574 
0.451754 1.217056 
0.643967 1.102131 
0.557326 1.094700 
0.462910 1.127757 
0.476381 1.060612 
0.464670 1.215713 
0.431419 1.014386 
0.512696 1.152814 
0.536048 1.054630 
0.453557 1.037265 
0.481918 0.982292 
0.527218 1.085902 
0.557326 1.470804 
0.486973 1.085902 
0.443087 1.178030 
0.562792 1.073617 
0.437526 1.279190 
0.443087 1.249326 
0.443087 1.232386 
0.631163 1.311799 
0.486973 1.428714 
0.512696 1.255356 
0.597956 1.199320 
0.635353 1.158641 
0.418452 1.456863 
0.652781 1.312577 
0.451754 1.053856 
0.496518 1.034901 
0.496518 1.150687 
0.505076 1.182353 
0.658074 1.163387 
0.702474 0.990568 
0.486973 1.224911 
0.543984 1.178723 
0.606091 0.843704 
0.476381 1.231558 
0.517451 0.960655 
0.536048 1.361871 
0.574634 0.980629 
0.404061 1.049781 
0.543984 0.899887 
0.620730 1.128662 
0.512696 0.945235 
0.404061 1.042759 
0.646813 1.144463 
0.543984 0.987473 
0.451754 1.022402 
0.527218 1.092460 
0.505076 1.313043 
0.614452 1.182181 
0.496518 1.162158 
0.517451 1.074567 
0.580288 0.947607 
0.464670 1.092460 
0.597956 1.113186 
0.443087 1.373956 
0.476381 1.460221 
0.517451 1.261680 
0.543984 1.293626 
0.451754 1.180799 
0.453557 1.352398 
0.505076 1.019003 
0.476381 0.968904 
0.496518 1.093394 
0.421852 1.178723 
0.527218 1.176123 
0.464670 1.464686 
0.640153 0.895339 
0.635353 0.984782 
0.586933 0.991597 
0.476381 1.264265 
0.431419 1.089655 
0.580288 1.106567 
0.476381 1.238992 
0.451754 1.092647 
0.505076 0.994885 
0.476381 1.281740 
0.586933 1.120495 
0.543984 1.126490 
0.512696 1.005292 
0.464670 1.034901 
0.443087 1.144463 
0.527218 1.060612 
0.451754 1.116847 
0.451754 0.953832 
0.486973 0.995705 
0.471212 1.143036 
0.571429 1.346803 
0.635353 1.164965 
0.662709 1.146601 
0.592814 1.331563 
0.571429 1.208136 
0.652781 1.343769 
0.571429 1.246874 
0.545482 1.296935 
0.388088 1.179588 
0.443087 1.181663 
0.631163 0.909137 
0.496518 1.210330 
0.519419 1.399708 
0.534522 1.156349 
0.614452 1.089655 
0.437526 1.147135 
0.418452 0.968904 
0.506690 1.059264 
0.462910 1.087968 
0.486973 1.140891 
0.635353 1.015191 
0.476381 1.121406 
0.519419 1.181663 
0.467734 1.144463 
0.527218 0.988918 
0.464670 1.073617 
0.505076 1.234868 
0.431419 1.092647 
