2.564753 2.109648 2.564754 2.109645 
2.623365 2.089820 2.623363 2.089820 
2.578085 2.103543 2.578087 2.103546 
2.523036 2.136563 2.523036 2.136561 
2.592297 2.159460 2.592295 2.159460 
2.571429 2.115155 2.571429 2.115153 
2.669632 2.108197 2.669634 2.108197 
2.702984 2.149608 2.702984 2.149608 
2.674446 2.101603 2.674443 2.101603 
2.657296 2.088744 2.657296 2.088747 
2.737197 2.101991 2.737197 2.101991 
2.753031 2.080130 2.753031 2.080132 
2.782160 2.092260 2.782160 2.092260 
2.798249 2.088258 2.798251 2.088255 
2.855999 2.099173 2.856000 2.099173 
2.806768 2.132452 2.806770 2.132448 
2.794236 2.138186 2.794236 2.138183 
2.745013 2.073054 2.745015 2.073054 
2.775698 2.109648 2.775696 2.109648 
2.748579 2.123147 2.748581 2.123147 
2.712332 2.124782 2.712330 2.124780 
2.641043 2.128524 2.641041 2.128524 
2.641043 2.101116 2.641041 2.101119 
2.581647 2.072564 2.581647 2.072559 
2.623599 2.100438 2.623599 2.100436 
2.623599 2.100438 2.623599 2.100436 
2.641892 2.088744 2.641892 2.088747 
2.633845 2.076200 2.633845 2.076200 
2.633845 2.084346 2.633845 2.084343 
2.633845 2.072660 2.633845 2.072660 
2.649681 2.080424 2.649684 2.080424 
2.634156 2.043307 2.634156 2.043307 
2.645288 2.080127 2.645288 2.080132 
2.655455 2.113220 2.655451 2.113225 
2.673835 2.147614 2.673831 2.147614 
2.666573 2.171149 2.666573 2.171144 
2.710524 2.187630 2.710526 2.187628 
2.717217 2.176031 2.717216 2.176027 
2.731599 2.216449 2.731599 2.216449 
2.722245 2.210274 2.722245 2.210272 
2.705173 2.175935 2.705173 2.175935 
2.705700 2.190518 2.705702 2.190518 
2.685107 2.202133 2.685107 2.202133 
2.691557 2.202133 2.691561 2.202133 
2.692690 2.176311 2.692696 2.176311 
2.664958 2.161254 2.664965 2.161254 
2.630745 2.220128 2.630744 2.220133 
2.654299 2.220128 2.654299 2.220133 
2.617762 2.268597 2.617757 2.268595 
2.604233 2.224263 2.604234 2.224263 
2.635396 2.196937 2.635397 2.196937 
2.635396 2.224263 2.635397 2.224263 
2.631131 2.242085 2.631132 2.242080 
2.718350 2.258772 2.718343 2.258770 
2.705166 2.229306 2.705172 2.229302 
2.677876 2.235522 2.677876 2.235520 
2.707820 2.235522 2.707812 2.235520 
2.724341 2.247993 2.724342 2.247993 
2.714212 2.218292 2.714209 2.218292 
2.680238 2.228662 2.680238 2.228662 
2.672691 2.222425 2.672689 2.222430 
2.616197 2.222425 2.616197 2.222430 
2.551991 2.222425 2.551990 2.222430 
2.529903 2.170391 2.529903 2.170396 
2.539798 2.171144 2.539806 2.171149 
2.518826 2.171149 2.518828 2.171144 
2.518826 2.155581 2.518828 2.155580 
2.506246 2.131972 2.506237 2.131971 
2.482592 2.144666 2.482592 2.144665 
2.492767 2.118914 2.492765 2.118904 
2.500937 2.138471 2.500938 2.138463 
2.508436 2.138471 2.508435 2.138463 
2.507133 2.178279 2.507133 2.178288 
2.530541 2.178279 2.530548 2.178288 
2.503955 2.218751 2.503956 2.218750 
2.549502 2.218751 2.549510 2.218750 
2.575870 2.229302 2.575870 2.229302 
2.589532 2.193590 2.589540 2.193596 
2.582199 2.187254 2.582200 2.187263 
2.603058 2.206207 2.603060 2.206207 
2.617366 2.224263 2.617367 2.224254 
2.591117 2.232965 2.591115 2.232964 
2.598977 2.241446 2.598979 2.241445 
2.618295 2.212119 2.618303 2.212111 
2.562204 2.238442 2.562205 2.238442 
2.545019 2.226373 2.545023 2.226372 
2.551994 2.226373 2.551990 2.226372 
2.545982 2.194985 2.545986 2.194994 
2.520207 2.215805 2.520204 2.215797 
2.523360 2.215805 2.523360 2.215797 
2.492111 2.203893 2.492110 2.203902 
2.459882 2.173025 2.459882 2.173025 
2.416692 2.197958 2.416693 2.197957 
2.440213 2.213223 2.440224 2.213223 
2.440213 2.209811 2.440224 2.209821 
2.437884 2.239169 2.437881 2.239167 
2.468157 2.213133 2.468165 2.213133 
2.468157 2.198423 2.468165 2.198424 
2.468157 2.183799 2.468165 2.183798 
2.422771 2.181930 2.422766 2.181922 
2.435193 2.176029 2.435201 2.176031 
2.488262 2.176029 2.488258 2.176031 
2.482673 2.176029 2.482675 2.176031 
2.497671 2.163613 2.497673 2.163613 
2.497671 2.163613 2.497673 2.163613 
2.469489 2.166536 2.469487 2.166527 
2.457483 2.114671 2.457475 2.114672 
2.436878 2.109648 2.436877 2.109638 
2.453571 2.121320 2.453569 2.121330 
2.453571 2.047996 2.453569 2.047993 
2.361586 2.080914 2.361597 2.080913 
2.381997 2.012309 2.381990 2.012319 
2.402043 2.012715 2.402040 2.012715 
2.370649 2.012715 2.370654 2.012715 
2.384397 2.012613 2.384388 2.012611 
2.345726 2.042507 2.345731 2.042497 
2.345726 1.958758 2.345731 1.958758 
2.294973 1.901771 2.294981 1.901770 
2.310224 1.897904 2.310226 1.897894 
2.295424 1.863067 2.295426 1.863079 
2.269684 1.871482 2.269676 1.871484 
2.187536 1.787599 2.187534 1.787588 
2.118914 1.826003 2.118914 1.826002 
2.117841 1.826003 2.117854 1.826002 
2.135805 1.840697 2.135798 1.840694 
2.124784 1.825444 2.124781 1.825456 
2.130910 1.747768 2.130919 1.747766 
2.099961 1.749636 2.099951 1.749636 
2.133882 1.749636 2.133887 1.749636 
2.133882 1.778442 2.133887 1.778439 
2.138099 1.793867 2.138090 1.793865 
2.103062 1.768662 2.103060 1.768646 
2.099658 1.829464 2.099660 1.829453 
2.117371 1.882357 2.117373 1.882352 
2.156726 1.863068 2.156717 1.863057 
2.156726 1.876275 2.156717 1.876286 
2.156726 1.880187 2.156717 1.880190 
2.118914 1.884415 2.118914 1.884415 
2.118914 1.863615 2.118914 1.863613 
2.108864 1.886147 2.108874 1.886149 
2.126987 1.897474 2.126989 1.897484 
2.128627 1.887012 2.128619 1.887015 
2.083564 1.865366 2.083560 1.865366 
2.083564 1.820630 2.083560 1.820619 
2.057237 1.820630 2.057241 1.820619 
2.070187 1.820630 2.070196 1.820619 
2.063196 1.808822 2.063185 1.808824 
2.063196 1.772811 2.063185 1.772811 
2.065860 1.759986 2.065854 1.759971 
2.065860 1.759986 2.065854 1.759971 
2.065860 1.759986 2.065854 1.759971 
2.040799 1.756736 2.040808 1.756740 
2.052882 1.777869 2.052873 1.777862 
2.052882 1.770621 2.052873 1.770628 
2.057934 1.756156 2.057936 1.756150 
2.020305 1.753830 2.020305 1.753834 
2.020305 1.745432 2.020305 1.745439 
1.990691 1.745432 1.990693 1.745439 
1.992332 1.752549 1.992332 1.752549 
1.950826 1.778442 1.950824 1.778445 
1.980413 1.761261 1.980414 1.761261 
1.979487 1.755342 1.979487 1.755344 
1.979487 1.742740 1.979487 1.742742 
1.956264 1.742740 1.956256 1.742742 
1.975465 1.742740 1.975462 1.742742 
1.973699 1.742740 1.973704 1.742742 
1.961361 1.787142 1.961361 1.787142 
1.873554 1.753829 1.873555 1.753834 
1.873554 1.753829 1.873555 1.753834 
1.873554 1.741334 1.873555 1.741346 
1.895319 1.741334 1.895322 1.741346 
1.895319 1.720939 1.895322 1.720946 
1.876275 1.720939 1.876275 1.720946 
1.883992 1.761725 1.883982 1.761714 
1.851640 1.766352 1.851640 1.766357 
1.846013 1.795686 1.846010 1.795686 
1.846013 1.831248 1.846010 1.831250 
1.832251 1.831805 1.832251 1.831816 
1.814226 1.831805 1.814229 1.831816 
1.840705 1.831805 1.840697 1.831816 
1.799777 1.831805 1.799773 1.831816 
1.803505 1.820966 1.803511 1.820969 
1.803505 1.820630 1.803511 1.820619 
1.795686 1.820069 1.795686 1.820071 
1.787599 1.830467 1.787599 1.830466 
1.787599 1.829464 1.787599 1.829464 
1.790685 1.829464 1.790679 1.829464 
1.807468 1.817040 1.807468 1.817025 
1.777873 1.825108 1.777869 1.825112 
1.791253 1.834366 1.791248 1.834360 
1.770043 1.832251 1.770045 1.832240 
1.770043 1.793526 1.770045 1.793532 
1.770043 1.802040 1.770045 1.802035 
1.771551 1.802040 1.771544 1.802035 
1.784285 1.821527 1.784285 1.821516 
1.819283 1.851640 1.819284 1.851651 
1.798082 1.881055 1.798071 1.881060 
1.787031 1.866570 1.787028 1.866573 
1.787031 1.884524 1.787028 1.884521 
1.821078 1.884524 1.821078 1.884521 
1.809727 1.884524 1.809724 1.884521 
1.809727 1.891334 1.809724 1.891340 
1.786685 1.891334 1.786685 1.891340 
1.774653 1.876275 1.774652 1.876275 
1.784285 1.876275 1.784285 1.876275 
1.711435 1.876275 1.711426 1.876275 
1.743085 1.838811 1.743091 1.838809 
1.705334 1.857033 1.705334 1.857036 
1.705334 1.851640 1.705334 1.851640 
1.705334 1.851640 1.705334 1.851640 
1.709034 1.846010 1.709040 1.846013 
1.709034 1.811640 1.709040 1.811642 
1.653691 1.811640 1.653691 1.811642 
1.653691 1.805207 1.653691 1.805206 
1.624939 1.836590 1.624933 1.836575 
1.608147 1.811077 1.608142 1.811081 
1.578035 1.811077 1.578038 1.811081 
1.573254 1.814791 1.573246 1.814786 
1.536493 1.741333 1.536495 1.741346 
1.504961 1.770623 1.504958 1.770617 
1.498298 1.770623 1.498298 1.770617 
1.504961 1.787143 1.504958 1.787153 
1.504961 1.766353 1.504958 1.766357 
1.503875 1.756737 1.503872 1.756740 
1.496115 1.746834 1.496117 1.746831 
1.501700 1.746834 1.501700 1.746831 
1.501700 1.761261 1.501700 1.761261 
1.501700 1.762304 1.501700 1.762302 
1.506986 1.762304 1.506990 1.762302 
1.506986 1.751501 1.506990 1.751503 
1.484763 1.752084 1.484753 1.752094 
1.489560 1.752084 1.489555 1.752094 
1.489560 1.798525 1.489555 1.798525 
1.521136 1.831805 1.521144 1.831805 
1.511858 1.820070 1.511858 1.820071 
1.511858 1.785314 1.511858 1.785312 
1.505914 1.783026 1.505907 1.783023 
1.481995 1.804303 1.482001 1.804312 
1.485165 1.779819 1.485165 1.779823 
1.501700 1.779819 1.501700 1.779823 
1.501700 1.779819 1.501700 1.779823 
1.501700 1.777868 1.501700 1.777862 
1.501700 1.787142 1.501700 1.787142 
1.501700 1.723901 1.501700 1.723908 
1.492982 1.684988 1.492977 1.684983 
1.498298 1.684988 1.498298 1.684983 
1.472050 1.678192 1.472053 1.678191 
1.459815 1.698620 1.459802 1.698624 
1.446167 1.658128 1.446177 1.658132 
1.446167 1.678313 1.446177 1.678310 
1.445050 1.661571 1.445048 1.661578 
1.445050 1.661571 1.445048 1.661578 
1.429854 1.661571 1.429857 1.661578 
1.414214 1.614222 1.414213 1.614220 
1.414214 1.614222 1.414213 1.614220 
1.412620 1.603058 1.412625 1.603070 
1.410757 1.597064 1.410746 1.597067 
1.410757 1.564922 1.410746 1.564922 
1.410757 1.575838 1.410746 1.575836 
1.406101 1.498435 1.406109 1.498445 
1.385641 1.498435 1.385641 1.498445 
1.385641 1.521144 1.385641 1.521136 
1.367413 1.515768 1.367405 1.515768 
1.333395 1.468166 1.333401 1.468160 
1.333395 1.443352 1.333401 1.443353 
1.333395 1.446318 1.333401 1.446318 
1.340119 1.446318 1.340119 1.446318 
1.350592 1.434843 1.350586 1.434850 
1.350592 1.396204 1.350586 1.396201 
1.350592 1.426999 1.350586 1.427008 
1.345595 1.414214 1.345590 1.414214 
1.370383 1.417673 1.370386 1.417676 
1.364875 1.417673 1.364865 1.417676 
1.364875 1.431996 1.364865 1.431999 
1.359021 1.431996 1.359022 1.431999 
1.359021 1.431996 1.359022 1.431999 
1.359021 1.431996 1.359022 1.431999 
1.359021 1.459801 1.359022 1.459801 
1.367850 1.484615 1.367853 1.484615 
1.376333 1.484615 1.376331 1.484615 
1.376333 1.484615 1.376331 1.484615 
1.376333 1.469277 1.376331 1.469272 
1.332333 1.469277 1.332330 1.469272 
1.340119 1.469277 1.340119 1.469272 
1.316911 1.453497 1.316923 1.453507 
1.316911 1.451389 1.316923 1.451394 
1.306809 1.451389 1.306811 1.451394 
1.306809 1.463013 1.306811 1.463006 
1.306809 1.463013 1.306811 1.463006 
1.328648 1.463013 1.328648 1.463006 
1.328648 1.460361 1.328648 1.460361 
1.319240 1.460361 1.319245 1.460361 
1.319240 1.460361 1.319245 1.460361 
1.309475 1.460361 1.309463 1.460361 
1.309475 1.485165 1.309463 1.485165 
1.309475 1.495708 1.309463 1.495716 
1.277753 1.519398 1.277753 1.519393 
1.233711 1.498298 1.233710 1.498298 
1.229568 1.498298 1.229568 1.498298 
1.229568 1.498298 1.229568 1.498298 
1.236196 1.494070 1.236189 1.494076 
1.236196 1.494070 1.236189 1.494076 
1.236196 1.494070 1.236189 1.494076 
1.255362 1.494070 1.255356 1.494076 
1.255362 1.494070 1.255356 1.494076 
1.255362 1.494070 1.255356 1.494076 
1.224908 1.461897 1.224912 1.461902 
1.224908 1.461897 1.224912 1.461902 
1.224908 1.457003 1.224912 1.457000 
1.193360 1.457003 1.193349 1.457000 
1.193360 1.437685 1.193349 1.437694 
1.193360 1.437685 1.193349 1.437694 
1.193360 1.437685 1.193349 1.437694 
1.195229 1.437685 1.195229 1.437694 
1.213695 1.437685 1.213697 1.437694 
1.213695 1.437685 1.213697 1.437694 
1.213695 1.437685 1.213697 1.437694 
1.213695 1.388730 1.213697 1.388730 
1.213695 1.308684 1.213697 1.308698 
1.213695 1.308684 1.213697 1.308698 
1.213695 1.301334 1.213697 1.301337 
1.164280 1.301334 1.164264 1.301337 
1.164280 1.301334 1.164264 1.301337 
1.147313 1.309307 1.147313 1.309307 
1.147313 1.309307 1.147313 1.309307 
1.110970 1.309307 1.110984 1.309307 
1.110970 1.316923 1.110984 1.316926 
1.110970 1.316923 1.110984 1.316926 
1.072098 1.316923 1.072095 1.316926 
1.047634 1.268294 1.047641 1.268297 
1.047634 1.268294 1.047641 1.268297 
1.047634 1.268294 1.047641 1.268297 
1.047634 1.268294 1.047641 1.268297 
1.047634 1.245564 1.047641 1.245576 
1.047634 1.234868 1.047641 1.234873 
1.025407 1.234868 1.025392 1.234873 
1.025407 1.234868 1.025392 1.234873 
1.042179 1.234868 1.042172 1.234873 
1.038827 1.223745 1.038838 1.223736 
1.038827 1.223745 1.038838 1.223736 
1.038827 1.270706 1.038838 1.270715 
1.038827 1.270706 1.038838 1.270715 
1.038827 1.270706 1.038838 1.270715 
1.038827 1.270706 1.038838 1.270715 
1.065422 1.294257 1.065412 1.294258 
1.065422 1.294257 1.065412 1.294258 
0.995706 1.297564 0.995705 1.297564 
0.995706 1.318781 0.995705 1.318787 
0.995706 1.318781 0.995705 1.318787 
0.995706 1.321100 0.995705 1.321097 
0.989743 1.321100 0.989743 1.321097 
0.989743 1.321100 0.989743 1.321097 
0.989743 1.321100 0.989743 1.321097 
0.989743 1.338443 0.989743 1.338452 
0.989743 1.338443 0.989743 1.338452 
0.989743 1.357669 0.989743 1.357671 
0.955336 1.373362 0.955329 1.373376 
0.955336 1.373362 0.955329 1.373376 
0.955336 1.403349 0.955329 1.403349 
0.955336 1.417673 0.955329 1.417662 
0.955336 1.417673 0.955329 1.417662 
0.955336 1.373362 0.955329 1.373361 
0.947817 1.327265 0.947822 1.327268 
0.947817 1.327265 0.947822 1.327268 
0.947817 1.341489 0.947822 1.341486 
0.947817 1.341489 0.947822 1.341486 
0.947817 1.341489 0.947822 1.341486 
0.947817 1.341489 0.947822 1.341486 
0.947817 1.324802 0.947822 1.324803 
0.947817 1.323107 0.947822 1.323102 
0.947817 1.323107 0.947822 1.323102 
0.947817 1.323107 0.947822 1.323102 
0.947817 1.334167 0.947822 1.334172 
0.947817 1.334167 0.947822 1.334172 
0.947817 1.331563 0.947822 1.331555 
0.961305 1.331563 0.961292 1.331555 
0.961305 1.340728 0.961292 1.340728 
0.961305 1.340728 0.961292 1.340728 
0.961305 1.340728 0.961292 1.340728 
0.961305 1.340728 0.961292 1.340728 
0.961305 1.340728 0.961292 1.340728 
0.974156 1.340728 0.974156 1.340728 
0.974156 1.340728 0.974156 1.340728 
0.974156 1.290625 0.974156 1.290634 
0.974156 1.272792 0.974156 1.272799 
0.974156 1.272792 0.974156 1.272799 
0.974156 1.272792 0.974156 1.272799 
0.965525 1.277913 0.965528 1.277909 
0.965525 1.277913 0.965528 1.277909 
0.965525 1.277913 0.965528 1.277909 
0.965525 1.271991 0.965528 1.272000 
0.965525 1.271991 0.965528 1.272000 
0.965525 1.297565 0.965528 1.297564 
0.965525 1.297565 0.965528 1.297564 
0.977505 1.297565 0.977502 1.297564 
0.977505 1.306811 0.977502 1.306809 
0.977505 1.284285 0.977502 1.284287 
0.977505 1.284285 0.977502 1.284287 
0.977505 1.253404 0.977502 1.253407 
0.977505 1.253404 0.977502 1.253392 
0.977505 1.244744 0.977502 1.244727 
0.977505 1.235694 0.977502 1.235696 
0.977505 1.235694 0.977502 1.235696 
0.946765 1.265718 0.946745 1.265718 
0.946765 1.265718 0.946745 1.265718 
0.958107 1.265718 0.958102 1.265718 
0.958107 1.265718 0.958102 1.265718 
0.958107 1.271990 0.958102 1.271985 
0.947607 1.256656 0.947607 1.256647 
0.947607 1.256656 0.947607 1.256647 
0.947607 1.256656 0.947607 1.256647 
0.947607 1.256656 0.947607 1.256647 
0.936543 1.256656 0.936559 1.256647 
0.936543 1.261680 0.936559 1.261680 
0.936543 1.261680 0.936559 1.261680 
0.946723 1.261680 0.946745 1.261680 
0.965525 1.261680 0.965528 1.261680 
0.974156 1.266362 0.974156 1.266363 
0.974156 1.266362 0.974156 1.266363 
0.974156 1.270706 0.974156 1.270715 
0.974156 1.270706 0.974156 1.270715 
0.982285 1.270706 0.982292 1.270715 
0.982285 1.270706 0.982292 1.270715 
0.982285 1.270706 0.982292 1.270715 
0.947838 1.270706 0.947822 1.270715 
0.947838 1.270706 0.947822 1.270715 
0.933730 1.270706 0.933722 1.270715 
0.933730 1.270706 0.933722 1.270715 
0.933730 1.270706 0.933722 1.270715 
0.933730 1.270706 0.933722 1.270715 
0.933730 1.270706 0.933722 1.270715 
0.918949 1.270706 0.918961 1.270715 
0.918949 1.270706 0.918961 1.270715 
0.918949 1.270706 0.918961 1.270715 
0.918949 1.270706 0.918961 1.270715 
0.903508 1.242282 0.903508 1.242275 
0.903508 1.246055 0.903508 1.246056 
0.903508 1.246055 0.903508 1.246056 
0.903508 1.257792 0.903508 1.257788 
0.903508 1.257792 0.903508 1.257788 
0.903508 1.257792 0.903508 1.257788 
0.903508 1.257792 0.903508 1.257788 
0.903508 1.257792 0.903508 1.257788 
0.864021 1.257792 0.864020 1.257788 
0.864021 1.257792 0.864020 1.257788 
0.864021 1.243596 0.864020 1.243606 
0.864021 1.243596 0.864020 1.243606 
0.864021 1.243596 0.864020 1.243606 
0.864021 1.243596 0.864020 1.243606 
0.864021 1.212183 0.864020 1.212183 
0.864021 1.212183 0.864020 1.212183 
0.864021 1.212183 0.864020 1.212183 
0.864021 1.196764 0.864020 1.196762 
0.864021 1.196764 0.864020 1.196762 
0.864021 1.196764 0.864020 1.196762 
0.864021 1.196764 0.864020 1.196762 
0.864021 1.196764 0.864020 1.196762 
0.864021 1.196764 0.864020 1.196762 
0.864021 1.196764 0.864020 1.196762 
0.864021 1.196764 0.864020 1.196762 
0.864021 1.196764 0.864020 1.196762 
0.864021 1.196764 0.864020 1.196762 
0.864021 1.197958 0.864020 1.197960 
0.864021 1.197958 0.864020 1.197960 
0.864021 1.197958 0.864020 1.197960 
0.864021 1.164264 0.864020 1.164280 
0.822156 1.147135 0.822143 1.147139 
0.809133 1.147135 0.809132 1.147139 
0.809133 1.147135 0.809132 1.147139 
0.809133 1.147313 0.809132 1.147313 
0.814411 1.147313 0.814411 1.147313 
0.814411 1.147313 0.814411 1.147313 
0.814411 1.129204 0.814411 1.129191 
0.814411 1.129204 0.814411 1.129191 
0.814411 1.073046 0.814411 1.073027 
0.814411 1.073046 0.814411 1.073027 
0.814411 1.073046 0.814411 1.073027 
0.814411 1.073046 0.814411 1.073027 
0.814411 1.073046 0.814411 1.073027 
0.793865 1.073046 0.793854 1.073027 
0.793865 1.073046 0.793854 1.073027 
0.793865 1.073046 0.793854 1.073027 
0.798221 1.073046 0.798212 1.073027 
0.798221 1.073046 0.798212 1.073027 
0.798221 1.073046 0.798212 1.073027 
0.802032 1.073046 0.802038 1.073027 
0.802032 1.073046 0.802038 1.073027 
0.808122 1.073046 0.808122 1.073027 
0.808122 1.073046 0.808122 1.073027 
0.808122 1.073046 0.808122 1.073027 
0.808122 1.073046 0.808122 1.073027 
0.808122 1.072095 0.808122 1.072098 
0.808122 1.072095 0.808122 1.072098 
0.808122 1.072095 0.808122 1.072098 
0.808122 1.070762 0.808122 1.070759 
0.808122 1.070762 0.808122 1.070759 
0.808122 1.070762 0.808122 1.070759 
0.808122 1.069045 0.808122 1.069045 
0.808122 1.069045 0.808122 1.069045 
0.808122 1.064453 0.808122 1.064468 
0.808122 1.064453 0.808122 1.064468 
0.808122 1.061574 0.808122 1.061581 
0.810388 1.061574 0.810392 1.061581 
0.810388 1.061574 0.810392 1.061581 
0.810388 1.061574 0.810392 1.061581 
0.786627 1.058300 0.786623 1.058290 
0.786627 1.058300 0.786623 1.058290 
0.786627 1.058300 0.786623 1.058290 
0.786627 1.058300 0.786623 1.058290 
0.786627 1.058300 0.786623 1.058290 
0.786627 1.054630 0.786623 1.054630 
0.786627 1.030950 0.786623 1.030950 
0.786627 1.030950 0.786623 1.030950 
0.786627 1.030950 0.786623 1.030950 
0.786627 1.030950 0.786623 1.030950 
0.786627 1.030950 0.786623 1.030950 
0.787943 1.030950 0.787919 1.030950 
0.787943 1.030950 0.787919 1.030950 
0.787943 1.030950 0.787919 1.030950 
0.787943 0.964894 0.787919 0.964906 
0.787943 0.980629 0.787919 0.980620 
0.787943 0.980629 0.787919 0.980620 
0.787943 0.980629 0.787919 0.980620 
0.787943 0.980629 0.787919 0.980620 
0.787943 0.980629 0.787919 0.980620 
0.787943 0.980629 0.787919 0.980620 
0.787943 0.980629 0.787919 0.980620 
0.787943 0.980629 0.787919 0.980620 
0.707107 0.980629 0.707107 0.980620 
0.677307 0.980629 0.677330 0.980620 
0.677307 0.995705 0.677330 0.995706 
0.677307 0.995705 0.677330 0.995706 
0.677307 0.995705 0.677330 0.995706 
0.677307 0.995705 0.677330 0.995706 
0.677307 0.962353 0.677330 0.962362 
0.677307 0.962353 0.677330 0.962362 
0.676395 0.962353 0.676425 0.962362 
0.676395 0.962353 0.676425 0.962362 
0.676395 0.962353 0.676425 0.962362 
0.676395 0.962353 0.676425 0.962362 
0.676395 0.962353 0.676425 0.962362 
0.676395 0.976458 0.676425 0.976465 
0.676395 0.976458 0.676425 0.976465 
0.676395 0.976458 0.676425 0.976465 
0.676395 0.976458 0.676425 0.976465 
0.676395 0.961292 0.676425 0.961305 
0.676395 0.961292 0.676425 0.961305 
0.676395 0.961292 0.676425 0.961305 
0.676395 0.961292 0.676425 0.961305 
0.676395 0.961292 0.676425 0.961305 
0.676395 0.961292 0.676425 0.961305 
0.676395 0.909137 0.676425 0.909137 
0.643972 0.909137 0.643967 0.909137 
0.643972 0.909137 0.643967 0.909137 
0.643972 0.909137 0.643967 0.909137 
0.643972 0.909137 0.643967 0.909137 
0.643972 0.909137 0.643967 0.909137 
0.643972 0.922286 0.643967 0.922283 
0.643972 0.922286 0.643967 0.922283 
0.643972 0.934814 0.643967 0.934818 
0.643972 0.934814 0.643967 0.934818 
0.643972 0.934814 0.643967 0.934818 
0.643972 0.946745 0.643967 0.946765 
0.643972 0.946745 0.643967 0.946765 
0.643972 0.891914 0.643967 0.891919 
0.643972 0.880631 0.643967 0.880631 
0.643972 0.880631 0.643967 0.880631 
0.643972 0.880631 0.643967 0.880631 
0.643972 0.880631 0.643967 0.880631 
0.643972 0.880631 0.643967 0.880631 
0.643972 0.880631 0.643967 0.880631 
0.643972 0.880631 0.643967 0.880631 
0.643972 0.880631 0.643967 0.880631 
0.643972 0.868731 0.643967 0.868714 
0.643972 0.868731 0.643967 0.868714 
0.643972 0.868731 0.643967 0.868714 
0.641740 0.868731 0.641745 0.868714 
0.641740 0.868731 0.641745 0.868714 
0.641740 0.856190 0.641745 0.856166 
0.641740 0.856190 0.641745 0.856166 
0.641740 0.842978 0.641745 0.842982 
0.641740 0.842978 0.641745 0.842982 
0.641740 0.842978 0.641745 0.842982 
0.641740 0.829064 0.641745 0.829060 
0.641740 0.829064 0.641745 0.829060 
0.641740 0.829064 0.641745 0.829060 
0.641740 0.829064 0.641745 0.829060 
0.641740 0.829064 0.641745 0.829060 
0.641740 0.829064 0.641745 0.829060 
0.641740 0.829064 0.641745 0.829060 
0.641740 0.829064 0.641745 0.829060 
0.641740 0.829064 0.641745 0.829060 
0.641740 0.829064 0.641745 0.829060 
0.641740 0.829064 0.641745 0.829060 
0.641740 0.829064 0.641745 0.829060 
0.641740 0.829064 0.641745 0.829060 
0.641740 0.829064 0.641745 0.829060 
0.641740 0.829064 0.641745 0.829060 
0.641740 0.829064 0.641745 0.829060 
0.641740 0.788954 0.641745 0.788954 
0.641740 0.788954 0.641745 0.788954 
0.641740 0.788954 0.641745 0.788954 
0.641740 0.788954 0.641745 0.788954 
0.641740 0.788954 0.641745 0.788954 
0.641740 0.746147 0.641745 0.746137 
0.641740 0.746147 0.641745 0.746137 
0.641740 0.746147 0.641745 0.746137 
0.641740 0.746147 0.641745 0.746137 
0.641740 0.746147 0.641745 0.746137 
0.641740 0.746147 0.641745 0.746137 
0.641740 0.746147 0.641745 0.746137 
0.641740 0.746147 0.641745 0.746137 
0.638877 0.746147 0.638877 0.746137 
0.638877 0.746147 0.638877 0.746137 
0.638877 0.746147 0.638877 0.746137 
0.602364 0.746147 0.602376 0.746137 
0.602364 0.756199 0.602376 0.756219 
0.602364 0.756199 0.602376 0.756219 
0.562819 0.756199 0.562792 0.756219 
0.557339 0.756199 0.557326 0.756219 
0.557339 0.756199 0.557326 0.756219 
0.557339 0.756199 0.557326 0.756219 
0.557339 0.756199 0.557326 0.756219 
0.557339 0.756199 0.557326 0.756219 
0.551045 0.756199 0.551066 0.756219 
0.551045 0.756199 0.551066 0.756219 
0.551045 0.765586 0.551066 0.765596 
0.551045 0.765586 0.551066 0.765596 
0.505076 0.747513 0.505076 0.747498 
0.505076 0.747513 0.505076 0.747498 
0.505076 0.728431 0.505076 0.728431 
0.505076 0.728431 0.505076 0.728431 
0.505076 0.728431 0.505076 0.728431 
0.505076 0.728431 0.505076 0.728431 
0.453559 0.728431 0.453557 0.728431 
0.453559 0.728431 0.453557 0.728431 
0.453559 0.736511 0.453557 0.736512 
0.453559 0.736511 0.453557 0.736512 
0.453559 0.743955 0.453557 0.743970 
0.453559 0.743955 0.453557 0.743970 
0.453559 0.743955 0.453557 0.743970 
0.453559 0.743955 0.453557 0.743970 
0.453559 0.743955 0.453557 0.743970 
0.453559 0.723089 0.453557 0.723076 
0.453559 0.729551 0.453557 0.729552 
0.453559 0.707107 0.453557 0.707107 
0.453559 0.712569 0.453557 0.712582 
0.453559 0.717422 0.453557 0.717432 
0.453559 0.717422 0.453557 0.717432 
0.453559 0.717422 0.453557 0.717432 
0.453559 0.721676 0.453557 0.721669 
0.453559 0.721676 0.453557 0.721669 
0.453559 0.721676 0.453557 0.721669 
0.453559 0.721676 0.453557 0.721669 
0.453559 0.721676 0.453557 0.721669 
0.453559 0.721676 0.453557 0.721669 
0.453559 0.721676 0.453557 0.721669 
0.453559 0.721676 0.453557 0.721669 
0.453559 0.721676 0.453557 0.721669 
0.453559 0.721676 0.453557 0.721669 
0.453559 0.672795 0.453557 0.672790 
0.453559 0.672795 0.453557 0.672790 
0.453559 0.672795 0.453557 0.672790 
0.453559 0.672795 0.453557 0.672790 
0.453559 0.672795 0.453557 0.672790 
0.453559 0.672795 0.453557 0.672790 
0.453559 0.672795 0.453557 0.672790 
0.453559 0.672795 0.453557 0.672790 
0.453559 0.672795 0.453557 0.672790 
0.453559 0.672795 0.453557 0.672790 
0.453559 0.674915 0.453557 0.674920 
0.453559 0.674915 0.453557 0.674920 
0.453559 0.674915 0.453557 0.674920 
0.453559 0.674915 0.453557 0.674920 
0.443113 0.674915 0.443087 0.674920 
0.443113 0.674915 0.443087 0.674920 
0.443113 0.613122 0.443087 0.613153 
0.443113 0.613122 0.443087 0.613153 
0.443113 0.613122 0.443087 0.613153 
0.443113 0.613122 0.443087 0.613153 
0.443113 0.613122 0.443087 0.613153 
0.443113 0.613122 0.443087 0.613153 
0.443113 0.613122 0.443087 0.613153 
0.431399 0.613122 0.431419 0.613153 
0.431399 0.613122 0.431419 0.613153 
0.431399 0.613122 0.431419 0.613153 
0.431399 0.613122 0.431419 0.613153 
0.431399 0.613122 0.431419 0.613153 
0.431399 0.614120 0.431419 0.614127 
0.431399 0.614120 0.431419 0.614127 
0.431399 0.614120 0.431419 0.614127 
0.431399 0.614120 0.431419 0.614127 
0.431399 0.614120 0.431419 0.614127 
0.431399 0.614120 0.431419 0.614127 
0.431399 0.614120 0.431419 0.614127 
0.431399 0.614120 0.431419 0.614127 
0.431399 0.614120 0.431419 0.614127 
0.418454 0.614120 0.418452 0.614127 
0.418454 0.614120 0.418452 0.614127 
0.418454 0.614120 0.418452 0.614127 
0.418454 0.614120 0.418452 0.614127 
0.418454 0.614120 0.418452 0.614127 
0.418454 0.614120 0.418452 0.614127 
0.418454 0.614120 0.418452 0.614127 
0.418454 0.614120 0.418452 0.614127 
0.418454 0.614120 0.418452 0.614127 
0.418454 0.614120 0.418452 0.614127 
0.418454 0.614120 0.418452 0.614127 
0.418454 0.614120 0.418452 0.614127 
0.418454 0.614452 0.418452 0.614452 
0.418454 0.614452 0.418452 0.614452 
0.418454 0.614452 0.418452 0.614452 
0.418454 0.614452 0.418452 0.614452 
0.418454 0.614452 0.418452 0.614452 
0.418454 0.614452 0.418452 0.614452 
0.418454 0.614452 0.418452 0.614452 
0.418454 0.614452 0.418452 0.614452 
0.418454 0.614452 0.418452 0.614452 
0.418454 0.614452 0.418452 0.614452 
0.418454 0.614452 0.418452 0.614452 
0.418454 0.614452 0.418452 0.614452 
0.418454 0.614452 0.418452 0.614452 
0.418454 0.614452 0.418452 0.614452 
0.418454 0.614452 0.418452 0.614452 
0.418454 0.614452 0.418452 0.614452 
0.418454 0.614452 0.418452 0.614452 
0.418454 0.614452 0.418452 0.614452 
0.404061 0.614452 0.404061 0.614452 
0.404061 0.614452 0.404061 0.614452 
0.404061 0.614452 0.404061 0.614452 
0.404061 0.614452 0.404061 0.614452 
0.404061 0.614452 0.404061 0.614452 
0.404061 0.614452 0.404061 0.614452 
0.404061 0.614452 0.404061 0.614452 
0.388111 0.614452 0.388088 0.614452 
0.388111 0.614452 0.388088 0.614452 
0.388111 0.614452 0.388088 0.614452 
0.388111 0.614452 0.388088 0.614452 
0.388111 0.614452 0.388088 0.614452 
0.388111 0.614452 0.388088 0.614452 
0.388111 0.614452 0.388088 0.614452 
0.388111 0.614452 0.388088 0.614452 
0.388111 0.579937 0.388088 0.579911 
0.388111 0.579937 0.388088 0.579911 
0.388111 0.579937 0.388088 0.579911 
0.388111 0.579937 0.388088 0.579911 
0.388111 0.579937 0.388088 0.579911 
0.388111 0.579937 0.388088 0.579911 
0.388111 0.579937 0.388088 0.579911 
0.388111 0.579937 0.388088 0.579911 
0.388111 0.542481 0.388088 0.542443 
0.388111 0.542481 0.388088 0.542443 
0.388111 0.542481 0.388088 0.542443 
0.388111 0.542481 0.388088 0.542443 
0.388111 0.542481 0.388088 0.542443 
0.388111 0.542481 0.388088 0.542443 
0.388111 0.542481 0.388088 0.542443 
0.388111 0.542481 0.388088 0.542443 
0.388111 0.540597 0.388088 0.540603 
0.388111 0.540597 0.388088 0.540603 
0.388111 0.540597 0.388088 0.540603 
0.370347 0.540597 0.370328 0.540603 
0.370347 0.540597 0.370328 0.540603 
0.350496 0.540597 0.350510 0.540603 
0.350496 0.537948 0.350510 0.537942 
0.350496 0.537948 0.350510 0.537942 
0.350496 0.534522 0.350510 0.534522 
0.350496 0.534522 0.350510 0.534522 
0.350496 0.534522 0.350510 0.534522 
0.350496 0.534522 0.350510 0.534522 
0.350496 0.534522 0.350510 0.534522 
0.350496 0.534522 0.350510 0.534522 
0.350496 0.534522 0.350510 0.534522 
0.350496 0.534522 0.350510 0.534522 
0.350496 0.534522 0.350510 0.534522 
0.350496 0.534522 0.350510 0.534522 
0.350496 0.534522 0.350510 0.534522 
0.350496 0.534522 0.350510 0.534522 
0.350496 0.534522 0.350510 0.534522 
0.350496 0.534522 0.350510 0.534522 
0.350496 0.534522 0.350510 0.534522 
0.328300 0.534522 0.328261 0.534522 
0.328300 0.534522 0.328261 0.534522 
0.328300 0.534522 0.328261 0.534522 
0.328300 0.534522 0.328261 0.534522 
0.328300 0.534522 0.328261 0.534522 
0.328300 0.534522 0.328261 0.534522 
0.328300 0.534522 0.328261 0.534522 
0.328300 0.534522 0.328261 0.534522 
0.328300 0.534522 0.328261 0.534522 
0.328300 0.534522 0.328261 0.534522 
0.328300 0.534522 0.328261 0.534522 
0.328300 0.534522 0.328261 0.534522 
0.328300 0.534522 0.328261 0.534522 
0.328300 0.530306 0.328261 0.530293 
0.328300 0.530306 0.328261 0.530293 
0.328300 0.530306 0.328261 0.530293 
0.328300 0.530306 0.328261 0.530293 
0.328300 0.530306 0.328261 0.530293 
0.328300 0.530306 0.328261 0.530293 
0.328300 0.530306 0.328261 0.530293 
0.328300 0.525279 0.328261 0.525308 
0.328300 0.525279 0.328261 0.525308 
0.328300 0.525279 0.328261 0.525308 
0.328300 0.525279 0.328261 0.525308 
0.328300 0.525279 0.328261 0.525308 
0.328300 0.525279 0.328261 0.525308 
0.328300 0.525279 0.328261 0.525308 
0.328300 0.525279 0.328261 0.525308 
0.328300 0.525279 0.328261 0.525308 
0.328300 0.525279 0.328261 0.525308 
0.328300 0.525279 0.328261 0.525308 
0.328300 0.525279 0.328261 0.525308 
0.328300 0.519419 0.328261 0.519433 
0.328300 0.519419 0.328261 0.519433 
0.328300 0.519419 0.328261 0.519433 
0.328300 0.519419 0.328261 0.519433 
0.328300 0.519419 0.328261 0.519433 
0.328300 0.519419 0.328261 0.519433 
0.328300 0.519419 0.328261 0.519433 
0.328300 0.519419 0.328261 0.519433 
0.303046 0.519419 0.303046 0.519433 
0.303046 0.471212 0.303046 0.471188 
0.303046 0.471212 0.303046 0.471188 
0.303046 0.471212 0.303046 0.471188 
0.303046 0.471212 0.303046 0.471188 
0.303046 0.471212 0.303046 0.471188 
0.303046 0.471212 0.303046 0.471188 
0.303046 0.462910 0.303046 0.462910 
0.303046 0.462910 0.303046 0.462910 
0.303046 0.462910 0.303046 0.462910 
0.303046 0.462910 0.303046 0.462910 
0.303046 0.453557 0.303046 0.453559 
0.303046 0.453557 0.303046 0.453559 
0.303046 0.453557 0.303046 0.453559 
0.303046 0.453557 0.303046 0.453559 
0.303046 0.453557 0.303046 0.453559 
0.303046 0.453557 0.303046 0.453559 
0.303046 0.453557 0.303046 0.453559 
0.303046 0.453557 0.303046 0.453559 
0.303046 0.453557 0.303046 0.453559 
0.303046 0.453557 0.303046 0.453559 
0.303046 0.453557 0.303046 0.453559 
0.303046 0.453557 0.303046 0.453559 
0.303046 0.453557 0.303046 0.453559 
0.303046 0.453557 0.303046 0.453559 
0.303046 0.453557 0.303046 0.453559 
0.303046 0.453557 0.303046 0.453559 
0.303046 0.453557 0.303046 0.453559 
0.303046 0.453557 0.303046 0.453559 
0.303046 0.453557 0.303046 0.453559 
0.303046 0.453557 0.303046 0.453559 
0.303046 0.453557 0.303046 0.453559 
0.303046 0.453557 0.303046 0.453559 
0.303046 0.453557 0.303046 0.453559 
0.303046 0.453557 0.303046 0.453559 
0.303046 0.453557 0.303046 0.453559 
0.303046 0.453557 0.303046 0.453559 
0.303046 0.453557 0.303046 0.453559 
0.303046 0.453557 0.303046 0.453559 
0.303046 0.453557 0.303046 0.453559 
0.303046 0.453557 0.303046 0.453559 
0.303046 0.453557 0.303046 0.453559 
0.303046 0.453557 0.303046 0.453559 
0.303046 0.453557 0.303046 0.453559 
0.303046 0.453557 0.303046 0.453559 
0.303046 0.453557 0.303046 0.453559 
0.303046 0.453557 0.303046 0.453559 
0.303046 0.453557 0.303046 0.453559 
0.274036 0.443087 0.274048 0.443113 
0.274036 0.443087 0.274048 0.443113 
0.274036 0.443087 0.274048 0.443113 
0.274036 0.443087 0.274048 0.443113 
0.274036 0.443087 0.274048 0.443113 
0.274036 0.443087 0.274048 0.443113 
0.274036 0.443087 0.274048 0.443113 
0.274036 0.443087 0.274048 0.443113 
0.274036 0.443087 0.274048 0.443113 
0.274036 0.443087 0.274048 0.443113 
0.274036 0.443087 0.274048 0.443113 
0.274036 0.443087 0.274048 0.443113 
0.274036 0.443087 0.274048 0.443113 
0.274036 0.443087 0.274048 0.443113 
0.274036 0.443087 0.274048 0.443113 
0.274036 0.443087 0.274048 0.443113 
0.274036 0.443087 0.274048 0.443113 
0.274036 0.443087 0.274048 0.443113 
0.274036 0.431419 0.274048 0.431399 
0.274036 0.431419 0.274048 0.431399 
0.274036 0.431419 0.274048 0.431399 
0.239828 0.431419 0.239898 0.431399 
0.239828 0.431419 0.239898 0.431399 
0.239828 0.431419 0.239898 0.431399 
0.239828 0.431419 0.239898 0.431399 
0.239828 0.431419 0.239898 0.431399 
0.239828 0.431419 0.239898 0.431399 
0.239828 0.431419 0.239898 0.431399 
0.239828 0.431419 0.239898 0.431399 
0.239828 0.431419 0.239898 0.431399 
0.239828 0.431419 0.239898 0.431399 
0.239828 0.431419 0.239898 0.431399 
0.239828 0.431419 0.239898 0.431399 
0.239828 0.431419 0.239898 0.431399 
0.239828 0.431419 0.239898 0.431399 
0.239828 0.431419 0.239898 0.431399 
0.239828 0.431419 0.239898 0.431399 
0.239828 0.431419 0.239898 0.431399 
0.239828 0.431419 0.239898 0.431399 
0.239828 0.431419 0.239898 0.431399 
0.239828 0.431419 0.239898 0.431399 
0.239828 0.418452 0.239898 0.418454 
0.239828 0.418452 0.239898 0.418454 
0.239828 0.418452 0.239898 0.418454 
0.239828 0.418452 0.239898 0.418454 
0.239828 0.418452 0.239898 0.418454 
0.239828 0.418452 0.239898 0.418454 
0.239828 0.418452 0.239898 0.418454 
0.239828 0.418452 0.239898 0.418454 
0.239828 0.418452 0.239898 0.418454 
0.239828 0.418452 0.239898 0.418454 
0.239828 0.418452 0.239898 0.418454 
0.239828 0.418452 0.239898 0.418454 
0.239828 0.418452 0.239898 0.418454 
0.239828 0.418452 0.239898 0.418454 
0.239828 0.418452 0.239898 0.418454 
0.239828 0.418452 0.239898 0.418454 
0.239828 0.418452 0.239898 0.418454 
0.239828 0.418452 0.239898 0.418454 
0.239828 0.418452 0.239898 0.418454 
0.239828 0.418452 0.239898 0.418454 
0.239828 0.418452 0.239898 0.418454 
0.239828 0.418452 0.239898 0.418454 
0.239828 0.418452 0.239898 0.418454 
0.239828 0.418452 0.239898 0.418454 
0.239828 0.418452 0.239898 0.418454 
0.239828 0.404061 0.239898 0.404061 
0.239828 0.404061 0.239898 0.404061 
0.239828 0.404061 0.239898 0.404061 
0.239828 0.404061 0.239898 0.404061 
0.239828 0.404061 0.239898 0.404061 
0.239828 0.404061 0.239898 0.404061 
0.239828 0.404061 0.239898 0.404061 
0.239828 0.404061 0.239898 0.404061 
0.239828 0.404061 0.239898 0.404061 
0.239828 0.404061 0.239898 0.404061 
0.239828 0.404061 0.239898 0.404061 
0.239828 0.404061 0.239898 0.404061 
0.239828 0.404061 0.239898 0.404061 
0.239828 0.404061 0.239898 0.404061 
0.239828 0.404061 0.239898 0.404061 
0.239828 0.404061 0.239898 0.404061 
0.239828 0.404061 0.239898 0.404061 
0.239828 0.404061 0.239898 0.404061 
0.239828 0.404061 0.239898 0.404061 
0.239828 0.404061 0.239898 0.404061 
0.239828 0.404061 0.239898 0.404061 
0.239828 0.404061 0.239898 0.404061 
0.239828 0.404061 0.239898 0.404061 
0.239828 0.404061 0.239898 0.404061 
0.239828 0.404061 0.239898 0.404061 
0.239828 0.404061 0.239898 0.404061 
0.239828 0.404061 0.239898 0.404061 
0.239828 0.388088 0.239898 0.388111 
0.239828 0.388088 0.239898 0.388111 
0.239828 0.388088 0.239898 0.388111 
0.239828 0.388088 0.239898 0.388111 
0.239828 0.388088 0.239898 0.388111 
0.239828 0.388088 0.239898 0.388111 
0.239828 0.388088 0.239898 0.388111 
0.239828 0.388088 0.239898 0.388111 
0.239828 0.388088 0.239898 0.388111 
0.239828 0.388088 0.239898 0.388111 
0.239828 0.388088 0.239898 0.388111 
0.239828 0.388088 0.239898 0.388111 
0.239828 0.388088 0.239898 0.388111 
0.239828 0.388088 0.239898 0.388111 
0.239828 0.388088 0.239898 0.388111 
0.198045 0.388088 0.197949 0.388111 
0.198045 0.388088 0.197949 0.388111 
0.198045 0.388088 0.197949 0.388111 
0.198045 0.388088 0.197949 0.388111 
0.198045 0.388088 0.197949 0.388111 
0.198045 0.388088 0.197949 0.388111 
0.198045 0.388088 0.197949 0.388111 
0.198045 0.388088 0.197949 0.388111 
0.198045 0.388088 0.197949 0.388111 
0.198045 0.388088 0.197949 0.388111 
0.198045 0.388088 0.197949 0.388111 
0.198045 0.388088 0.197949 0.388111 
0.198045 0.388088 0.197949 0.388111 
0.198045 0.388088 0.197949 0.388111 
0.198045 0.388088 0.197949 0.388111 
0.198045 0.388088 0.197949 0.388111 
0.198045 0.388088 0.197949 0.388111 
0.198045 0.388088 0.197949 0.388111 
0.198045 0.388088 0.197949 0.388111 
0.198045 0.388088 0.197949 0.388111 
0.198045 0.388088 0.197949 0.388111 
0.198045 0.388088 0.197949 0.388111 
0.198045 0.388088 0.197949 0.388111 
