135.654419
135.654419
136.531601
136.531601
136.531601
136.531601
136.531601
136.531601
136.775497
136.775497
136.775497
136.775497
136.775497
136.775497
136.775497
136.775497
138.101898
138.101898
138.101898
138.101898
138.101898
138.101898
138.101898
138.451797
138.451797
138.451797
138.451797
138.451797
138.451797
138.451797
138.451797
138.451797
138.412048
138.412048
138.412048
138.412048
138.412048
138.412048
138.412048
138.412048
138.412048
138.412048
138.412048
138.412048
138.412048
138.412048
138.412048
138.412048
138.412048
138.412048
138.412048
138.412048
138.412048
138.412048
138.412048
138.412048
138.412048
138.412048
138.412048
138.412048
138.605942
138.412048
138.412048
138.412048
138.412048
138.412048
138.412048
138.412048
138.412048
138.412048
138.412048
138.451797
138.451797
138.451797
138.451797
138.451797
138.451797
138.451797
138.451797
138.451797
138.451797
138.451797
138.310883
138.310883
138.310883
138.310883
138.310883
138.310883
138.310883
138.310883
138.310883
138.310883
138.310883
138.310883
138.310883
138.310883
138.310883
138.310883
138.310883
137.987488
137.987488
137.987488
137.987488
137.987488
137.987488
137.987488
137.987488
137.690582
137.690582
137.690582
137.690582
137.690582
137.207336
137.207336
137.207336
137.207336
137.207336
137.207336
137.207336
137.207336
137.207336
137.207336
137.207336
137.207336
137.207336
137.207336
137.207336
137.207336
137.207336
137.207336
137.207336
137.207336
137.207336
137.207336
137.207336
137.207336
137.207336
137.207336
137.207336
137.207336
137.207336
137.207336
137.207336
137.207336
137.207336
137.207336
137.207336
137.207336
137.207336
136.750565
136.750565
136.750565
136.750565
136.750565
136.750565
136.750565
136.750565
136.750565
136.750565
136.750565
136.750565
136.750565
136.750565
136.750565
136.750565
136.750565
136.750565
136.750565
136.101334
136.101334
136.101334
135.478592
135.478592
134.654419
134.654419
134.654419
134.654419
134.654419
134.654419
134.654419
134.654419
134.654419
134.654419
134.654419
134.654419
133.856735
133.856735
133.856735
133.856735
133.856735
133.856735
133.856735
133.856735
133.856735
133.856735
133.856735
133.856735
133.856735
133.856735
133.856735
133.856735
133.856735
133.856735
133.856735
133.856735
132.844955
132.844955
132.844955
132.844955
131.859680
131.859680
131.859680
131.859680
131.859680
131.859680
131.859680
131.859680
131.859680
131.859680
131.859680
131.859680
131.859680
131.859680
130.642456
130.642456
130.642456
130.642456
130.642456
130.642456
130.642456
130.642456
130.642456
130.642456
130.642456
130.642456
130.642456
130.642456
130.642456
130.642456
130.642456
130.642456
130.642456
130.642456
130.642456
130.642456
130.642456
130.642456
130.642456
130.642456
130.642456
130.642456
130.642456
129.167633
128.003403
128.003403
128.003403
128.003403
128.003403
128.003403
128.003403
128.003403
128.003403
128.003403
128.003403
128.003403
128.003403
128.003403
128.003403
128.003403
128.003403
128.003403
128.003403
128.003403
126.581558
126.581558
126.581558
126.581558
126.581558
126.581558
126.581558
126.581558
126.581558
126.581558
126.581558
126.581558
126.581558
126.581558
126.581558
126.581558
126.581558
126.581558
126.581558
126.581558
126.581558
126.581558
126.581558
126.581558
126.581558
126.581558
126.581558
