62.393291	73.261131

62.393291	73.261131

64.670563	71.861038

64.670563	71.861038

64.670563	71.861038

64.670563	71.861038

64.670563	71.861038

64.670563	71.861038

63.021900	73.753601

63.021900	73.753601

63.021900	73.753601

63.021900	73.753601

63.021900	73.753601

63.021900	73.753601

63.021900	73.753601

63.021900	73.753601

65.517860	72.584038

65.517860	72.584038

65.517860	72.584038

65.517860	72.584038

65.517860	72.584038

65.517860	72.584038

65.517860	72.584038

67.463768	70.988029

67.463768	70.988029

67.463768	70.988029

67.463768	70.988029

67.463768	70.988029

67.463768	70.988029

67.463768	70.988029

67.463768	70.988029

67.463768	70.988029

65.684914	72.727142

65.684914	72.727142

65.684914	72.727142

65.684914	72.727142

65.684914	72.727142

65.684914	72.727142

65.684914	72.727142

65.684914	72.727142

65.684914	72.727142

65.684914	72.727142

65.684914	72.727142

65.684914	72.727142

65.684914	72.727142

65.684914	72.727142

65.684914	72.727142

65.684914	72.727142

65.684914	72.727142

65.684914	72.727142

65.684914	72.727142

65.684914	72.727142

65.684914	72.727142

65.684914	72.727142

65.684914	72.727142

65.684914	72.727142

65.684914	72.727142

65.684914	72.727142

65.684914	72.727142

65.684914	72.727142

67.543808	71.062134

65.684914	72.727142

65.684914	72.727142

65.684914	72.727142

65.684914	72.727142

65.684914	72.727142

65.684914	72.727142

65.684914	72.727142

65.684914	72.727142

65.684914	72.727142

65.684914	72.727142

67.463768	70.988029

67.463768	70.988029

67.463768	70.988029

67.463768	70.988029

67.463768	70.988029

67.463768	70.988029

67.463768	70.988029

67.463768	70.988029

67.463768	70.988029

67.463768	70.988029

67.463768	70.988029

69.155441	69.155441

69.155441	69.155441

69.155441	69.155441

69.155441	69.155441

69.155441	69.155441

69.155441	69.155441

69.155441	69.155441

69.155441	69.155441

69.155441	69.155441

69.155441	69.155441

69.155441	69.155441

69.155441	69.155441

69.155441	69.155441

69.155441	69.155441

69.155441	69.155441

69.155441	69.155441

69.155441	69.155441

67.222603	70.764885

67.222603	70.764885

67.222603	70.764885

67.222603	70.764885

67.222603	70.764885

67.222603	70.764885

67.222603	70.764885

67.222603	70.764885

68.845291	68.845291

68.845291	68.845291

68.845291	68.845291

68.845291	68.845291

68.845291	68.845291

66.817139	70.390190

66.817139	70.390190

66.817139	70.390190

66.817139	70.390190

66.817139	70.390190

66.817139	70.390190

66.817139	70.390190

66.817139	70.390190

66.817139	70.390190

66.817139	70.390190

66.817139	70.390190

66.817139	70.390190

66.817139	70.390190

66.817139	70.390190

66.817139	70.390190

66.817139	70.390190

66.817139	70.390190

66.817139	70.390190

66.817139	70.390190

66.817139	70.390190

66.817139	70.390190

66.817139	70.390190

66.817139	70.390190

66.817139	70.390190

66.817139	70.390190

66.817139	70.390190

66.817139	70.390190

66.817139	70.390190

66.817139	70.390190

66.817139	70.390190

66.817139	70.390190

66.817139	70.390190

66.817139	70.390190

66.817139	70.390190

66.817139	70.390190

66.817139	70.390190

66.817139	70.390190

68.375282	68.375282

68.375282	68.375282

68.375282	68.375282

68.375282	68.375282

68.375282	68.375282

68.375282	68.375282

68.375282	68.375282

68.375282	68.375282

68.375282	68.375282

68.375282	68.375282

68.375282	68.375282

68.375282	68.375282

68.375282	68.375282

68.375282	68.375282

68.375282	68.375282

68.375282	68.375282

68.375282	68.375282

68.375282	68.375282

68.375282	68.375282

69.859558	66.241776

69.859558	66.241776

69.859558	66.241776

67.739296	67.739296

67.739296	67.739296

65.488007	69.166412

65.488007	69.166412

65.488007	69.166412

65.488007	69.166412

65.488007	69.166412

65.488007	69.166412

65.488007	69.166412

65.488007	69.166412

65.488007	69.166412

65.488007	69.166412

65.488007	69.166412

65.488007	69.166412

66.928368	66.928368

66.928368	66.928368

66.928368	66.928368

66.928368	66.928368

66.928368	66.928368

66.928368	66.928368

66.928368	66.928368

66.928368	66.928368

66.928368	66.928368

66.928368	66.928368

66.928368	66.928368

66.928368	66.928368

66.928368	66.928368

66.928368	66.928368

66.928368	66.928368

66.928368	66.928368

66.928368	66.928368

66.928368	66.928368

66.928368	66.928368

66.928368	66.928368

68.301414	64.543541

68.301414	64.543541

68.301414	64.543541

68.301414	64.543541

65.929840	65.929840

65.929840	65.929840

65.929840	65.929840

65.929840	65.929840

65.929840	65.929840

65.929840	65.929840

65.929840	65.929840

65.929840	65.929840

65.929840	65.929840

65.929840	65.929840

65.929840	65.929840

65.929840	65.929840

65.929840	65.929840

65.929840	65.929840

63.390865	67.251595

63.390865	67.251595

63.390865	67.251595

63.390865	67.251595

63.390865	67.251595

63.390865	67.251595

63.390865	67.251595

63.390865	67.251595

63.390865	67.251595

63.390865	67.251595

63.390865	67.251595

63.390865	67.251595

63.390865	67.251595

63.390865	67.251595

63.390865	67.251595

63.390865	67.251595

63.390865	67.251595

63.390865	67.251595

63.390865	67.251595

63.390865	67.251595

63.390865	67.251595

63.390865	67.251595

63.390865	67.251595

63.390865	67.251595

63.390865	67.251595

63.390865	67.251595

63.390865	67.251595

63.390865	67.251595

63.390865	67.251595

60.656498	68.511139

62.004570	65.998833

62.004570	65.998833

62.004570	65.998833

62.004570	65.998833

62.004570	65.998833

62.004570	65.998833

62.004570	65.998833

62.004570	65.998833

62.004570	65.998833

62.004570	65.998833

62.004570	65.998833

62.004570	65.998833

62.004570	65.998833

62.004570	65.998833

62.004570	65.998833

62.004570	65.998833

62.004570	65.998833

62.004570	65.998833

62.004570	65.998833

62.004570	65.998833

63.290779	63.290779

63.290779	63.290779

63.290779	63.290779

63.290779	63.290779

63.290779	63.290779

63.290779	63.290779

63.290779	63.290779

63.290779	63.290779

63.290779	63.290779

63.290779	63.290779

63.290779	63.290779

63.290779	63.290779

63.290779	63.290779

63.290779	63.290779

63.290779	63.290779

63.290779	63.290779

63.290779	63.290779

63.290779	63.290779

63.290779	63.290779

63.290779	63.290779

63.290779	63.290779

63.290779	63.290779

63.290779	63.290779

63.290779	63.290779

63.290779	63.290779

63.290779	63.290779

63.290779	63.290779

