136.180737
272.809912
409.585425
547.421973
685.663818
824.115723
962.543652
1100.955762
1239.367871
1377.779980
1516.192090
1654.604102
1793.054883
1931.466992
2069.911133
2208.363281
2346.730469
2485.041016
2623.351563
2761.597461
2899.584766
3037.393945
3174.794336
3312.001563
3449.208594
3586.415625
3723.622656
3860.829688
3998.036719
4135.152344
4271.902344
4408.652344
4545.402344
4681.892969
4817.166406
4951.820703
5086.475000
5220.332422
5354.189844
5488.047266
5621.904688
5754.553125
5886.412500
6018.271875
6149.644531
6280.287109
6410.929688
6541.572266
6672.213281
6802.853906
6932.145312
7060.149219
7188.153125
7316.157031
7443.592188
7570.174219
7696.756250
7823.338281
7949.920313
8076.502344
