137.788712
138.035645
138.035645
138.035645
139.927643
139.927643
139.927643
139.927643
139.927643
139.927643
139.927643
139.993896
139.993896
139.993896
139.993896
139.993896
139.993896
139.993896
139.993896
141.574188
141.574188
141.574188
141.574188
141.574188
141.574188
141.574188
141.574188
141.277283
141.277283
141.277283
141.277283
141.277283
141.277283
142.599930
142.599930
142.599930
142.599930
142.599930
142.599930
142.599930
142.599930
142.599930
142.599930
142.599930
142.599930
142.599930
141.924194
143.662048
143.662048
143.662048
143.662048
143.662048
143.662048
143.662048
143.662048
143.662048
143.662048
143.662048
143.662048
143.662048
143.662048
143.662048
143.662048
143.662048
143.662048
143.662048
143.662048
143.662048
143.662048
143.662048
143.662048
143.662048
143.662048
143.662048
143.662048
143.662048
143.662048
143.662048
143.662048
143.662048
143.231781
143.231781
143.231781
143.231781
143.231781
143.231781
143.231781
143.231781
143.231781
143.231781
143.231781
143.231781
144.151642
144.151642
144.151642
143.327469
143.327469
145.219452
145.219452
145.219452
145.219452
145.219452
145.219452
145.219452
145.219452
145.219452
145.219452
145.219452
145.219452
145.219452
145.219452
145.219452
145.219452
145.219452
145.219452
145.219452
145.219452
145.219452
145.219452
145.219452
145.219452
145.219452
145.219452
145.219452
145.219452
145.219452
145.219452
145.219452
145.219452
145.219452
145.219452
144.421768
144.421768
144.421768
144.421768
144.421768
144.421768
144.421768
144.421768
145.816147
145.816147
145.816147
145.816147
144.804367
144.804367
144.804367
146.503616
146.503616
145.259903
147.151901
147.151901
145.650574
147.349823
147.349823
147.349823
147.349823
147.349823
147.349823
147.349823
147.349823
147.349823
147.349823
147.349823
147.349823
147.349823
147.349823
147.349823
147.349823
147.349823
147.349823
147.349823
147.349823
145.552292
145.552292
145.552292
145.552292
143.396057
143.396057
143.396057
143.396057
143.396057
143.396057
144.831970
144.831970
144.831970
144.831970
144.831970
144.831970
144.831970
144.831970
144.831970
144.831970
144.831970
144.831970
144.831970
144.831970
144.831970
144.831970
144.831970
144.831970
144.831970
144.831970
144.831970
144.831970
144.831970
144.831970
144.831970
143.952789
143.952789
143.952789
143.952789
143.952789
143.952789
143.952789
143.952789
143.952789
143.952789
143.952789
143.952789
145.368134
145.368134
145.368134
145.368134
145.368134
145.368134
145.368134
145.368134
145.368134
145.368134
145.368134
145.368134
145.368134
145.368134
145.368134
145.368134
145.368134
145.368134
145.368134
145.368134
145.368134
145.368134
145.368134
145.368134
145.368134
145.368134
145.368134
145.368134
145.368134
145.368134
145.368134
145.368134
145.368134
145.368134
145.368134
145.368134
145.368134
145.368134
145.368134
145.368134
145.368134
145.368134
145.368134
145.368134
145.368134
145.368134
145.368134
142.763885
142.763885
142.763885
142.763885
142.763885
142.763885
142.763885
142.763885
142.763885
142.763885
142.763885
144.153336
144.153336
144.153336
144.153336
144.153336
144.153336
144.153336
144.153336
144.153336
144.153336
144.153336
144.153336
144.153336
144.153336
144.153336
144.153336
144.153336
143.068710
143.068710
143.068710
143.068710
143.068710
143.068710
143.068710
143.068710
143.068710
143.068710
143.068710
143.068710
143.068710
143.068710
141.726410
141.726410
140.087906
140.087906
140.087906
140.087906
141.623001
141.623001
141.623001
141.623001
141.623001
141.623001
141.623001
141.623001
141.623001
141.623001
138.337875
138.337875
138.337875
138.337875
139.783371
139.783371
139.783371
139.783371
139.783371
139.783371
139.783371
139.783371
139.783371
137.812744
137.812744
137.812744
137.812744
139.265869
139.265869
139.265869
139.265869
139.265869
138.281509
138.281509
138.281509
138.281509
138.281509
138.281509
138.281509
138.281509
138.281509
138.281509
138.281509
138.281509
138.281509
138.281509
138.281509
138.281509
138.281509
138.281509
138.281509
138.281509
138.281509
138.281509
138.281509
138.281509
138.281509
138.281509
138.281509
138.281509
138.281509
138.281509
138.281509
138.281509
138.281509
138.281509
138.281509
138.281509
138.281509
138.281509
138.281509
138.281509
138.281509
138.281509
138.281509
138.281509
138.281509
138.281509
138.281509
138.281509
138.281509
138.281509
138.281509
138.281509
138.281509
138.281509
138.281509
138.281509
138.281509
138.281509
138.281509
138.281509
138.281509
138.281509
138.281509
138.281509
138.281509
138.281509
138.281509
138.281509
138.281509
138.281509
138.281509
138.281509
138.281509
138.281509
138.281509
138.281509
138.281509
138.281509
138.281509
138.281509
138.281509
138.281509
138.281509
138.281509
138.281509
138.281509
138.281509
138.281509
138.281509
138.281509
138.281509
138.281509
138.281509
138.281509
138.281509
138.281509
138.281509
138.281509
138.281509
138.281509
138.281509
138.281509
138.281509
138.281509
138.281509
138.281509
138.281509
138.281509
138.281509
138.281509
138.281509
138.281509
138.281509
138.281509
138.281509
138.281509
138.281509
138.281509
138.281509
138.281509
138.281509
138.281509
138.281509
138.281509
138.281509
135.075882
135.075882
135.075882
135.075882
135.075882
135.075882
135.075882
135.075882
135.075882
135.075882
135.075882
135.075882
135.075882
135.075882
135.075882
135.075882
135.075882
135.075882
135.075882
135.075882
135.075882
135.075882
135.075882
135.075882
135.075882
135.075882
135.075882
135.075882
135.075882
135.075882
135.075882
135.075882
135.075882
135.075882
135.075882
135.075882
135.075882
136.485077
136.485077
136.485077
136.485077
136.485077
136.485077
136.485077
136.485077
136.485077
136.485077
136.485077
136.485077
136.485077
136.485077
136.485077
136.485077
136.485077
136.485077
136.485077
136.485077
136.485077
136.485077
136.485077
136.485077
136.485077
136.485077
136.485077
136.485077
136.485077
136.485077
136.485077
136.485077
136.485077
136.485077
136.485077
136.485077
136.485077
136.485077
136.485077
136.485077
136.485077
136.485077
136.485077
136.485077
136.485077
136.485077
136.485077
136.485077
136.485077
136.485077
136.485077
136.485077
136.485077
136.485077
136.485077
136.485077
136.485077
136.485077
136.485077
136.485077
136.485077
136.485077
136.485077
136.485077
136.485077
136.485077
136.485077
136.485077
136.485077
136.485077
136.485077
136.485077
136.485077
136.485077
136.485077
136.485077
136.485077
136.485077
136.485077
136.485077
136.485077
136.485077
136.485077
136.485077
136.485077
136.485077
136.485077
136.485077
136.485077
136.485077
136.485077
136.485077
136.485077
136.485077
136.485077
136.485077
136.485077
136.485077
136.485077
136.485077
136.485077
136.485077
136.485077
136.485077
136.485077
136.485077
136.485077
136.485077
136.485077
136.485077
136.485077
136.485077
136.485077
136.485077
136.485077
136.485077
136.485077
136.485077
136.485077
136.485077
136.485077
136.485077
136.485077
136.485077
136.485077
136.485077
136.485077
136.485077
136.485077
136.485077
136.485077
136.485077
136.485077
136.485077
136.485077
136.485077
136.485077
136.485077
136.485077
136.485077
136.485077
136.485077
136.485077
136.485077
136.485077
136.485077
136.485077
136.485077
136.485077
136.485077
136.485077
136.485077
136.485077
136.485077
136.485077
136.485077
136.485077
136.485077
136.485077
136.485077
136.485077
136.485077
136.485077
136.485077
136.485077
136.485077
136.485077
136.485077
136.485077
136.485077
136.485077
136.485077
136.485077
136.485077
136.485077
136.485077
136.485077
136.485077
136.485077
136.485077
136.485077
136.485077
136.485077
136.485077
136.485077
136.485077
136.485077
136.485077
136.485077
136.485077
136.485077
136.485077
136.485077
136.485077
136.485077
136.485077
136.485077
136.485077
136.485077
136.485077
136.485077
136.485077
136.485077
136.485077
136.485077
136.485077
136.485077
136.485077
136.485077
136.485077
136.485077
136.485077
136.485077
136.485077
136.485077
136.485077
136.485077
136.485077
136.485077
136.485077
136.485077
136.485077
136.485077
136.485077
136.485077
136.485077
136.485077
136.485077
136.485077
136.485077
136.485077
136.485077
136.485077
136.485077
136.485077
136.485077
136.485077
136.485077
136.485077
136.485077
136.485077
136.485077
136.485077
136.485077
136.485077
136.485077
136.485077
136.485077
136.485077
136.485077
136.485077
136.485077
136.485077
136.485077
136.485077
136.485077
136.485077
136.485077
136.485077
136.485077
136.485077
136.485077
136.485077
136.485077
136.485077
136.485077
136.485077
136.485077
136.485077
136.485077
136.485077
136.485077
136.485077
136.485077
136.485077
136.485077
136.485077
136.485077
136.485077
136.485077
136.485077
136.485077
136.485077
136.485077
136.485077
136.485077
136.485077
136.485077
136.485077
136.485077
136.485077
136.485077
136.485077
136.485077
136.485077
136.485077
136.485077
136.485077
136.485077
136.485077
136.485077
136.485077
136.485077
136.485077
136.485077
136.485077
136.485077
136.485077
136.485077
136.485077
136.485077
136.485077
136.485077
136.485077
136.485077
136.485077
136.485077
136.485077
136.485077
136.485077
136.485077
136.485077
136.485077
136.485077
136.485077
136.485077
136.485077
136.485077
136.485077
136.485077
136.485077
136.485077
136.485077
136.485077
136.485077
136.485077
136.485077
136.485077
136.485077
136.485077
136.485077
136.485077
136.485077
136.485077
136.485077
136.485077
136.485077
136.485077
136.485077
136.485077
136.485077
136.485077
136.485077
136.485077
136.485077
136.485077
136.485077
136.485077
136.485077
136.485077
136.485077
136.485077
136.485077
136.485077
136.485077
136.485077
136.485077
136.485077
136.485077
136.485077
136.485077
136.485077
136.485077
136.485077
136.485077
136.485077
136.485077
136.485077
136.485077
136.485077
136.485077
136.485077
136.485077
136.485077
136.485077
136.485077
136.485077
136.485077
136.485077
136.485077
136.485077
136.485077
136.485077
136.485077
136.485077
136.485077
136.485077
136.485077
136.485077
136.485077
136.485077
136.485077
136.485077
136.485077
136.485077
136.485077
136.485077
136.485077
136.485077
136.485077
136.485077
136.485077
136.485077
136.485077
136.485077
136.485077
136.485077
136.485077
136.485077
136.485077
136.485077
136.485077
136.485077
136.485077
136.485077
136.485077
136.485077
136.485077
136.485077
136.485077
136.485077
136.485077
136.485077
136.485077
136.485077
136.485077
136.485077
136.485077
136.485077
136.485077
136.485077
136.485077
136.485077
136.485077
136.485077
136.485077
136.485077
136.485077
136.485077
136.485077
136.485077
136.485077
136.485077
136.485077
136.485077
136.485077
136.485077
136.485077
136.485077
136.485077
136.485077
136.485077
136.485077
136.485077
136.485077
136.485077
136.485077
136.485077
136.485077
136.485077
136.485077
136.485077
136.485077
136.485077
136.485077
136.485077
136.485077
136.485077
136.485077
136.485077
136.485077
136.485077
136.485077
136.485077
136.485077
136.485077
136.485077
136.485077
136.485077
136.485077
136.485077
136.485077
136.485077
