207.423279
207.423279
207.282776
207.282776
207.026855
207.026855
207.026855
207.026855
207.026855
206.655121
206.167023
206.167023
206.167023
206.167023
206.167023
206.167023
206.721344
206.721344
206.721344
206.167023
205.495087
205.495087
204.704346
203.793457
203.793457
203.793457
203.793457
202.760742
202.760742
201.604279
200.321823
201.124207
199.768280
199.768280
199.768280
199.768280
199.768280
199.768280
199.768280
199.768280
199.768280
199.768280
198.281906
198.281906
196.661835
196.661835
196.661835
196.661835
196.661835
196.661835
194.904388
194.904388
194.904388
194.904388
193.005310
193.005310
193.005310
193.005310
193.005310
193.005310
193.005310
193.005310
193.005310
193.005310
193.005310
193.005310
190.959778
190.959778
190.959778
188.762207
186.406128
187.554382
188.573669
188.573669
188.573669
188.573669
188.573669
188.573669
188.573669
188.573669
188.573669
188.573669
188.573669
188.573669
188.573669
188.573669
188.573669
188.573669
188.573669
188.573669
188.573669
188.573669
188.573669
188.573669
188.573669
188.573669
188.573669
188.573669
188.573669
188.573669
188.573669
188.573669
188.573669
188.573669
186.180267
186.180267
186.180267
186.180267
186.180267
186.180267
186.180267
186.180267
186.180267
186.180267
186.180267
187.133972
187.133972
187.133972
187.133972
187.133972
187.960480
185.521393
185.521393
185.521393
185.521393
185.521393
185.521393
185.521393
185.521393
185.521393
185.521393
185.521393
185.521393
185.521393
185.521393
185.521393
185.521393
185.521393
185.521393
185.521393
185.521393
185.521393
182.905655
182.905655
182.905655
182.905655
182.905655
182.905655
182.905655
182.905655
182.905655
182.905655
182.905655
182.905655
182.905655
182.905655
182.905655
182.905655
182.905655
182.905655
182.905655
182.905655
182.905655
182.905655
182.905655
182.905655
182.905655
182.905655
182.905655
182.905655
180.101822
180.101822
180.101822
180.101822
180.101822
180.101822
178.046661
178.046661
178.046661
178.046661
178.046661
178.046661
178.046661
178.046661
178.046661
178.046661
178.046661
178.046661
178.046661
178.865967
178.865967
178.865967
178.865967
178.865967
178.865967
176.525635
177.147491
177.147491
177.147491
177.147491
177.147491
177.147491
177.147491
177.147491
177.147491
177.147491
177.147491
177.147491
177.147491
177.147491
177.147491
177.147491
177.147491
177.639572
177.639572
177.639572
177.639572
177.639572
177.639572
177.639572
177.639572
177.639572
177.639572
177.639572
177.639572
177.639572
177.639572
177.639572
177.639572
177.639572
174.499054
174.499054
174.499054
174.499054
174.499054
174.499054
174.499054
174.499054
174.499054
174.499054
174.499054
174.499054
174.499054
174.499054
174.499054
174.499054
174.499054
174.499054
174.499054
174.499054
174.499054
174.499054
174.499054
174.499054
174.499054
174.499054
174.499054
171.096649
171.096649
171.096649
171.096649
171.096649
171.096649
171.096649
171.096649
171.096649
171.096649
171.096649
171.096649
171.096649
171.096649
171.096649
171.096649
171.096649
171.096649
171.096649
171.096649
171.096649
171.096649
171.096649
171.096649
171.096649
171.096649
171.096649
171.096649
171.096649
171.096649
171.096649
171.096649
167.390076
167.390076
167.390076
167.390076
167.390076
167.390076
167.390076
167.390076
167.390076
167.390076
167.390076
