207.202856
413.714063
619.250537
823.815137
1027.259863
1230.541113
1432.881445
1634.154883
1834.233984
2034.047852
2232.800781
2431.261719
2628.554688
2824.888477
3020.582812
3216.277148
3411.972266
3607.667578
3803.014453
3996.619531
4188.850000
4379.090625
4567.297656
4755.504687
4943.711719
5131.918750
5320.125781
5508.332812
5695.205078
5875.592188
6053.828516
6232.064844
6410.301172
6588.537500
6766.775781
6944.409375
7119.624219
7294.839063
7470.053906
7645.268750
7820.483594
7995.698438
8170.945312
8346.320312
8521.695312
8697.070312
8872.445312
9045.242188
9217.394531
9388.842969
9557.475781
9726.197656
9894.978906
10063.760156
10232.541406
10401.322656
10570.103906
10738.885156
10907.666406
11076.447656
11245.228906
11414.010156
11582.791406
11751.572656
11920.353906
12089.135156
12257.916406
12426.697656
12595.478906
12764.260156
12933.041406
13101.822656
13270.606250
13439.395313
13608.184375
13776.973438
13945.762500
14114.551563
14283.340625
14452.129688
14620.165625
14785.189062
14950.212500
15115.235937
15280.259375
15445.270313
15610.231250
15775.192188
15940.153125
16105.114063
16269.953125
16434.710938
16599.468750
16760.920312
16921.432812
17081.776562
17242.120312
17402.464062
17562.807812
17723.151562
17883.495312
18043.839062
18204.182812
18364.526562
18524.870312
18685.214062
18845.557812
19005.901562
19166.245312
19326.589062
19486.932812
19647.276562
19807.620312
19967.964062
20127.964062
20287.878125
20447.792187
20607.706250
20767.620312
20925.618750
21080.743750
21235.868750
21390.993750
21546.118750
21701.243750
21856.368750
22011.493750
22166.618750
22321.743750
22476.868750
22631.993750
22786.603125
22941.212500
23095.821875
23250.431250
23405.040625
23559.650000
23714.259375
23868.868750
24023.478125
24178.087500
24332.696875
24487.306250
24641.915625
24796.525000
24951.134375
25105.743750
25260.353125
25414.962500
25569.571875
25724.046875
25877.984375
26031.757812
26184.875000
26337.984375
26491.093750
26644.203125
26797.312500
26950.421875
27103.531250
27256.640625
27409.750000
27562.859375
27715.968750
27869.078125
28022.187500
28175.296875
28328.406250
28480.925000
28633.050000
28785.175000
28937.300000
29089.425000
29241.550000
29393.675000
29545.800000
29697.925000
29850.050000
30002.175000
30154.300000
30306.425000
30458.550000
30610.675000
30762.800000
30914.925000
31067.050000
31219.175000
31371.300000
31523.425000
31675.550000
31827.675000
31978.887500
32129.871875
32280.856250
32431.840625
32582.825000
32733.809375
32884.793750
33035.778125
33186.762500
33337.746875
33488.731250
33639.715625
33790.700000
33941.684375
34092.668750
34243.653125
34394.637500
34545.621875
34696.606250
34847.590625
34998.575000
35149.559375
35300.543750
35451.528125
35602.512500
35753.496875
35904.481250
36055.465625
36206.450000
36357.434375
36508.418750
36659.403125
36810.387500
36961.371875
37112.356250
37262.278125
37411.934375
37561.590625
37711.246875
37860.903125
38010.559375
38160.215625
38309.871875
38459.528125
38609.184375
38758.840625
38908.496875
39058.153125
39207.809375
39357.465625
39507.121875
39656.778125
39806.434375
39956.090625
40105.746875
40255.403125
40405.059375
40554.715625
40704.371875
40854.028125
41003.684375
41153.340625
41302.996875
41452.653125
41602.309375
41751.965625
41901.621875
42051.278125
42200.934375
42350.590625
42500.246875
42649.903125
42799.559375
42949.215625
43098.871875
43248.528125
43398.184375
43547.840625
43697.496875
43847.153125
43996.809375
44146.465625
44296.121875
44445.778125
44595.434375
44745.090625
44894.746875
45044.403125
45194.059375
45343.715625
45493.371875
45643.028125
45792.684375
45942.340625
46091.996875
46241.653125
46391.309375
46540.965625
46690.621875
46840.278125
46989.934375
47139.590625
47289.246875
47438.903125
47588.559375
47738.215625
47887.871875
48037.528125
48187.184375
48336.840625
48486.496875
48636.153125
48785.809375
48935.465625
49085.121875
49234.778125
49384.434375
49534.090625
49683.746875
49833.403125
49983.059375
50132.715625
50282.371875
50432.028125
50581.684375
50731.340625
50880.996875
51030.653125
51180.309375
51329.965625
51479.621875
51629.278125
51778.934375
51928.590625
52078.246875
52227.903125
52377.559375
52527.212500
52676.868750
52826.525000
52976.181250
53125.837500
53275.493750
53425.150000
53574.806250
53724.462500
53874.118750
54023.775000
54173.431250
54323.087500
54472.743750
54622.400000
54772.056250
54921.712500
55071.368750
55221.025000
55370.681250
55520.337500
55669.993750
55819.650000
55969.306250
56118.962500
56268.618750
56418.275000
56567.931250
56717.587500
56867.243750
57016.900000
57166.556250
57316.212500
57465.868750
57615.525000
57765.181250
57914.837500
58064.493750
58214.150000
58363.806250
58513.462500
58663.118750
58812.775000
58962.431250
59112.087500
59261.743750
59411.400000
59561.056250
59710.712500
59860.368750
60010.025000
60159.681250
60309.337500
60458.993750
60608.650000
60758.306250
60907.962500
61057.618750
61207.275000
61356.931250
61506.587500
61656.243750
61805.900000
61955.556250
62105.212500
62254.868750
62404.525000
62554.181250
62703.837500
62853.493750
63003.150000
63152.806250
63302.462500
63452.118750
63601.775000
63751.431250
63901.087500
64050.743750
64200.400000
64350.056250
64499.712500
64649.368750
64799.025000
64948.681250
65098.337500
65247.993750
65397.650000
65547.306250
65696.962500
65846.618750
65996.275000
66145.931250
66295.587500
66445.243750
66594.900000
66744.556250
66894.212500
67043.868750
67193.525000
67343.181250
67492.837500
67642.493750
67792.150000
67941.806250
68091.462500
68241.118750
68390.775000
68540.431250
68690.087500
68839.743750
68989.400000
69139.056250
69288.712500
69438.368750
69588.025000
69737.681250
69887.337500
70036.993750
70186.650000
70336.306250
70485.962500
70635.618750
70785.275000
70934.931250
71084.587500
71234.243750
71383.900000
71533.556250
71683.212500
71832.868750
71982.525000
72132.181250
72281.837500
72431.493750
72581.150000
72730.806250
72880.462500
73028.587500
73176.712500
73324.837500
73472.962500
73621.087500
73769.212500
73917.337500
74065.462500
74213.587500
74361.712500
74509.837500
74657.962500
74806.087500
74954.212500
75102.337500
75250.462500
75398.587500
75546.712500
75694.837500
75842.962500
75991.087500
76139.212500
76287.337500
76435.462500
76583.587500
76731.712500
76879.150000
77025.556250
77171.962500
77318.368750
77464.775000
77611.181250
77757.587500
77903.993750
78050.400000
78196.806250
78343.212500
78489.618750
78636.025000
78782.431250
78928.837500
79075.243750
79221.650000
79368.056250
79514.462500
79660.868750
79807.275000
79953.681250
80100.087500
80246.493750
80392.900000
80539.306250
80685.712500
80832.118750
80978.525000
81124.931250
81271.337500
81417.743750
81564.150000
81710.556250
81856.962500
82003.368750
82149.775000
82296.181250
82442.587500
82588.993750
82735.400000
82881.806250
83028.212500
83174.618750
83321.025000
83467.043750
83611.512500
83755.981250
83900.450000
84044.918750
84189.387500
84333.856250
84478.325000
84622.793750
84767.262500
84911.731250
85056.200000
85200.668750
85345.137500
85489.606250
85634.075000
85778.543750
85923.012500
86067.481250
86211.950000
86356.418750
86500.887500
86645.356250
86789.825000
86934.293750
87078.762500
87223.231250
87367.700000
87512.168750
87656.637500
87801.106250
87945.575000
88090.043750
88234.512500
88378.981250
88523.450000
88667.918750
88812.387500
88956.856250
89101.325000
89245.793750
89390.262500
89534.731250
89679.200000
89823.668750
89968.137500
90112.606250
90257.075000
90401.543750
90546.012500
90690.481250
90834.950000
90979.418750
91123.887500
91268.356250
91412.825000
91557.293750
91701.762500
91846.231250
91990.700000
92135.168750
92279.637500
92424.106250
92568.575000
92713.043750
92857.512500
93001.981250
93146.450000
93290.918750
93435.387500
93579.856250
93724.325000
93868.793750
94013.262500
94157.731250
94302.200000
94446.668750
94591.137500
94735.606250
94880.075000
95024.543750
95169.012500
95313.481250
95457.950000
95602.418750
95746.887500
95891.356250
96035.825000
96180.293750
96324.762500
96469.231250
96613.700000
96758.168750
96902.637500
97047.106250
97191.575000
97336.043750
97480.512500
97624.981250
97769.450000
97913.918750
98058.387500
98202.856250
98347.325000
98491.793750
98636.262500
98780.731250
98925.200000
99069.668750
99214.137500
99358.606250
99503.075000
99647.543750
99792.012500
99936.481250
100080.950000
100225.418750
100369.887500
100514.356250
100658.825000
100803.293750
100947.762500
101092.231250
101236.700000
101381.168750
101525.637500
101670.106250
101814.575000
101959.043750
102103.512500
102247.981250
102392.450000
102536.918750
102681.387500
102825.856250
102970.325000
103114.793750
103259.262500
103403.731250
103548.200000
103692.668750
103837.137500
103981.606250
104126.075000
104270.543750
104415.012500
104559.481250
104703.950000
104848.418750
104992.912500
105137.412500
105281.912500
105426.412500
105570.912500
105715.412500
105859.912500
106004.412500
106148.912500
106293.412500
106437.912500
106582.412500
106726.912500
106871.412500
107015.912500
107160.412500
107304.912500
107449.412500
107593.912500
107738.412500
107882.912500
108027.412500
108171.912500
108316.412500
108460.912500
108605.412500
108749.912500
108894.412500
109038.912500
109181.662500
109323.975000
109466.287500
109608.600000
109750.912500
109893.225000
110035.537500
110177.850000
110320.162500
110462.475000
110604.787500
110747.100000
110889.412500
111031.725000
111174.037500
111316.350000
111458.662500
111600.975000
111743.287500
111885.600000
112027.912500
112170.225000
112312.537500
112454.850000
112597.162500
112739.475000
112881.787500
113024.100000
113166.412500
113308.725000
113451.037500
113593.350000
113735.662500
113877.975000
114020.287500
114162.600000
114304.912500
114447.225000
114589.537500
114731.850000
114874.162500
115016.475000
115158.787500
115301.100000
115443.412500
115585.725000
115728.037500
115870.350000
116012.662500
116154.975000
116297.287500
116439.600000
116581.912500
116724.225000
116866.537500
117008.850000
117151.162500
117293.475000
117435.787500
117578.100000
117720.412500
117862.725000
118005.037500
118147.350000
118289.662500
118431.975000
118574.287500
118716.600000
118858.912500
119001.225000
119143.537500
119285.850000
119428.162500
119570.475000
119712.787500
119855.100000
119997.412500
120139.725000
120282.037500
120424.350000
120566.662500
120708.975000
120851.287500
120993.600000
121135.912500
121278.225000
121420.537500
121562.850000
121705.162500
121847.475000
121989.787500
122132.100000
122274.412500
122416.725000
122559.037500
122701.350000
122843.662500
122985.975000
123128.287500
123270.600000
123412.912500
123555.225000
123697.537500
123839.850000
123982.162500
124124.475000
124266.787500
124409.100000
124551.412500
124693.725000
124836.037500
124978.350000
125120.662500
125262.975000
125405.287500
125547.600000
125689.912500
125832.225000
125974.537500
126116.850000
126259.162500
126401.475000
126543.787500
126686.100000
126828.412500
126970.725000
127113.037500
127255.350000
127397.662500
127539.975000
127682.287500
127824.600000
127966.912500
128109.225000
128251.537500
128393.850000
128536.162500
128678.475000
128820.787500
128963.100000
129105.412500
129247.725000
129390.037500
129532.350000
129674.662500
129816.975000
129959.287500
130101.600000
130243.912500
130386.225000
130528.537500
130670.850000
130813.162500
130955.475000
131097.787500
131240.100000
131382.412500
131524.725000
131667.037500
131809.350000
131951.662500
132093.975000
132236.287500
132378.600000
132520.912500
132663.225000
132805.537500
132947.850000
133090.162500
133232.475000
133374.787500
133517.100000
133659.412500
133801.725000
133944.037500
134086.350000
134228.662500
134370.975000
134513.287500
134655.600000
134797.912500
134940.225000
135082.537500
135224.850000
135367.162500
135509.475000
135651.787500
135794.100000
135936.412500
136078.725000
136221.037500
136363.350000
136505.662500
136647.975000
136790.287500
136932.600000
137074.912500
137217.225000
137359.537500
137501.850000
137644.162500
137786.475000
137928.787500
138071.100000
138213.412500
138355.725000
138498.037500
138640.350000
138782.662500
138924.975000
139067.287500
139209.600000
139351.912500
139494.225000
139636.537500
139778.850000
139921.162500
140063.475000
140205.787500
140348.100000
140490.412500
140632.725000
140775.037500
140917.350000
141059.662500
141201.975000
141344.287500
141486.600000
141628.912500
141771.225000
141913.537500
142055.850000
142198.162500
142340.475000
142482.787500
142625.100000
142767.412500
142909.725000
143052.037500
143194.350000
143334.662500
143474.475000
143614.287500
143754.100000
143893.912500
144033.725000
144173.537500
144313.350000
144453.162500
144592.975000
144732.787500
144872.600000
145012.412500
145152.225000
145292.037500
145431.850000
145571.662500
145711.475000
145851.287500
145991.100000
146130.912500
146270.725000
146410.537500
146550.350000
146690.162500
146829.975000
146969.787500
147109.600000
147249.412500
147389.225000
147529.037500
147668.850000
147808.662500
147948.475000
148088.287500
148228.100000
148367.912500
148507.725000
148647.537500
148787.350000
148927.162500
149066.975000
149206.787500
149346.600000
149486.412500
149626.225000
149766.037500
149905.850000
150045.662500
150185.475000
150325.287500
150465.100000
150604.912500
150744.725000
150884.537500
151024.350000
151164.162500
151303.975000
151443.787500
151583.600000
151723.412500
151863.225000
152003.037500
152142.850000
152282.662500
152422.475000
152562.287500
152702.100000
152841.912500
152981.725000
153121.537500
153261.350000
153401.162500
153540.975000
153680.787500
153820.600000
153960.412500
154100.225000
154240.037500
154379.850000
154519.662500
154659.475000
154799.287500
154939.100000
155078.912500
155218.725000
155358.537500
155498.350000
155638.162500
155777.975000
155917.787500
156057.600000
156197.412500
156337.225000
156477.037500
156616.850000
156756.662500
156896.475000
157036.287500
157176.100000
157315.912500
157455.725000
157595.537500
157735.350000
157875.162500
158014.975000
158154.787500
158294.600000
158434.412500
158574.225000
158714.037500
158853.850000
158993.662500
159133.475000
159273.287500
159413.100000
159552.912500
159692.725000
159832.537500
159972.350000
160112.162500
160251.975000
160391.787500
160531.600000
160671.412500
160811.225000
160951.037500
161090.850000
161230.662500
161370.475000
161510.287500
161650.100000
161789.912500
161929.725000
162069.537500
162209.350000
162349.162500
162488.975000
162628.787500
162768.600000
162908.412500
163048.225000
163188.037500
163327.850000
163467.662500
163607.475000
163747.287500
163887.100000
164026.912500
164166.725000
164306.537500
164446.350000
164586.162500
164725.975000
164865.787500
165005.600000
165145.412500
165285.225000
165425.037500
165564.850000
165704.662500
165844.475000
165984.287500
166124.100000
166263.912500
166403.725000
166543.537500
166683.350000
166823.162500
166962.975000
167102.787500
167242.600000
167382.412500
167522.225000
167662.037500
167801.850000
167941.662500
168081.475000
168221.287500
168361.100000
168500.912500
168640.725000
168780.537500
168920.350000
169060.162500
169199.975000
169339.787500
169479.600000
169619.412500
169759.225000
169899.037500
170038.850000
170178.662500
170318.475000
170458.287500
170598.100000
170737.912500
170877.725000
171017.537500
171157.350000
171297.162500
171436.975000
171576.787500
171716.600000
171856.412500
171996.225000
172136.037500
172275.850000
172415.662500
172555.475000
172695.287500
172835.100000
172974.912500
173114.725000
173254.537500
173394.350000
173534.162500
173673.975000
173813.787500
173953.600000
174093.412500
174233.225000
174373.037500
174512.850000
174652.662500
174792.475000
174932.287500
175072.100000
175211.912500
175351.725000
175491.537500
175631.350000
175771.162500
175910.975000
176050.787500
176190.600000
176330.412500
176470.225000
176610.037500
176749.850000
176889.662500
177029.475000
177169.287500
177309.100000
177448.912500
177588.725000
177728.537500
177868.350000
178008.162500
178147.975000
178287.787500
178427.600000
178567.412500
178707.225000
178847.037500
178986.850000
179126.662500
179266.475000
179406.287500
179546.100000
179685.912500
179825.725000
179965.537500
180105.350000
180245.162500
180384.975000
180524.787500
180664.600000
180804.412500
180944.225000
181084.037500
181223.850000
181363.662500
181503.475000
181643.287500
181783.100000
181922.912500
182062.725000
182202.537500
182342.350000
182482.162500
182621.975000
182761.787500
182901.600000
183041.412500
183181.225000
183321.037500
183460.850000
183600.662500
183740.475000
183880.287500
184020.100000
184159.912500
184299.725000
184439.537500
184579.350000
184719.162500
184858.975000
184998.787500
185138.600000
185278.412500
185418.225000
185558.037500
185697.850000
185837.662500
185977.475000
186117.287500
186257.100000
186396.912500
186536.725000
186676.537500
186816.350000
186956.162500
187095.975000
187235.787500
187375.600000
187515.412500
187655.225000
187795.037500
187934.850000
188074.662500
188214.475000
188354.287500
188494.100000
188633.912500
188773.725000
188913.537500
189053.350000
189193.162500
189332.975000
189472.787500
189612.600000
189752.412500
189892.225000
190032.037500
190171.850000
190311.662500
190451.475000
190591.287500
190731.100000
190870.912500
191010.725000
191150.537500
191290.350000
191430.162500
191569.975000
191709.787500
191849.600000
191989.412500
192129.225000
192269.037500
192408.850000
192548.662500
192688.475000
192828.287500
192968.100000
193107.912500
193247.725000
193387.537500
193527.350000
193667.162500
193806.975000
193946.787500
194086.600000
194226.412500
194366.225000
194506.037500
194645.850000
194785.662500
194925.475000
195065.287500
195205.100000
195344.912500
195484.725000
195624.537500
195764.350000
195904.162500
196043.975000
196183.787500
196320.725000
196457.662500
196594.600000
196731.537500
196868.475000
197005.412500
197142.350000
197279.287500
197416.225000
197553.162500
197690.100000
197827.037500
197963.975000
198100.912500
198237.850000
198374.787500
198511.725000
198648.662500
198785.600000
198922.537500
199059.475000
199196.412500
199333.350000
199470.287500
199607.225000
199744.162500
199881.100000
200018.037500
200154.975000
200291.912500
200428.850000
200565.787500
200702.725000
200839.662500
200976.600000
201113.537500
201250.475000
201387.412500
201524.350000
201661.287500
201798.225000
201935.162500
202072.100000
202209.037500
202345.975000
202482.912500
202619.850000
202756.787500
202893.725000
203030.662500
203167.600000
203304.537500
203441.475000
203578.412500
203715.350000
203852.287500
203989.225000
204126.162500
204263.100000
204400.037500
204536.975000
204673.912500
204810.850000
204947.787500
205084.725000
205221.662500
205358.600000
205495.537500
205632.475000
205769.412500
205906.350000
206043.287500
206180.225000
206317.162500
206454.100000
206591.037500
206727.975000
206864.912500
207001.850000
207138.787500
207275.725000
207412.662500
207549.600000
207686.537500
207823.475000
207960.412500
208097.350000
208234.287500
208371.225000
208508.162500
208645.100000
208782.037500
208918.975000
209055.912500
209192.850000
209329.787500
209466.725000
209603.662500
209740.600000
209877.600000
210014.600000
210151.600000
210288.600000
210425.600000
210562.600000
210699.600000
210836.600000
210973.600000
211110.600000
211247.600000
211384.600000
211521.600000
211658.600000
211795.600000
211932.600000
212069.600000
212206.600000
212343.600000
212480.600000
212617.600000
212754.600000
212891.600000
213028.600000
213165.600000
213302.600000
213439.600000
213576.600000
213713.600000
213850.600000
213987.600000
214124.600000
214261.600000
214398.600000
214535.600000
214672.600000
214809.600000
214946.600000
215083.600000
215220.600000
215354.900000
215488.525000
215622.150000
215755.775000
215889.400000
216023.025000
216156.650000
216290.275000
216423.900000
216557.525000
216691.150000
216824.775000
216958.400000
217092.025000
217225.650000
217359.275000
217492.900000
217626.525000
217760.150000
217893.775000
218027.400000
218161.025000
218294.650000
218428.275000
218561.900000
218695.525000
218829.150000
218962.775000
219096.400000
219230.025000
219363.650000
219497.275000
219630.900000
219764.525000
219898.150000
220031.775000
220165.400000
220299.025000
220432.650000
220566.275000
220699.900000
220833.525000
220967.150000
221100.775000
221234.400000
221368.025000
221501.650000
221635.275000
221768.900000
221902.525000
222036.150000
222169.775000
222303.400000
222437.025000
222570.650000
222704.275000
222837.900000
222971.525000
223105.150000
223238.775000
223372.400000
223506.025000
223639.650000
223773.275000
223906.900000
224040.525000
224174.150000
224307.775000
224441.400000
224575.025000
224708.650000
224842.275000
224975.900000
225109.525000
225243.150000
225376.775000
225510.400000
225644.025000
225777.650000
225911.275000
226044.900000
226178.525000
226312.150000
226445.775000
226579.400000
226713.025000
226846.650000
226980.275000
227113.900000
227247.525000
227381.150000
227514.775000
227648.400000
227782.025000
227915.650000
228049.275000
228182.900000
228316.525000
228450.150000
228583.775000
228717.400000
228851.025000
228984.650000
229118.275000
229251.900000
229385.525000
229519.150000
229652.775000
229786.400000
229920.025000
230053.650000
230187.275000
230320.900000
230454.525000
230588.150000
230721.775000
230855.400000
230989.025000
231122.650000
231256.275000
231389.900000
231523.525000
231657.150000
231790.775000
231924.400000
232058.025000
232191.650000
232325.275000
232458.900000
232592.525000
232726.150000
232859.775000
232993.400000
233127.025000
233260.650000
233394.275000
233527.900000
233661.525000
233795.150000
233928.775000
234062.400000
234196.025000
234329.650000
234463.275000
234596.900000
234730.525000
234864.150000
234997.775000
235131.400000
235265.025000
235398.650000
235532.275000
235665.900000
235799.525000
235933.150000
236066.775000
236200.400000
236334.025000
236467.650000
236601.275000
236734.900000
236868.525000
237002.150000
237135.775000
237269.400000
237403.025000
237536.650000
237670.275000
237803.900000
237937.525000
238071.150000
238204.775000
238338.400000
238472.025000
238605.650000
238739.275000
238872.900000
239006.525000
239140.150000
239273.775000
239407.400000
239541.025000
239674.650000
239808.275000
239941.900000
240075.525000
240209.150000
240342.775000
240476.400000
240610.025000
240743.650000
240877.275000
241010.900000
241144.525000
241278.150000
241411.775000
241545.400000
241679.025000
241812.650000
241946.275000
242079.900000
242213.525000
242347.150000
242480.775000
242614.400000
242748.025000
242881.650000
243015.275000
243148.900000
243282.525000
243416.150000
243549.775000
243683.400000
243817.025000
243950.650000
244084.275000
244217.900000
244351.525000
244485.150000
244618.775000
244752.400000
244886.025000
245019.650000
245153.275000
245286.900000
245420.525000
245554.150000
245687.775000
245821.400000
245955.025000
246088.650000
246222.275000
246355.900000
246489.525000
246623.150000
246756.775000
246890.400000
247024.025000
247157.650000
247291.275000
247424.900000
247558.525000
247692.150000
247825.775000
247959.400000
248093.025000
248226.650000
248360.275000
248493.900000
248627.525000
248761.150000
248894.775000
249028.400000
249162.025000
249295.650000
249429.275000
249562.900000
249696.525000
249830.150000
249963.775000
250097.400000
250231.025000
250364.650000
250498.275000
250631.900000
250765.525000
250899.150000
251032.775000
251166.400000
251300.025000
251433.650000
251567.275000
251700.900000
251834.525000
251968.150000
252101.775000
252235.400000
252369.025000
252502.650000
252636.275000
252769.900000
252903.525000
253037.150000
253170.775000
253304.400000
253438.025000
253571.650000
253705.275000
253838.900000
253972.525000
254106.150000
254239.775000
254373.400000
254507.025000
254640.650000
254774.275000
254907.900000
255041.525000
255175.150000
255308.775000
255442.400000
255576.025000
255709.650000
255843.275000
255976.900000
256110.525000
256244.150000
256377.775000
256511.400000
256645.025000
256778.650000
256912.275000
257045.900000
257179.525000
257313.150000
257446.775000
257580.400000
257714.025000
257847.650000
257981.275000
258114.900000
258248.525000
258382.150000
258515.775000
258649.400000
258783.025000
258916.650000
259050.275000
259183.900000
259317.525000
259451.150000
259584.775000
259718.400000
259848.825000
259978.450000
260108.075000
260237.700000
260367.325000
260496.950000
260626.575000
260756.200000
260885.825000
261015.450000
261145.075000
261274.700000
261404.325000
261533.950000
261663.575000
261793.200000
261922.825000
262052.450000
262182.075000
262311.700000
262441.325000
262570.950000
262700.575000
262830.200000
262959.825000
263089.450000
263219.075000
263348.700000
263478.325000
263607.950000
263737.575000
263867.200000
263996.825000
264126.450000
264256.075000
264385.700000
264515.325000
264644.950000
264774.575000
264904.200000
265033.825000
265163.450000
265293.075000
265422.700000
265552.325000
265681.950000
265811.575000
265941.200000
266070.825000
266200.450000
266330.075000
266459.700000
266589.325000
266718.950000
266848.575000
266978.200000
267107.825000
267237.450000
267367.075000
267496.700000
267626.325000
267755.950000
267885.575000
268015.200000
268144.825000
268274.450000
268404.075000
268533.700000
268663.325000
268792.950000
268922.575000
269052.200000
269181.825000
269311.450000
269441.075000
269570.700000
269700.325000
269829.950000
269959.575000
270089.200000
270218.825000
270348.450000
270478.075000
270607.700000
270737.325000
270866.950000
270996.575000
271126.200000
271255.825000
271385.450000
271515.075000
271644.700000
271774.325000
271903.950000
272033.575000
272163.200000
272292.825000
272422.450000
272552.075000
272681.700000
272811.325000
272940.950000
273070.575000
273200.200000
273329.825000
273459.450000
273589.075000
273718.700000
273848.325000
273977.950000
274107.575000
274237.200000
274366.825000
274496.450000
274626.075000
274755.700000
274885.325000
275014.950000
275144.575000
275274.200000
275403.825000
275533.450000
275663.075000
275792.700000
275922.325000
276051.950000
276181.575000
276311.200000
276440.825000
276570.450000
276700.075000
276829.700000
276959.325000
277088.950000
277218.575000
277348.200000
277477.825000
277607.450000
277737.075000
277866.700000
277996.325000
278125.950000
278255.575000
278385.200000
278514.825000
278644.450000
278774.075000
278903.700000
279033.325000
279162.950000
279292.575000
279422.200000
279551.825000
279681.450000
279811.075000
279940.700000
280070.325000
280199.950000
280329.575000
280459.200000
280588.825000
280718.450000
280848.075000
280977.700000
281107.325000
281236.950000
281366.575000
281496.200000
281625.825000
281755.450000
281885.075000
282014.700000
282144.325000
282273.950000
282403.575000
282533.200000
282662.825000
282792.450000
282922.075000
283051.700000
283181.325000
283310.950000
283440.575000
283570.200000
283699.825000
283829.450000
283959.075000
284088.700000
284218.325000
284347.950000
284477.575000
284607.200000
284736.825000
284866.450000
284996.075000
