207.423279
207.423279
207.282776
208.261322
208.698547
208.698547
208.698547
208.698547
208.698547
208.326813
208.759903
208.759903
208.759903
208.759903
208.759903
208.759903
209.314224
210.129562
210.129562
210.526215
211.053131
211.053131
211.213348
210.302460
211.365189
211.365189
211.365189
211.119370
211.119370
209.962906
209.586929
210.389313
209.033386
210.363037
210.363037
210.363037
210.363037
210.363037
210.363037
210.363037
210.363037
210.363037
208.876663
208.876663
207.951187
207.951187
207.951187
207.951187
207.951187
207.951187
206.193741
207.056412
207.056412
207.056412
205.157333
205.972672
205.972672
205.972672
205.972672
205.972672
205.972672
205.972672
205.972672
205.972672
205.972672
205.972672
203.927139
204.698792
204.698792
202.501221
201.698959
203.540375
205.252808
205.252808
205.252808
205.252808
205.252808
205.252808
205.252808
205.252808
205.252808
205.252808
205.252808
205.252808
205.252808
205.252808
205.252808
205.252808
205.252808
205.252808
205.252808
205.252808
205.252808
205.252808
205.252808
205.252808
205.252808
205.252808
205.252808
205.252808
205.252808
205.252808
205.252808
205.252808
202.859406
202.859406
202.859406
202.859406
203.564438
203.564438
203.564438
203.564438
203.564438
203.564438
203.564438
205.496689
205.496689
205.496689
205.496689
205.496689
206.323196
204.657547
205.350693
205.350693
205.350693
205.350693
205.350693
205.350693
205.350693
205.350693
205.350693
205.350693
205.350693
205.350693
205.350693
205.350693
205.350693
205.350693
205.350693
205.350693
205.350693
205.350693
202.734955
202.734955
202.734955
202.734955
203.490433
203.490433
203.490433
203.490433
203.490433
203.490433
203.490433
203.490433
203.490433
203.490433
203.490433
203.490433
203.490433
203.490433
203.490433
203.490433
203.490433
203.490433
203.490433
203.490433
203.490433
203.490433
203.490433
203.490433
200.686600
200.686600
200.686600
200.686600
201.403656
201.403656
200.678162
200.678162
200.678162
200.678162
200.678162
200.678162
200.678162
200.678162
200.678162
200.678162
200.678162
200.678162
200.678162
201.497467
201.497467
202.314133
202.314133
202.314133
202.314133
200.836456
201.458313
202.787979
202.787979
202.787979
202.787979
202.787979
202.787979
202.787979
202.787979
202.787979
202.787979
202.787979
202.787979
202.787979
202.787979
202.787979
202.787979
203.280060
203.280060
203.280060
203.280060
204.054337
204.054337
204.054337
204.054337
204.054337
204.054337
204.054337
204.054337
204.054337
204.054337
204.054337
204.054337
204.054337
200.913818
200.913818
201.609299
201.609299
201.609299
201.609299
201.609299
201.609299
201.609299
201.609299
201.609299
201.609299
201.609299
201.609299
201.609299
201.609299
201.609299
201.609299
201.609299
201.609299
201.609299
201.609299
201.609299
201.609299
201.609299
201.609299
201.609299
198.206894
198.206894
198.919601
198.919601
198.919601
198.919601
198.919601
198.919601
198.919601
198.919601
198.919601
198.919601
198.919601
198.919601
198.919601
198.919601
198.919601
198.919601
198.919601
198.919601
198.919601
198.919601
198.919601
198.919601
198.919601
198.919601
198.919601
198.919601
198.919601
198.919601
198.919601
198.919601
195.213028
195.213028
195.213028
195.213028
195.213028
195.213028
195.923798
195.923798
195.923798
195.923798
195.923798
195.923798
