1.411751 3.000000
1.000000 4.000000
1.328985 10.000000
1.176293 17.000000
1.371951 19.000000
1.729574 20.000000
1.371951 22.000000
1.533206 24.000000
1.135237 27.000000
1.307769 30.000000
1.918296 33.000000
1.002089 44.000000
1.244557 51.000000
1.176293 55.000000
1.113256 67.000000
1.241695 70.000000
1.000000 70.000000
1.000000 71.000000
1.000000 72.000000
1.017148 108.000000
1.411751 115.000000
1.115835 121.000000
1.000000 122.000000
1.089915 146.000000
1.034507 174.000000
1.918296 176.000000
1.178191 191.000000
1.244557 195.000000
1.918296 197.000000
1.117050 217.000000
1.003366 232.000000
1.028226 259.000000
1.025426 295.000000
