208.834732
208.834732
208.834732
208.834732
208.834732
208.834732
208.834732
208.809570
209.514481
210.069016
210.495956
210.495956
209.772629
210.723587
210.723587
210.723587
209.880905
210.759171
210.759171
210.759171
210.759171
210.658340
210.658340
210.658340
210.359192
210.359192
210.359192
210.359192
210.968170
211.661316
211.661316
211.661316
211.661316
210.378860
211.114899
211.114899
211.114899
211.114899
211.114899
211.114899
211.114899
211.114899
211.114899
211.114899
211.114899
209.703903
209.703903
207.970749
208.663895
208.663895
208.663895
208.663895
208.663895
208.663895
208.663895
208.663895
208.663895
208.663895
208.663895
208.663895
208.663895
208.663895
208.663895
208.663895
208.663895
206.847916
206.847916
208.700287
207.494354
209.150940
209.150940
209.150940
209.150940
209.150940
209.150940
209.150940
209.150940
209.150940
209.150940
209.150940
209.150940
209.990204
208.933441
208.933441
208.933441
208.933441
208.933441
208.933441
208.933441
208.933441
208.933441
208.933441
208.933441
206.857361
206.857361
207.631668
207.631668
207.631668
207.631668
207.631668
207.631668
207.631668
207.631668
207.631668
207.631668
207.631668
207.631668
207.631668
207.631668
207.631668
207.631668
207.631668
203.007065
203.726440
203.726440
203.726440
203.726440
203.726440
203.726440
203.726440
203.726440
203.726440
203.726440
203.726440
203.726440
203.726440
203.726440
203.726440
201.162476
201.162476
201.874847
201.874847
201.874847
201.874847
201.874847
201.874847
201.874847
201.874847
201.874847
201.874847
203.662979
203.662979
203.662979
203.662979
203.662979
203.662979
203.662979
203.662979
203.662979
203.662979
203.662979
203.662979
203.662979
203.662979
203.662979
203.662979
203.662979
204.551041
204.551041
205.272705
202.656967
203.855820
203.855820
203.855820
203.855820
203.855820
203.855820
203.855820
201.051987
201.756882
201.756882
201.756882
201.756882
201.756882
201.756882
201.756882
201.756882
201.756882
201.756882
198.750885
198.750885
198.750885
198.750885
199.522537
199.522537
199.522537
199.522537
199.522537
196.296768
196.296768
197.112122
197.112122
197.112122
198.130524
198.866562
198.866562
199.751175
199.751175
200.729721
200.729721
200.729721
200.729721
200.729721
200.729721
200.729721
200.729721
200.729721
200.729721
200.729721
200.729721
200.729721
201.482285
201.482285
202.177765
202.177765
202.177765
202.799622
203.525223
203.525223
203.525223
203.525223
203.525223
203.525223
203.525223
203.525223
203.525223
203.525223
203.525223
203.525223
203.525223
200.323151
200.876785
201.653351
198.944092
198.944092
198.944092
198.944092
198.944092
198.944092
198.944092
200.209564
200.209564
200.209564
200.209564
200.209564
200.209564
200.209564
200.209564
200.209564
200.209564
200.209564
200.209564
200.209564
200.209564
200.209564
200.209564
200.209564
200.209564
200.209564
200.209564
200.209564
200.209564
200.209564
200.209564
200.209564
200.209564
200.209564
200.209564
200.209564
196.566315
196.566315
196.566315
196.566315
196.566315
197.290985
197.290985
197.290985
197.290985
197.290985
197.290985
197.290985
197.290985
197.290985
197.704956
197.704956
198.428650
198.428650
198.428650
198.428650
198.428650
198.428650
194.480316
195.323303
195.323303
195.323303
195.323303
195.323303
195.323303
195.323303
195.323303
195.323303
