207.448441
207.448441
207.448441
207.448441
207.448441
207.448441
207.448441
207.423279
207.423279
207.026855
205.561798
205.561798
204.838470
204.838470
204.838470
204.838470
203.995789
203.995789
203.995789
203.995789
203.995789
203.032303
203.032303
203.032303
201.946259
201.946259
201.946259
201.946259
201.604279
201.604279
201.604279
201.604279
201.604279
200.321823
200.321823
200.321823
200.321823
200.321823
200.321823
200.321823
200.321823
200.321823
200.321823
200.321823
200.321823
198.910828
198.910828
195.691071
195.691071
195.691071
195.691071
195.691071
195.691071
195.691071
195.691071
195.691071
195.691071
195.691071
195.691071
195.691071
195.691071
195.691071
195.691071
195.691071
195.691071
193.875092
193.875092
194.904388
193.005310
193.968750
193.968750
193.968750
193.968750
193.968750
193.968750
193.968750
193.968750
193.968750
193.968750
193.968750
193.968750
194.808014
192.880951
192.880951
192.880951
192.880951
192.880951
192.880951
192.880951
192.880951
192.880951
192.880951
192.880951
190.804871
190.804871
190.804871
190.804871
190.804871
190.804871
190.804871
190.804871
190.804871
190.804871
190.804871
190.804871
190.804871
190.804871
190.804871
190.804871
190.804871
190.804871
190.804871
186.180267
186.180267
186.180267
186.180267
186.180267
186.180267
186.180267
186.180267
186.180267
186.180267
186.180267
186.180267
186.180267
186.180267
186.180267
186.180267
183.616302
183.616302
183.616302
183.616302
183.616302
183.616302
183.616302
183.616302
183.616302
183.616302
183.616302
183.616302
184.633331
184.633331
184.633331
184.633331
184.633331
184.633331
184.633331
184.633331
184.633331
184.633331
184.633331
184.633331
184.633331
184.633331
184.633331
184.633331
184.633331
185.521393
185.521393
185.521393
182.905655
182.905655
182.905655
182.905655
182.905655
182.905655
182.905655
182.905655
180.101822
180.101822
180.101822
180.101822
180.101822
180.101822
180.101822
180.101822
180.101822
180.101822
180.101822
177.095825
177.095825
177.095825
177.095825
177.095825
177.095825
177.095825
177.095825
177.095825
173.870056
173.870056
173.870056
173.870056
173.870056
174.888458
174.888458
174.888458
175.773071
175.773071
175.773071
175.773071
175.773071
175.773071
175.773071
175.773071
175.773071
175.773071
175.773071
175.773071
175.773071
175.773071
175.773071
176.525635
176.525635
176.525635
176.525635
176.525635
177.147491
177.147491
177.147491
177.147491
177.147491
177.147491
177.147491
177.147491
177.147491
177.147491
177.147491
177.147491
177.147491
177.147491
173.945419
174.499054
174.499054
171.096649
171.096649
171.096649
171.096649
171.096649
171.096649
171.096649
171.581055
171.581055
171.581055
171.581055
171.581055
171.581055
171.581055
171.581055
171.581055
171.581055
171.581055
171.581055
171.581055
171.581055
171.581055
171.581055
171.581055
171.581055
171.581055
171.581055
171.581055
171.581055
171.581055
171.581055
171.581055
171.581055
171.581055
171.581055
171.581055
167.937805
167.937805
167.937805
167.937805
167.937805
167.937805
167.937805
167.937805
167.937805
167.937805
167.937805
167.937805
167.937805
167.937805
168.351776
168.351776
168.351776
168.351776
168.351776
168.351776
168.351776
168.351776
164.403442
164.403442
164.403442
164.403442
164.403442
164.403442
164.403442
164.403442
164.403442
