207.448438
414.802539
619.930273
824.094629
1027.102344
1228.911914
1430.003320
1630.325098
1830.647266
2027.626563
2223.317969
2419.009375
2614.700781
2808.626367
3002.595117
3196.563867
3390.047656
3582.928516
3774.978906
3965.783594
4156.588281
4347.392969
4535.422656
4721.602344
4907.782031
5092.936719
5276.553906
5460.171094
5644.803906
5829.436719
6014.069531
6199.235547
6382.141797
6563.926562
6744.028125
6923.528906
7100.626562
7276.433594
7450.710938
7626.307031
7802.080469
7977.853906
8154.230469
8331.254688
8508.403125
8685.551563
8858.579687
9029.677344
9201.259375
9372.841406
9544.423437
9716.005469
9887.587500
10058.440625
10226.378125
10394.315625
10562.418750
10730.770313
10895.962500
11060.364844
