1.000000 0.000000
1.000000 0.000000
1.016958 8.000000
1.371951 9.000000
1.000000 10.000000
1.729574 10.000000
1.371951 13.000000
1.267063 17.000000
1.244557 21.000000
1.135237 24.000000
1.371951 28.000000
1.000000 29.000000
1.061882 34.000000
1.144706 47.000000
1.000000 47.000000
1.000000 48.000000
1.187437 67.000000
1.000000 68.000000
1.000000 69.000000
1.255586 82.000000
1.117094 95.000000
1.037843 113.000000
1.027734 130.000000
1.112462 140.000000
1.041141 159.000000
1.729574 161.000000
1.016958 169.000000
1.113256 183.000000
1.176293 190.000000
1.061882 194.000000
1.411751 198.000000
1.003366 213.000000
1.046823 217.000000
1.120349 232.000000
1.000000 233.000000
1.126830 240.000000
1.045485 274.000000
1.044068 285.000000
1.216170 292.000000
