1.255000000000000071e+01 1.200000000000000000e+01
1.280000000000000071e+01 1.194999999999999929e+01
1.300000000000000000e+01 1.169999999999999929e+01
1.309999999999999964e+01 1.165000000000000036e+01
1.309999999999999964e+01 1.140000000000000036e+01
1.325000000000000000e+01 1.130000000000000071e+01
1.334999999999999964e+01 1.125000000000000000e+01
1.340000000000000036e+01 1.115000000000000036e+01
1.350000000000000000e+01 1.115000000000000036e+01
1.369999999999999929e+01 1.100000000000000000e+01
1.390000000000000036e+01 1.090000000000000036e+01
1.400000000000000000e+01 1.090000000000000036e+01
1.409999999999999964e+01 1.080000000000000071e+01
1.430000000000000071e+01 1.065000000000000036e+01
1.440000000000000036e+01 1.065000000000000036e+01
1.444999999999999929e+01 1.059999999999999964e+01
1.455000000000000071e+01 1.055000000000000071e+01
1.459999999999999964e+01 1.050000000000000000e+01
1.465000000000000036e+01 1.044999999999999929e+01
1.480000000000000071e+01 1.040000000000000036e+01
1.484999999999999964e+01 1.030000000000000071e+01
1.505000000000000071e+01 1.025000000000000000e+01
1.519999999999999929e+01 1.015000000000000036e+01
1.525000000000000000e+01 1.005000000000000071e+01
1.530000000000000071e+01 1.005000000000000071e+01
1.534999999999999964e+01 1.005000000000000071e+01
1.540000000000000036e+01 1.000000000000000000e+01
1.550000000000000000e+01 9.900000000000000355e+00
1.559999999999999964e+01 9.849999999999999645e+00
1.569999999999999929e+01 9.750000000000000000e+00
1.569999999999999929e+01 9.750000000000000000e+00
1.569999999999999929e+01 9.750000000000000000e+00
1.569999999999999929e+01 9.599999999999999645e+00
1.569999999999999929e+01 9.599999999999999645e+00
1.580000000000000071e+01 9.550000000000000711e+00
1.594999999999999929e+01 9.500000000000000000e+00
1.600000000000000000e+01 9.500000000000000000e+00
1.610000000000000142e+01 9.449999999999999289e+00
1.620000100000000032e+01 9.449999999999999289e+00
1.620000100000000032e+01 9.400000000000000355e+00
1.620000100000000032e+01 9.400000000000000355e+00
1.620000100000000032e+01 9.400000000000000355e+00
1.625000000000000000e+01 9.400000000000000355e+00
1.635000000000000142e+01 9.349999999999999645e+00
1.639999999999999858e+01 9.349999999999999645e+00
1.639999999999999858e+01 9.300000000000000711e+00
1.645000100000000032e+01 9.199999999999999289e+00
1.645000100000000032e+01 9.099999999999999645e+00
1.650000000000000000e+01 9.050000000000000711e+00
1.654999899999999968e+01 9.050000000000000711e+00
1.654999899999999968e+01 8.949999999999999289e+00
1.664999999999999858e+01 8.949999999999999289e+00
1.670000100000000032e+01 8.949999999999999289e+00
1.670000100000000032e+01 8.849999999999999645e+00
1.670000100000000032e+01 8.750000000000000000e+00
1.670000100000000032e+01 8.699999999999999289e+00
1.679999899999999968e+01 8.699999999999999289e+00
1.679999899999999968e+01 8.699999999999999289e+00
1.689999999999999858e+01 8.650000000000000355e+00
1.695000100000000032e+01 8.650000000000000355e+00
1.695000100000000032e+01 8.650000000000000355e+00
1.695000100000000032e+01 8.650000000000000355e+00
1.695000100000000032e+01 8.550000000000000711e+00
1.695000100000000032e+01 8.500000000000000000e+00
1.700000000000000000e+01 8.449999999999999289e+00
1.700000000000000000e+01 8.449999999999999289e+00
1.700000000000000000e+01 8.349999999999999645e+00
1.714999999999999858e+01 8.300000000000000711e+00
1.725000000000000000e+01 8.250000000000000000e+00
1.725000000000000000e+01 8.199999999999999289e+00
1.735000000000000142e+01 8.199999999999999289e+00
1.735000000000000142e+01 8.199999999999999289e+00
1.739999999999999858e+01 8.150000000000000355e+00
1.745000100000000032e+01 8.099999999999999645e+00
1.745000100000000032e+01 8.050000000000000711e+00
1.745000100000000032e+01 8.050000000000000711e+00
1.745000100000000032e+01 8.050000000000000711e+00
1.745000100000000032e+01 8.000000000000000000e+00
1.745000100000000032e+01 8.000000000000000000e+00
1.750000000000000000e+01 8.000000000000000000e+00
1.754999899999999968e+01 8.000000000000000000e+00
1.760000000000000142e+01 7.950000000000000178e+00
1.764999999999999858e+01 7.950000000000000178e+00
1.770000100000000032e+01 7.900000000000000355e+00
1.785000000000000142e+01 7.900000000000000355e+00
1.785000000000000142e+01 7.849999999999999645e+00
1.785000000000000142e+01 7.799999999999999822e+00
1.785000000000000142e+01 7.799999999999999822e+00
1.785000000000000142e+01 7.799999999999999822e+00
1.789999999999999858e+01 7.700000000000000178e+00
1.795000100000000032e+01 7.700000000000000178e+00
1.795000100000000032e+01 7.650000000000000355e+00
1.804999899999999968e+01 7.650000000000000355e+00
1.814999999999999858e+01 7.549999999999999822e+00
1.814999999999999858e+01 7.549999999999999822e+00
1.814999999999999858e+01 7.549999999999999822e+00
1.814999999999999858e+01 7.500000000000000000e+00
1.814999999999999858e+01 7.400000000000000355e+00
1.814999999999999858e+01 7.400000000000000355e+00
1.820000100000000032e+01 7.349999999999999645e+00
1.820000100000000032e+01 7.299999999999999822e+00
1.825000000000000000e+01 7.299999999999999822e+00
1.835000000000000142e+01 7.299999999999999822e+00
1.839999999999999858e+01 7.250000000000000000e+00
1.839999999999999858e+01 7.250000000000000000e+00
1.839999999999999858e+01 7.200000000000000178e+00
1.839999999999999858e+01 7.200000000000000178e+00
1.850000000000000000e+01 7.099999999999999645e+00
1.850000000000000000e+01 7.049999999999999822e+00
1.854999899999999968e+01 7.049999999999999822e+00
1.864999999999999858e+01 7.049999999999999822e+00
1.875000000000000000e+01 7.049999999999999822e+00
1.885000000000000142e+01 6.950000000000000178e+00
1.889999999999999858e+01 6.950000000000000178e+00
1.895000100000000032e+01 6.950000000000000178e+00
1.900000000000000000e+01 6.900000000000000355e+00
1.900000000000000000e+01 6.900000000000000355e+00
1.904999899999999968e+01 6.900000000000000355e+00
1.904999899999999968e+01 6.849999999999999645e+00
1.904999899999999968e+01 6.849999999999999645e+00
1.904999899999999968e+01 6.849999999999999645e+00
1.910000000000000142e+01 6.849999999999999645e+00
1.920000100000000032e+01 6.849999999999999645e+00
1.920000100000000032e+01 6.799999999999999822e+00
1.920000100000000032e+01 6.750000000000000000e+00
1.920000100000000032e+01 6.750000000000000000e+00
1.925000000000000000e+01 6.650000000000000355e+00
1.925000000000000000e+01 6.650000000000000355e+00
1.929999899999999968e+01 6.599999999999999645e+00
1.929999899999999968e+01 6.599999999999999645e+00
1.929999899999999968e+01 6.599999999999999645e+00
1.929999899999999968e+01 6.549999999999999822e+00
1.935000000000000142e+01 6.549999999999999822e+00
1.945000100000000032e+01 6.450000000000000178e+00
1.945000100000000032e+01 6.349999999999999645e+00
1.950000000000000000e+01 6.349999999999999645e+00
1.960000000000000142e+01 6.349999999999999645e+00
1.964999999999999858e+01 6.299999999999999822e+00
1.964999999999999858e+01 6.299999999999999822e+00
1.964999999999999858e+01 6.299999999999999822e+00
1.964999999999999858e+01 6.250000000000000000e+00
1.964999999999999858e+01 6.250000000000000000e+00
1.964999999999999858e+01 6.250000000000000000e+00
1.970000100000000032e+01 6.250000000000000000e+00
1.975000000000000000e+01 6.200000000000000178e+00
1.975000000000000000e+01 6.200000000000000178e+00
1.979999899999999968e+01 6.200000000000000178e+00
1.979999899999999968e+01 6.099999999999999645e+00
1.985000000000000142e+01 6.099999999999999645e+00
1.995000100000000032e+01 6.099999999999999645e+00
1.995000100000000032e+01 6.049999999999999822e+00
2.000000000000000000e+01 6.049999999999999822e+00
2.000000000000000000e+01 6.049999999999999822e+00
2.000000000000000000e+01 6.000000000000000000e+00
2.004999899999999968e+01 6.000000000000000000e+00
2.004999899999999968e+01 6.000000000000000000e+00
2.014999999999999858e+01 5.950000000000000178e+00
2.014999999999999858e+01 5.950000000000000178e+00
2.014999999999999858e+01 5.900000000000000355e+00
2.014999999999999858e+01 5.900000000000000355e+00
2.014999999999999858e+01 5.900000000000000355e+00
2.029999899999999968e+01 5.900000000000000355e+00
2.035000000000000142e+01 5.900000000000000355e+00
2.039999999999999858e+01 5.900000000000000355e+00
2.045000100000000032e+01 5.849999999999999645e+00
2.054999899999999968e+01 5.849999999999999645e+00
2.060000000000000142e+01 5.849999999999999645e+00
2.064999999999999858e+01 5.849999999999999645e+00
2.070000100000000032e+01 5.849999999999999645e+00
2.075000000000000000e+01 5.849999999999999645e+00
2.079999899999999968e+01 5.849999999999999645e+00
2.085000000000000142e+01 5.849999999999999645e+00
2.089999999999999858e+01 5.849999999999999645e+00
2.095000100000000032e+01 5.849999999999999645e+00
2.095000100000000032e+01 5.799999999999999822e+00
2.095000100000000032e+01 5.799999999999999822e+00
2.095000100000000032e+01 5.799999999999999822e+00
2.110000000000000142e+01 5.799999999999999822e+00
2.114999999999999858e+01 5.799999999999999822e+00
2.114999999999999858e+01 5.799999999999999822e+00
2.120000100000000032e+01 5.799999999999999822e+00
2.120000100000000032e+01 5.799999999999999822e+00
2.125000000000000000e+01 5.799999999999999822e+00
2.125000000000000000e+01 5.750000000000000000e+00
2.125000000000000000e+01 5.750000000000000000e+00
2.125000000000000000e+01 5.750000000000000000e+00
2.125000000000000000e+01 5.750000000000000000e+00
2.125000000000000000e+01 5.750000000000000000e+00
2.125000000000000000e+01 5.750000000000000000e+00
2.129999899999999968e+01 5.750000000000000000e+00
2.129999899999999968e+01 5.750000000000000000e+00
2.129999899999999968e+01 5.700000000000000178e+00
2.129999899999999968e+01 5.700000000000000178e+00
2.129999899999999968e+01 5.700000000000000178e+00
2.129999899999999968e+01 5.700000000000000178e+00
2.129999899999999968e+01 5.700000000000000178e+00
2.129999899999999968e+01 5.650000000000000355e+00
2.129999899999999968e+01 5.549999999999999822e+00
2.129999899999999968e+01 5.549999999999999822e+00
2.135000000000000142e+01 5.549999999999999822e+00
2.135000000000000142e+01 5.549999999999999822e+00
2.135000000000000142e+01 5.549999999999999822e+00
2.135000000000000142e+01 5.549999999999999822e+00
2.139999999999999858e+01 5.549999999999999822e+00
2.139999999999999858e+01 5.549999999999999822e+00
2.139999999999999858e+01 5.500000000000000000e+00
2.139999999999999858e+01 5.450000000000000178e+00
2.139999999999999858e+01 5.400000000000000355e+00
2.139999999999999858e+01 5.400000000000000355e+00
2.139999999999999858e+01 5.349999999999999645e+00
2.139999999999999858e+01 5.299999999999999822e+00
2.145000100000000032e+01 5.299999999999999822e+00
2.145000100000000032e+01 5.299999999999999822e+00
2.145000100000000032e+01 5.299999999999999822e+00
2.150000000000000000e+01 5.299999999999999822e+00
2.160000000000000142e+01 5.299999999999999822e+00
2.164999999999999858e+01 5.299999999999999822e+00
2.170000100000000032e+01 5.299999999999999822e+00
2.175000000000000000e+01 5.299999999999999822e+00
2.175000000000000000e+01 5.250000000000000000e+00
2.175000000000000000e+01 5.200000000000000178e+00
2.175000000000000000e+01 5.200000000000000178e+00
2.179999899999999968e+01 5.200000000000000178e+00
2.179999899999999968e+01 5.200000000000000178e+00
2.179999899999999968e+01 5.150000000000000355e+00
2.179999899999999968e+01 5.099999999999999645e+00
2.179999899999999968e+01 5.099999999999999645e+00
2.185000000000000142e+01 5.099999999999999645e+00
2.195000100000000032e+01 5.099999999999999645e+00
2.195000100000000032e+01 5.049999999999999822e+00
2.200000000000000000e+01 5.049999999999999822e+00
2.200000000000000000e+01 5.049999999999999822e+00
2.200000000000000000e+01 5.000000000000000000e+00
2.200000000000000000e+01 4.900000000000000355e+00
2.200000000000000000e+01 4.900000000000000355e+00
2.210000000000000142e+01 4.849999999999999645e+00
2.210000000000000142e+01 4.849999999999999645e+00
2.210000000000000142e+01 4.750000000000000000e+00
2.210000000000000142e+01 4.750000000000000000e+00
2.210000000000000142e+01 4.750000000000000000e+00
2.210000000000000142e+01 4.750000000000000000e+00
2.210000000000000142e+01 4.750000000000000000e+00
2.220000100000000032e+01 4.750000000000000000e+00
2.220000100000000032e+01 4.750000000000000000e+00
2.220000100000000032e+01 4.750000000000000000e+00
2.220000100000000032e+01 4.750000000000000000e+00
2.225000000000000000e+01 4.750000000000000000e+00
2.225000000000000000e+01 4.750000000000000000e+00
2.225000000000000000e+01 4.750000000000000000e+00
2.229999899999999968e+01 4.750000000000000000e+00
2.235000000000000142e+01 4.750000000000000000e+00
2.235000000000000142e+01 4.750000000000000000e+00
2.235000000000000142e+01 4.750000000000000000e+00
2.235000000000000142e+01 4.750000000000000000e+00
2.235000000000000142e+01 4.750000000000000000e+00
2.239999999999999858e+01 4.750000000000000000e+00
2.239999999999999858e+01 4.750000000000000000e+00
2.239999999999999858e+01 4.750000000000000000e+00
2.239999999999999858e+01 4.750000000000000000e+00
2.239999999999999858e+01 4.750000000000000000e+00
2.239999999999999858e+01 4.750000000000000000e+00
2.239999999999999858e+01 4.750000000000000000e+00
2.239999999999999858e+01 4.700000000000000178e+00
2.245000100000000032e+01 4.700000000000000178e+00
2.245000100000000032e+01 4.700000000000000178e+00
2.250000000000000000e+01 4.700000000000000178e+00
2.254999899999999968e+01 4.650000000000000355e+00
2.260000000000000142e+01 4.599999999999999645e+00
2.264999999999999858e+01 4.500000000000000000e+00
2.264999999999999858e+01 4.500000000000000000e+00
2.264999999999999858e+01 4.500000000000000000e+00
2.264999999999999858e+01 4.450000000000000178e+00
2.264999999999999858e+01 4.450000000000000178e+00
2.264999999999999858e+01 4.450000000000000178e+00
2.264999999999999858e+01 4.450000000000000178e+00
2.264999999999999858e+01 4.450000000000000178e+00
2.270000100000000032e+01 4.450000000000000178e+00
2.270000100000000032e+01 4.400000000000000355e+00
2.275000000000000000e+01 4.400000000000000355e+00
2.275000000000000000e+01 4.400000000000000355e+00
2.275000000000000000e+01 4.349999999999999645e+00
2.275000000000000000e+01 4.349999999999999645e+00
2.279999899999999968e+01 4.349999999999999645e+00
2.279999899999999968e+01 4.349999999999999645e+00
2.285000000000000142e+01 4.299999999999999822e+00
2.285000000000000142e+01 4.250000000000000000e+00
2.285000000000000142e+01 4.250000000000000000e+00
2.285000000000000142e+01 4.250000000000000000e+00
2.285000000000000142e+01 4.200000000000000178e+00
2.285000000000000142e+01 4.200000000000000178e+00
2.285000000000000142e+01 4.200000000000000178e+00
2.285000000000000142e+01 4.200000000000000178e+00
2.289999999999999858e+01 4.099999999999999645e+00
2.289999999999999858e+01 4.099999999999999645e+00
2.289999999999999858e+01 4.099999999999999645e+00
2.295000100000000032e+01 4.099999999999999645e+00
2.295000100000000032e+01 4.099999999999999645e+00
2.295000100000000032e+01 4.099999999999999645e+00
2.295000100000000032e+01 4.049999999999999822e+00
2.295000100000000032e+01 4.049999999999999822e+00
2.295000100000000032e+01 4.000000000000000000e+00
2.295000100000000032e+01 3.950000000000000178e+00
2.295000100000000032e+01 3.950000000000000178e+00
2.295000100000000032e+01 3.950000000000000178e+00
2.295000100000000032e+01 3.850000000000000089e+00
2.295000100000000032e+01 3.850000000000000089e+00
2.295000100000000032e+01 3.850000000000000089e+00
2.295000100000000032e+01 3.850000000000000089e+00
2.295000100000000032e+01 3.850000000000000089e+00
2.295000100000000032e+01 3.799999999999999822e+00
2.295000100000000032e+01 3.799999999999999822e+00
2.295000100000000032e+01 3.799999999999999822e+00
2.295000100000000032e+01 3.799999999999999822e+00
2.295000100000000032e+01 3.750000000000000000e+00
2.295000100000000032e+01 3.750000000000000000e+00
2.295000100000000032e+01 3.750000000000000000e+00
2.295000100000000032e+01 3.750000000000000000e+00
2.295000100000000032e+01 3.750000000000000000e+00
2.295000100000000032e+01 3.750000000000000000e+00
2.300000000000000000e+01 3.750000000000000000e+00
2.304999899999999968e+01 3.750000000000000000e+00
2.304999899999999968e+01 3.700000000000000178e+00
2.304999899999999968e+01 3.700000000000000178e+00
2.304999899999999968e+01 3.700000000000000178e+00
2.304999899999999968e+01 3.649999999999999911e+00
2.304999899999999968e+01 3.600000000000000089e+00
2.304999899999999968e+01 3.549999999999999822e+00
2.310000000000000142e+01 3.549999999999999822e+00
2.314999999999999858e+01 3.549999999999999822e+00
2.320000100000000032e+01 3.549999999999999822e+00
2.325000000000000000e+01 3.549999999999999822e+00
2.325000000000000000e+01 3.549999999999999822e+00
2.325000000000000000e+01 3.549999999999999822e+00
2.329999899999999968e+01 3.549999999999999822e+00
2.329999899999999968e+01 3.549999999999999822e+00
2.329999899999999968e+01 3.549999999999999822e+00
2.339999999999999858e+01 3.549999999999999822e+00
2.339999999999999858e+01 3.549999999999999822e+00
2.339999999999999858e+01 3.549999999999999822e+00
2.339999999999999858e+01 3.549999999999999822e+00
2.339999999999999858e+01 3.549999999999999822e+00
2.339999999999999858e+01 3.500000000000000000e+00
2.339999999999999858e+01 3.500000000000000000e+00
2.339999999999999858e+01 3.500000000000000000e+00
2.339999999999999858e+01 3.500000000000000000e+00
2.339999999999999858e+01 3.500000000000000000e+00
2.339999999999999858e+01 3.500000000000000000e+00
2.339999999999999858e+01 3.450000000000000178e+00
2.339999999999999858e+01 3.399999999999999911e+00
2.339999999999999858e+01 3.350000000000000089e+00
2.339999999999999858e+01 3.350000000000000089e+00
2.345000100000000032e+01 3.350000000000000089e+00
2.345000100000000032e+01 3.299999999999999822e+00
2.345000100000000032e+01 3.299999999999999822e+00
2.345000100000000032e+01 3.299999999999999822e+00
2.345000100000000032e+01 3.299999999999999822e+00
2.345000100000000032e+01 3.299999999999999822e+00
2.345000100000000032e+01 3.299999999999999822e+00
2.345000100000000032e+01 3.250000000000000000e+00
2.345000100000000032e+01 3.250000000000000000e+00
2.345000100000000032e+01 3.250000000000000000e+00
2.345000100000000032e+01 3.250000000000000000e+00
2.345000100000000032e+01 3.250000000000000000e+00
2.345000100000000032e+01 3.200000000000000178e+00
2.350000000000000000e+01 3.200000000000000178e+00
2.354999899999999968e+01 3.200000000000000178e+00
2.354999899999999968e+01 3.200000000000000178e+00
2.360000000000000142e+01 3.200000000000000178e+00
2.360000000000000142e+01 3.149999999999999911e+00
2.360000000000000142e+01 3.149999999999999911e+00
2.360000000000000142e+01 3.149999999999999911e+00
2.360000000000000142e+01 3.149999999999999911e+00
2.364999999999999858e+01 3.149999999999999911e+00
2.364999999999999858e+01 3.100000000000000089e+00
2.364999999999999858e+01 3.049999999999999822e+00
2.364999999999999858e+01 3.049999999999999822e+00
2.364999999999999858e+01 3.049999999999999822e+00
2.364999999999999858e+01 3.049999999999999822e+00
2.364999999999999858e+01 3.049999999999999822e+00
2.364999999999999858e+01 3.049999999999999822e+00
2.364999999999999858e+01 3.049999999999999822e+00
2.364999999999999858e+01 3.049999999999999822e+00
2.364999999999999858e+01 3.049999999999999822e+00
2.370000100000000032e+01 3.049999999999999822e+00
2.370000100000000032e+01 3.000000000000000000e+00
2.370000100000000032e+01 3.000000000000000000e+00
2.375000000000000000e+01 3.000000000000000000e+00
2.375000000000000000e+01 3.000000000000000000e+00
2.375000000000000000e+01 3.000000000000000000e+00
2.375000000000000000e+01 3.000000000000000000e+00
2.375000000000000000e+01 3.000000000000000000e+00
2.375000000000000000e+01 2.950000000000000178e+00
2.375000000000000000e+01 2.950000000000000178e+00
2.375000000000000000e+01 2.899999999999999911e+00
2.375000000000000000e+01 2.899999999999999911e+00
2.375000000000000000e+01 2.799999999999999822e+00
2.375000000000000000e+01 2.799999999999999822e+00
2.379999899999999968e+01 2.799999999999999822e+00
2.379999899999999968e+01 2.799999999999999822e+00
2.379999899999999968e+01 2.799999999999999822e+00
2.379999899999999968e+01 2.799999999999999822e+00
2.379999899999999968e+01 2.799999999999999822e+00
2.385000000000000142e+01 2.799999999999999822e+00
2.385000000000000142e+01 2.799999999999999822e+00
2.385000000000000142e+01 2.750000000000000000e+00
2.385000000000000142e+01 2.649999999999999911e+00
2.385000000000000142e+01 2.649999999999999911e+00
2.385000000000000142e+01 2.649999999999999911e+00
2.385000000000000142e+01 2.649999999999999911e+00
2.385000000000000142e+01 2.600000000000000089e+00
2.385000000000000142e+01 2.600000000000000089e+00
2.385000000000000142e+01 2.600000000000000089e+00
2.385000000000000142e+01 2.600000000000000089e+00
2.385000000000000142e+01 2.600000000000000089e+00
2.385000000000000142e+01 2.600000000000000089e+00
2.385000000000000142e+01 2.600000000000000089e+00
2.385000000000000142e+01 2.549999999999999822e+00
2.385000000000000142e+01 2.549999999999999822e+00
2.389999999999999858e+01 2.549999999999999822e+00
2.389999999999999858e+01 2.450000000000000178e+00
2.389999999999999858e+01 2.399999999999999911e+00
2.395000100000000032e+01 2.399999999999999911e+00
2.395000100000000032e+01 2.399999999999999911e+00
2.395000100000000032e+01 2.350000000000000089e+00
2.395000100000000032e+01 2.350000000000000089e+00
2.395000100000000032e+01 2.350000000000000089e+00
2.395000100000000032e+01 2.350000000000000089e+00
2.395000100000000032e+01 2.350000000000000089e+00
2.395000100000000032e+01 2.350000000000000089e+00
2.395000100000000032e+01 2.250000000000000000e+00
2.395000100000000032e+01 2.250000000000000000e+00
2.395000100000000032e+01 2.250000000000000000e+00
2.395000100000000032e+01 2.250000000000000000e+00
2.395000100000000032e+01 2.250000000000000000e+00
2.395000100000000032e+01 2.250000000000000000e+00
2.395000100000000032e+01 2.250000000000000000e+00
2.395000100000000032e+01 2.250000000000000000e+00
2.400000000000000000e+01 2.250000000000000000e+00
2.400000000000000000e+01 2.250000000000000000e+00
2.400000000000000000e+01 2.250000000000000000e+00
2.400000000000000000e+01 2.250000000000000000e+00
2.400000000000000000e+01 2.250000000000000000e+00
2.400000000000000000e+01 2.250000000000000000e+00
2.400000000000000000e+01 2.200000000000000178e+00
2.400000000000000000e+01 2.200000000000000178e+00
2.400000000000000000e+01 2.200000000000000178e+00
2.400000000000000000e+01 2.200000000000000178e+00
2.400000000000000000e+01 2.200000000000000178e+00
2.400000000000000000e+01 2.200000000000000178e+00
2.400000000000000000e+01 2.200000000000000178e+00
2.400000000000000000e+01 2.200000000000000178e+00
2.400000000000000000e+01 2.200000000000000178e+00
2.400000000000000000e+01 2.200000000000000178e+00
2.404999899999999968e+01 2.200000000000000178e+00
2.404999899999999968e+01 2.149999999999999911e+00
2.410000000000000142e+01 2.149999999999999911e+00
2.410000000000000142e+01 2.149999999999999911e+00
2.414999999999999858e+01 2.149999999999999911e+00
2.414999999999999858e+01 2.149999999999999911e+00
2.414999999999999858e+01 2.100000000000000089e+00
2.414999999999999858e+01 2.100000000000000089e+00
2.414999999999999858e+01 2.100000000000000089e+00
2.414999999999999858e+01 2.100000000000000089e+00
2.420000100000000032e+01 2.100000000000000089e+00
2.420000100000000032e+01 2.100000000000000089e+00
2.420000100000000032e+01 2.100000000000000089e+00
2.420000100000000032e+01 2.100000000000000089e+00
2.420000100000000032e+01 2.100000000000000089e+00
2.420000100000000032e+01 2.100000000000000089e+00
2.420000100000000032e+01 2.049999999999999822e+00
2.420000100000000032e+01 2.000000000000000000e+00
2.425000000000000000e+01 2.000000000000000000e+00
2.425000000000000000e+01 2.000000000000000000e+00
2.425000000000000000e+01 2.000000000000000000e+00
2.425000000000000000e+01 2.000000000000000000e+00
2.425000000000000000e+01 2.000000000000000000e+00
2.425000000000000000e+01 2.000000000000000000e+00
2.425000000000000000e+01 2.000000000000000000e+00
2.425000000000000000e+01 2.000000000000000000e+00
2.425000000000000000e+01 2.000000000000000000e+00
2.425000000000000000e+01 1.949999999999999956e+00
2.425000000000000000e+01 1.949999999999999956e+00
2.425000000000000000e+01 1.949999999999999956e+00
2.425000000000000000e+01 1.949999999999999956e+00
2.425000000000000000e+01 1.949999999999999956e+00
2.425000000000000000e+01 1.949999999999999956e+00
2.425000000000000000e+01 1.899999999999999911e+00
2.425000000000000000e+01 1.800000000000000044e+00
2.425000000000000000e+01 1.800000000000000044e+00
2.425000000000000000e+01 1.800000000000000044e+00
2.429999899999999968e+01 1.800000000000000044e+00
2.429999899999999968e+01 1.800000000000000044e+00
2.429999899999999968e+01 1.800000000000000044e+00
2.429999899999999968e+01 1.800000000000000044e+00
2.429999899999999968e+01 1.800000000000000044e+00
2.429999899999999968e+01 1.800000000000000044e+00
2.429999899999999968e+01 1.800000000000000044e+00
2.429999899999999968e+01 1.800000000000000044e+00
2.429999899999999968e+01 1.800000000000000044e+00
2.429999899999999968e+01 1.800000000000000044e+00
2.429999899999999968e+01 1.800000000000000044e+00
2.429999899999999968e+01 1.800000000000000044e+00
2.429999899999999968e+01 1.800000000000000044e+00
2.429999899999999968e+01 1.750000000000000000e+00
2.429999899999999968e+01 1.699999999999999956e+00
2.429999899999999968e+01 1.699999999999999956e+00
2.435000000000000142e+01 1.699999999999999956e+00
2.435000000000000142e+01 1.699999999999999956e+00
2.435000000000000142e+01 1.699999999999999956e+00
2.435000000000000142e+01 1.699999999999999956e+00
2.435000000000000142e+01 1.699999999999999956e+00
2.435000000000000142e+01 1.699999999999999956e+00
2.435000000000000142e+01 1.699999999999999956e+00
2.435000000000000142e+01 1.649999999999999911e+00
2.439999999999999858e+01 1.649999999999999911e+00
2.439999999999999858e+01 1.649999999999999911e+00
2.439999999999999858e+01 1.649999999999999911e+00
2.439999999999999858e+01 1.649999999999999911e+00
2.445000100000000032e+01 1.649999999999999911e+00
2.450000000000000000e+01 1.649999999999999911e+00
2.450000000000000000e+01 1.649999999999999911e+00
2.450000000000000000e+01 1.649999999999999911e+00
2.450000000000000000e+01 1.649999999999999911e+00
2.450000000000000000e+01 1.649999999999999911e+00
2.450000000000000000e+01 1.649999999999999911e+00
2.450000000000000000e+01 1.649999999999999911e+00
2.450000000000000000e+01 1.649999999999999911e+00
2.450000000000000000e+01 1.649999999999999911e+00
2.450000000000000000e+01 1.649999999999999911e+00
2.450000000000000000e+01 1.649999999999999911e+00
2.450000000000000000e+01 1.649999999999999911e+00
2.450000000000000000e+01 1.649999999999999911e+00
2.450000000000000000e+01 1.649999999999999911e+00
2.450000000000000000e+01 1.550000000000000044e+00
2.450000000000000000e+01 1.550000000000000044e+00
2.450000000000000000e+01 1.550000000000000044e+00
2.450000000000000000e+01 1.550000000000000044e+00
2.450000000000000000e+01 1.500000000000000000e+00
2.450000000000000000e+01 1.500000000000000000e+00
2.450000000000000000e+01 1.500000000000000000e+00
2.454999899999999968e+01 1.500000000000000000e+00
2.454999899999999968e+01 1.500000000000000000e+00
2.454999899999999968e+01 1.500000000000000000e+00
2.454999899999999968e+01 1.449999999999999956e+00
2.454999899999999968e+01 1.449999999999999956e+00
2.454999899999999968e+01 1.449999999999999956e+00
2.460000000000000142e+01 1.399999999999999911e+00
2.460000000000000142e+01 1.399999999999999911e+00
2.460000000000000142e+01 1.399999999999999911e+00
2.460000000000000142e+01 1.399999999999999911e+00
2.460000000000000142e+01 1.399999999999999911e+00
2.460000000000000142e+01 1.399999999999999911e+00
2.460000000000000142e+01 1.350000000000000089e+00
2.460000000000000142e+01 1.350000000000000089e+00
2.460000000000000142e+01 1.350000000000000089e+00
2.460000000000000142e+01 1.350000000000000089e+00
2.460000000000000142e+01 1.350000000000000089e+00
2.460000000000000142e+01 1.350000000000000089e+00
2.464999999999999858e+01 1.300000000000000044e+00
2.464999999999999858e+01 1.300000000000000044e+00
2.464999999999999858e+01 1.300000000000000044e+00
2.464999999999999858e+01 1.300000000000000044e+00
2.464999999999999858e+01 1.300000000000000044e+00
2.464999999999999858e+01 1.300000000000000044e+00
2.464999999999999858e+01 1.300000000000000044e+00
2.464999999999999858e+01 1.300000000000000044e+00
2.464999999999999858e+01 1.300000000000000044e+00
2.464999999999999858e+01 1.300000000000000044e+00
2.464999999999999858e+01 1.300000000000000044e+00
2.464999999999999858e+01 1.300000000000000044e+00
2.464999999999999858e+01 1.300000000000000044e+00
2.464999999999999858e+01 1.300000000000000044e+00
2.464999999999999858e+01 1.300000000000000044e+00
2.464999999999999858e+01 1.300000000000000044e+00
2.464999999999999858e+01 1.300000000000000044e+00
2.464999999999999858e+01 1.300000000000000044e+00
2.464999999999999858e+01 1.300000000000000044e+00
2.464999999999999858e+01 1.300000000000000044e+00
2.464999999999999858e+01 1.300000000000000044e+00
2.464999999999999858e+01 1.199999999999999956e+00
2.464999999999999858e+01 1.199999999999999956e+00
2.464999999999999858e+01 1.199999999999999956e+00
2.464999999999999858e+01 1.199999999999999956e+00
2.464999999999999858e+01 1.199999999999999956e+00
2.464999999999999858e+01 1.199999999999999956e+00
2.464999999999999858e+01 1.199999999999999956e+00
2.464999999999999858e+01 1.199999999999999956e+00
2.464999999999999858e+01 1.199999999999999956e+00
2.464999999999999858e+01 1.199999999999999956e+00
2.464999999999999858e+01 1.199999999999999956e+00
2.464999999999999858e+01 1.199999999999999956e+00
2.464999999999999858e+01 1.199999999999999956e+00
2.470000100000000032e+01 1.199999999999999956e+00
2.470000100000000032e+01 1.199999999999999956e+00
2.470000100000000032e+01 1.199999999999999956e+00
2.470000100000000032e+01 1.199999999999999956e+00
2.470000100000000032e+01 1.199999999999999956e+00
2.470000100000000032e+01 1.199999999999999956e+00
2.470000100000000032e+01 1.149999999999999911e+00
2.470000100000000032e+01 1.149999999999999911e+00
2.470000100000000032e+01 1.149999999999999911e+00
2.470000100000000032e+01 1.149999999999999911e+00
2.470000100000000032e+01 1.149999999999999911e+00
2.470000100000000032e+01 1.149999999999999911e+00
2.470000100000000032e+01 1.149999999999999911e+00
2.470000100000000032e+01 1.149999999999999911e+00
2.470000100000000032e+01 1.149999999999999911e+00
2.470000100000000032e+01 1.149999999999999911e+00
2.470000100000000032e+01 1.149999999999999911e+00
2.470000100000000032e+01 1.149999999999999911e+00
2.470000100000000032e+01 1.149999999999999911e+00
2.470000100000000032e+01 1.149999999999999911e+00
2.470000100000000032e+01 1.149999999999999911e+00
2.470000100000000032e+01 1.149999999999999911e+00
2.470000100000000032e+01 1.149999999999999911e+00
2.470000100000000032e+01 1.149999999999999911e+00
2.470000100000000032e+01 1.149999999999999911e+00
2.470000100000000032e+01 1.100000000000000089e+00
2.470000100000000032e+01 1.100000000000000089e+00
2.470000100000000032e+01 1.100000000000000089e+00
2.470000100000000032e+01 1.100000000000000089e+00
2.470000100000000032e+01 1.100000000000000089e+00
2.470000100000000032e+01 1.100000000000000089e+00
2.470000100000000032e+01 1.100000000000000089e+00
2.470000100000000032e+01 1.100000000000000089e+00
2.470000100000000032e+01 1.100000000000000089e+00
2.470000100000000032e+01 1.100000000000000089e+00
2.470000100000000032e+01 1.100000000000000089e+00
2.470000100000000032e+01 1.100000000000000089e+00
2.470000100000000032e+01 1.100000000000000089e+00
2.470000100000000032e+01 1.100000000000000089e+00
2.470000100000000032e+01 1.100000000000000089e+00
2.470000100000000032e+01 1.100000000000000089e+00
2.470000100000000032e+01 1.100000000000000089e+00
2.470000100000000032e+01 1.100000000000000089e+00
2.470000100000000032e+01 1.100000000000000089e+00
2.470000100000000032e+01 1.050000000000000044e+00
2.470000100000000032e+01 1.050000000000000044e+00
2.475000000000000000e+01 1.050000000000000044e+00
2.475000000000000000e+01 1.050000000000000044e+00
2.475000000000000000e+01 1.050000000000000044e+00
2.475000000000000000e+01 1.050000000000000044e+00
2.475000000000000000e+01 1.050000000000000044e+00
2.475000000000000000e+01 1.050000000000000044e+00
2.475000000000000000e+01 1.050000000000000044e+00
2.475000000000000000e+01 1.050000000000000044e+00
2.475000000000000000e+01 1.050000000000000044e+00
2.475000000000000000e+01 1.050000000000000044e+00
2.475000000000000000e+01 1.050000000000000044e+00
2.475000000000000000e+01 1.050000000000000044e+00
2.475000000000000000e+01 1.050000000000000044e+00
2.475000000000000000e+01 1.050000000000000044e+00
2.475000000000000000e+01 1.050000000000000044e+00
2.475000000000000000e+01 1.050000000000000044e+00
2.475000000000000000e+01 1.050000000000000044e+00
2.475000000000000000e+01 1.050000000000000044e+00
2.475000000000000000e+01 1.050000000000000044e+00
2.475000000000000000e+01 1.000000000000000000e+00
2.475000000000000000e+01 1.000000000000000000e+00
2.475000000000000000e+01 1.000000000000000000e+00
2.475000000000000000e+01 1.000000000000000000e+00
2.475000000000000000e+01 1.000000000000000000e+00
2.475000000000000000e+01 1.000000000000000000e+00
2.475000000000000000e+01 1.000000000000000000e+00
2.475000000000000000e+01 1.000000000000000000e+00
2.475000000000000000e+01 1.000000000000000000e+00
2.475000000000000000e+01 1.000000000000000000e+00
2.475000000000000000e+01 1.000000000000000000e+00
2.475000000000000000e+01 1.000000000000000000e+00
2.475000000000000000e+01 1.000000000000000000e+00
2.475000000000000000e+01 1.000000000000000000e+00
2.475000000000000000e+01 1.000000000000000000e+00
2.475000000000000000e+01 1.000000000000000000e+00
2.475000000000000000e+01 1.000000000000000000e+00
2.475000000000000000e+01 1.000000000000000000e+00
2.475000000000000000e+01 1.000000000000000000e+00
2.475000000000000000e+01 1.000000000000000000e+00
2.475000000000000000e+01 1.000000000000000000e+00
2.475000000000000000e+01 1.000000000000000000e+00
2.475000000000000000e+01 1.000000000000000000e+00
2.475000000000000000e+01 1.000000000000000000e+00
2.475000000000000000e+01 1.000000000000000000e+00
2.475000000000000000e+01 1.000000000000000000e+00
2.475000000000000000e+01 1.000000000000000000e+00
2.475000000000000000e+01 1.000000000000000000e+00
2.475000000000000000e+01 9.499999999999999556e-01
2.475000000000000000e+01 9.499999999999999556e-01
2.475000000000000000e+01 9.499999999999999556e-01
2.475000000000000000e+01 9.499999999999999556e-01
2.475000000000000000e+01 9.499999999999999556e-01
2.475000000000000000e+01 9.499999999999999556e-01
2.475000000000000000e+01 9.499999999999999556e-01
2.475000000000000000e+01 9.499999999999999556e-01
2.475000000000000000e+01 9.499999999999999556e-01
2.475000000000000000e+01 9.499999999999999556e-01
2.475000000000000000e+01 9.499999999999999556e-01
2.475000000000000000e+01 9.499999999999999556e-01
2.475000000000000000e+01 9.499999999999999556e-01
2.475000000000000000e+01 9.000000000000000222e-01
2.475000000000000000e+01 9.000000000000000222e-01
2.475000000000000000e+01 9.000000000000000222e-01
2.475000000000000000e+01 9.000000000000000222e-01
2.475000000000000000e+01 9.000000000000000222e-01
2.475000000000000000e+01 9.000000000000000222e-01
2.475000000000000000e+01 8.499999999999999778e-01
2.475000000000000000e+01 8.499999999999999778e-01
2.475000000000000000e+01 8.499999999999999778e-01
2.475000000000000000e+01 8.000000000000000444e-01
2.475000000000000000e+01 8.000000000000000444e-01
2.475000000000000000e+01 8.000000000000000444e-01
2.475000000000000000e+01 8.000000000000000444e-01
2.475000000000000000e+01 8.000000000000000444e-01
2.475000000000000000e+01 8.000000000000000444e-01
2.475000000000000000e+01 8.000000000000000444e-01
2.475000000000000000e+01 8.000000000000000444e-01
2.475000000000000000e+01 8.000000000000000444e-01
2.475000000000000000e+01 8.000000000000000444e-01
2.475000000000000000e+01 8.000000000000000444e-01
2.475000000000000000e+01 8.000000000000000444e-01
2.475000000000000000e+01 8.000000000000000444e-01
2.475000000000000000e+01 8.000000000000000444e-01
2.475000000000000000e+01 8.000000000000000444e-01
2.475000000000000000e+01 8.000000000000000444e-01
2.475000000000000000e+01 8.000000000000000444e-01
2.475000000000000000e+01 7.500000000000000000e-01
2.475000000000000000e+01 7.500000000000000000e-01
2.475000000000000000e+01 7.500000000000000000e-01
2.475000000000000000e+01 7.500000000000000000e-01
2.475000000000000000e+01 7.500000000000000000e-01
2.479999899999999968e+01 7.500000000000000000e-01
2.479999899999999968e+01 7.500000000000000000e-01
2.479999899999999968e+01 7.500000000000000000e-01
2.479999899999999968e+01 7.500000000000000000e-01
2.479999899999999968e+01 7.500000000000000000e-01
2.479999899999999968e+01 7.500000000000000000e-01
2.479999899999999968e+01 7.500000000000000000e-01
2.479999899999999968e+01 7.500000000000000000e-01
2.479999899999999968e+01 7.500000000000000000e-01
2.479999899999999968e+01 7.500000000000000000e-01
2.479999899999999968e+01 7.500000000000000000e-01
2.479999899999999968e+01 7.500000000000000000e-01
2.479999899999999968e+01 7.500000000000000000e-01
2.479999899999999968e+01 7.500000000000000000e-01
2.479999899999999968e+01 7.500000000000000000e-01
2.485000000000000142e+01 7.500000000000000000e-01
2.485000000000000142e+01 7.500000000000000000e-01
2.485000000000000142e+01 7.500000000000000000e-01
2.485000000000000142e+01 7.500000000000000000e-01
2.485000000000000142e+01 7.500000000000000000e-01
2.485000000000000142e+01 7.500000000000000000e-01
2.485000000000000142e+01 7.500000000000000000e-01
2.485000000000000142e+01 7.500000000000000000e-01
2.485000000000000142e+01 7.500000000000000000e-01
2.485000000000000142e+01 7.500000000000000000e-01
2.485000000000000142e+01 7.500000000000000000e-01
2.485000000000000142e+01 7.500000000000000000e-01
2.485000000000000142e+01 7.500000000000000000e-01
2.485000000000000142e+01 7.500000000000000000e-01
2.485000000000000142e+01 7.500000000000000000e-01
2.489999999999999858e+01 7.500000000000000000e-01
2.489999999999999858e+01 7.500000000000000000e-01
2.489999999999999858e+01 7.500000000000000000e-01
2.489999999999999858e+01 7.500000000000000000e-01
2.489999999999999858e+01 7.500000000000000000e-01
2.489999999999999858e+01 7.500000000000000000e-01
2.489999999999999858e+01 7.500000000000000000e-01
2.489999999999999858e+01 7.500000000000000000e-01
2.489999999999999858e+01 7.500000000000000000e-01
2.489999999999999858e+01 6.999999999999999556e-01
2.489999999999999858e+01 6.999999999999999556e-01
2.495000100000000032e+01 6.999999999999999556e-01
2.495000100000000032e+01 6.999999999999999556e-01
2.495000100000000032e+01 6.999999999999999556e-01
2.495000100000000032e+01 6.999999999999999556e-01
2.495000100000000032e+01 6.999999999999999556e-01
2.495000100000000032e+01 6.999999999999999556e-01
2.495000100000000032e+01 6.999999999999999556e-01
2.495000100000000032e+01 6.999999999999999556e-01
2.495000100000000032e+01 6.999999999999999556e-01
2.495000100000000032e+01 6.999999999999999556e-01
2.495000100000000032e+01 6.999999999999999556e-01
2.495000100000000032e+01 6.999999999999999556e-01
2.495000100000000032e+01 6.500000000000000222e-01
2.495000100000000032e+01 6.500000000000000222e-01
2.495000100000000032e+01 6.500000000000000222e-01
2.495000100000000032e+01 6.500000000000000222e-01
2.495000100000000032e+01 6.500000000000000222e-01
2.495000100000000032e+01 6.500000000000000222e-01
2.495000100000000032e+01 6.500000000000000222e-01
2.495000100000000032e+01 6.500000000000000222e-01
2.495000100000000032e+01 6.500000000000000222e-01
2.495000100000000032e+01 6.500000000000000222e-01
2.495000100000000032e+01 6.500000000000000222e-01
2.495000100000000032e+01 6.500000000000000222e-01
2.495000100000000032e+01 6.500000000000000222e-01
2.495000100000000032e+01 6.500000000000000222e-01
2.495000100000000032e+01 6.500000000000000222e-01
2.495000100000000032e+01 6.500000000000000222e-01
2.495000100000000032e+01 6.500000000000000222e-01
2.495000100000000032e+01 6.500000000000000222e-01
2.495000100000000032e+01 6.500000000000000222e-01
2.495000100000000032e+01 6.500000000000000222e-01
2.495000100000000032e+01 6.500000000000000222e-01
2.495000100000000032e+01 6.500000000000000222e-01
2.500000000000000000e+01 6.500000000000000222e-01
2.500000000000000000e+01 6.500000000000000222e-01
2.500000000000000000e+01 6.500000000000000222e-01
2.500000000000000000e+01 6.500000000000000222e-01
2.500000000000000000e+01 6.500000000000000222e-01
2.500000000000000000e+01 6.500000000000000222e-01
2.500000000000000000e+01 6.500000000000000222e-01
2.500000000000000000e+01 6.500000000000000222e-01
2.500000000000000000e+01 6.500000000000000222e-01
2.500000000000000000e+01 6.500000000000000222e-01
2.500000000000000000e+01 6.500000000000000222e-01
2.500000000000000000e+01 6.500000000000000222e-01
2.500000000000000000e+01 6.500000000000000222e-01
2.500000000000000000e+01 6.500000000000000222e-01
2.500000000000000000e+01 6.500000000000000222e-01
2.500000000000000000e+01 6.500000000000000222e-01
2.500000000000000000e+01 6.500000000000000222e-01
2.500000000000000000e+01 6.500000000000000222e-01
2.500000000000000000e+01 6.500000000000000222e-01
2.500000000000000000e+01 6.500000000000000222e-01
2.500000000000000000e+01 6.500000000000000222e-01
2.500000000000000000e+01 6.500000000000000222e-01
2.500000000000000000e+01 6.500000000000000222e-01
2.500000000000000000e+01 6.500000000000000222e-01
2.500000000000000000e+01 6.500000000000000222e-01
2.500000000000000000e+01 6.500000000000000222e-01
2.500000000000000000e+01 6.500000000000000222e-01
2.500000000000000000e+01 6.500000000000000222e-01
2.500000000000000000e+01 6.500000000000000222e-01
2.500000000000000000e+01 6.500000000000000222e-01
2.500000000000000000e+01 5.999999999999999778e-01
2.500000000000000000e+01 5.999999999999999778e-01
2.500000000000000000e+01 5.999999999999999778e-01
2.500000000000000000e+01 5.999999999999999778e-01
2.500000000000000000e+01 5.500000000000000444e-01
2.500000000000000000e+01 5.500000000000000444e-01
2.500000000000000000e+01 5.500000000000000444e-01
2.500000000000000000e+01 5.500000000000000444e-01
2.500000000000000000e+01 5.500000000000000444e-01
2.500000000000000000e+01 5.500000000000000444e-01
2.500000000000000000e+01 5.500000000000000444e-01
2.500000000000000000e+01 5.500000000000000444e-01
2.500000000000000000e+01 5.500000000000000444e-01
2.500000000000000000e+01 5.500000000000000444e-01
2.500000000000000000e+01 5.500000000000000444e-01
2.500000000000000000e+01 5.500000000000000444e-01
2.500000000000000000e+01 5.500000000000000444e-01
2.500000000000000000e+01 5.500000000000000444e-01
2.500000000000000000e+01 5.500000000000000444e-01
2.500000000000000000e+01 5.500000000000000444e-01
2.500000000000000000e+01 5.500000000000000444e-01
2.500000000000000000e+01 5.500000000000000444e-01
2.500000000000000000e+01 5.500000000000000444e-01
2.500000000000000000e+01 5.500000000000000444e-01
2.500000000000000000e+01 5.500000000000000444e-01
2.500000000000000000e+01 5.500000000000000444e-01
2.500000000000000000e+01 5.500000000000000444e-01
2.500000000000000000e+01 5.500000000000000444e-01
2.500000000000000000e+01 5.500000000000000444e-01
2.500000000000000000e+01 5.500000000000000444e-01
2.500000000000000000e+01 5.500000000000000444e-01
2.500000000000000000e+01 5.500000000000000444e-01
2.500000000000000000e+01 5.500000000000000444e-01
2.500000000000000000e+01 5.500000000000000444e-01
2.500000000000000000e+01 5.500000000000000444e-01
2.500000000000000000e+01 5.500000000000000444e-01
2.500000000000000000e+01 5.500000000000000444e-01
2.500000000000000000e+01 5.500000000000000444e-01
2.500000000000000000e+01 5.500000000000000444e-01
2.500000000000000000e+01 5.000000000000000000e-01
2.500000000000000000e+01 5.000000000000000000e-01
2.500000000000000000e+01 5.000000000000000000e-01
2.500000000000000000e+01 5.000000000000000000e-01
2.500000000000000000e+01 5.000000000000000000e-01
2.500000000000000000e+01 5.000000000000000000e-01
2.500000000000000000e+01 5.000000000000000000e-01
2.500000000000000000e+01 5.000000000000000000e-01
2.500000000000000000e+01 5.000000000000000000e-01
2.500000000000000000e+01 5.000000000000000000e-01
2.500000000000000000e+01 5.000000000000000000e-01
2.500000000000000000e+01 5.000000000000000000e-01
2.500000000000000000e+01 5.000000000000000000e-01
2.500000000000000000e+01 5.000000000000000000e-01
2.500000000000000000e+01 5.000000000000000000e-01
2.500000000000000000e+01 5.000000000000000000e-01
2.500000000000000000e+01 5.000000000000000000e-01
2.500000000000000000e+01 5.000000000000000000e-01
2.500000000000000000e+01 5.000000000000000000e-01
2.500000000000000000e+01 5.000000000000000000e-01
2.500000000000000000e+01 5.000000000000000000e-01
2.500000000000000000e+01 5.000000000000000000e-01
2.500000000000000000e+01 5.000000000000000000e-01
2.500000000000000000e+01 5.000000000000000000e-01
2.500000000000000000e+01 5.000000000000000000e-01
2.500000000000000000e+01 5.000000000000000000e-01
2.500000000000000000e+01 5.000000000000000000e-01
2.500000000000000000e+01 5.000000000000000000e-01
2.500000000000000000e+01 5.000000000000000000e-01
2.500000000000000000e+01 5.000000000000000000e-01
2.500000000000000000e+01 5.000000000000000000e-01
2.500000000000000000e+01 5.000000000000000000e-01
2.500000000000000000e+01 5.000000000000000000e-01
2.500000000000000000e+01 5.000000000000000000e-01
2.500000000000000000e+01 5.000000000000000000e-01
2.500000000000000000e+01 5.000000000000000000e-01
2.500000000000000000e+01 5.000000000000000000e-01
2.500000000000000000e+01 5.000000000000000000e-01
2.500000000000000000e+01 5.000000000000000000e-01
2.500000000000000000e+01 5.000000000000000000e-01
2.500000000000000000e+01 5.000000000000000000e-01
2.500000000000000000e+01 5.000000000000000000e-01
2.500000000000000000e+01 5.000000000000000000e-01
2.500000000000000000e+01 5.000000000000000000e-01
2.500000000000000000e+01 5.000000000000000000e-01
2.500000000000000000e+01 5.000000000000000000e-01
2.500000000000000000e+01 5.000000000000000000e-01
2.500000000000000000e+01 5.000000000000000000e-01
2.500000000000000000e+01 5.000000000000000000e-01
2.500000000000000000e+01 5.000000000000000000e-01
2.500000000000000000e+01 4.500000000000000111e-01
2.500000000000000000e+01 4.500000000000000111e-01
2.500000000000000000e+01 4.500000000000000111e-01
2.500000000000000000e+01 4.500000000000000111e-01
2.500000000000000000e+01 4.500000000000000111e-01
2.500000000000000000e+01 4.500000000000000111e-01
2.500000000000000000e+01 4.500000000000000111e-01
2.500000000000000000e+01 4.500000000000000111e-01
2.500000000000000000e+01 4.500000000000000111e-01
2.500000000000000000e+01 4.500000000000000111e-01
2.500000000000000000e+01 4.500000000000000111e-01
2.500000000000000000e+01 4.500000000000000111e-01
2.500000000000000000e+01 4.500000000000000111e-01
2.500000000000000000e+01 4.500000000000000111e-01
2.500000000000000000e+01 4.500000000000000111e-01
2.500000000000000000e+01 4.500000000000000111e-01
2.500000000000000000e+01 4.500000000000000111e-01
2.500000000000000000e+01 4.500000000000000111e-01
2.500000000000000000e+01 4.500000000000000111e-01
2.500000000000000000e+01 4.500000000000000111e-01
2.500000000000000000e+01 4.500000000000000111e-01
2.500000000000000000e+01 4.500000000000000111e-01
2.500000000000000000e+01 4.500000000000000111e-01
2.500000000000000000e+01 4.500000000000000111e-01
2.500000000000000000e+01 4.500000000000000111e-01
2.500000000000000000e+01 4.500000000000000111e-01
2.500000000000000000e+01 4.000000000000000222e-01
2.500000000000000000e+01 4.000000000000000222e-01
2.500000000000000000e+01 4.000000000000000222e-01
2.500000000000000000e+01 4.000000000000000222e-01
2.500000000000000000e+01 4.000000000000000222e-01
2.500000000000000000e+01 4.000000000000000222e-01
2.500000000000000000e+01 4.000000000000000222e-01
2.500000000000000000e+01 4.000000000000000222e-01
2.500000000000000000e+01 4.000000000000000222e-01
2.500000000000000000e+01 4.000000000000000222e-01
2.500000000000000000e+01 4.000000000000000222e-01
2.500000000000000000e+01 4.000000000000000222e-01
2.500000000000000000e+01 4.000000000000000222e-01
2.500000000000000000e+01 4.000000000000000222e-01
2.500000000000000000e+01 4.000000000000000222e-01
2.500000000000000000e+01 4.000000000000000222e-01
2.500000000000000000e+01 4.000000000000000222e-01
2.500000000000000000e+01 4.000000000000000222e-01
2.500000000000000000e+01 4.000000000000000222e-01
2.500000000000000000e+01 4.000000000000000222e-01
2.500000000000000000e+01 3.499999999999999778e-01
2.500000000000000000e+01 3.499999999999999778e-01
2.500000000000000000e+01 3.499999999999999778e-01
2.500000000000000000e+01 3.499999999999999778e-01
2.500000000000000000e+01 3.499999999999999778e-01
2.500000000000000000e+01 3.499999999999999778e-01
2.500000000000000000e+01 3.499999999999999778e-01
2.500000000000000000e+01 3.499999999999999778e-01
2.500000000000000000e+01 3.499999999999999778e-01
2.500000000000000000e+01 3.499999999999999778e-01
2.500000000000000000e+01 3.499999999999999778e-01
2.500000000000000000e+01 3.499999999999999778e-01
2.500000000000000000e+01 2.999999999999999889e-01
2.500000000000000000e+01 2.999999999999999889e-01
2.500000000000000000e+01 2.999999999999999889e-01
2.500000000000000000e+01 2.999999999999999889e-01
2.500000000000000000e+01 2.999999999999999889e-01
2.500000000000000000e+01 2.999999999999999889e-01
2.500000000000000000e+01 2.500000000000000000e-01
2.500000000000000000e+01 2.500000000000000000e-01
2.500000000000000000e+01 2.500000000000000000e-01
2.500000000000000000e+01 2.000000000000000111e-01
2.500000000000000000e+01 2.000000000000000111e-01
2.500000000000000000e+01 2.000000000000000111e-01
2.500000000000000000e+01 2.000000000000000111e-01
2.500000000000000000e+01 2.000000000000000111e-01
2.500000000000000000e+01 2.000000000000000111e-01
2.500000000000000000e+01 2.000000000000000111e-01
2.500000000000000000e+01 2.000000000000000111e-01
2.500000000000000000e+01 2.000000000000000111e-01
2.500000000000000000e+01 2.000000000000000111e-01
