137.771225 
137.742706 
137.763992 
137.757233 
137.641647 
137.583038 
137.500885 
137.540009 
137.529633 
137.474899 
137.418442 
137.381927 
137.313034 
137.291306 
137.273819 
137.141159 
137.137436 
137.137436 
137.097656 
137.070511 
137.044708 
137.034058 
137.031647 
136.939957 
136.844971 
136.837921 
136.778595 
136.757462 
136.766739 
136.731598 
136.663223 
136.612854 
136.552261 
136.493393 
136.462250 
136.442093 
136.367096 
136.268661 
136.153748 
136.072327 
136.084656 
136.025131 
136.032425 
136.038376 
135.951126 
135.950470 
135.876343 
135.837250 
135.784546 
135.717041 
135.639725 
135.547119 
135.428741 
135.374023 
135.328827 
135.328827 
135.328827 
135.249847 
135.218140 
135.174805 
135.098572 
135.068756 
135.016052 
135.016052 
134.929016 
134.787857 
134.787857 
134.759720 
134.677994 
134.622681 
134.452164 
134.422348 
134.277756 
134.085388 
134.085388 
133.994919 
133.994919 
133.965118 
133.827850 
133.827850 
133.827850 
133.827850 
133.777267 
133.559814 
133.539398 
133.499542 
133.431396 
133.327560 
133.197876 
133.197876 
133.061356 
133.061356 
132.976776 
132.923538 
132.928177 
132.879837 
132.846039 
132.846039 
132.804413 
132.804413 
132.820755 
132.820755 
132.613846 
132.417450 
132.304718 
132.064362 
131.892700 
131.892700 
131.892700 
131.868195 
131.833099 
131.833099 
131.725281 
131.665741 
131.654877 
131.510986 
131.447479 
131.385284 
131.385284 
131.166473 
131.135208 
131.062775 
131.062775 
131.062775 
131.015869 
130.984726 
130.931732 
130.743042 
130.687149 
130.687149 
130.499359 
130.464798 
130.428879 
130.308517 
130.154099 
130.023026 
129.970947 
129.933716 
129.888428 
129.762772 
129.762772 
129.704559 
129.704559 
129.656616 
129.656616 
129.338516 
129.162079 
129.088333 
128.906555 
128.879395 
128.879395 
128.817200 
128.744110 
128.744110 
128.592377 
128.463074 
128.375870 
128.375870 
128.246979 
128.246979 
128.209732 
128.119858 
127.961533 
127.876968 
127.876968 
127.847153 
127.771400 
127.771400 
127.621277 
127.621277 
127.594101 
127.495567 
127.495567 
127.495567 
127.495567 
127.450279 
127.284653 
127.152138 
127.152138 
127.152138 
127.082359 
126.996399 
126.829872 
126.757462 
126.757462 
126.757462 
126.664658 
126.614075 
126.542984 
126.437828 
126.345840 
126.345840 
126.345840 
126.277382 
126.202286 
126.020737 
126.020737 
126.020737 
126.020737 
125.844826 
125.760254 
125.480995 
125.434387 
125.401138 
125.401138 
125.401138 
125.401138 
125.401138 
125.401138 
125.401138 
125.401138 
125.401138 
125.401138 
125.401138 
125.401138 
125.342918 
125.239090 
125.053329 
125.053329 
124.995117 
124.995117 
124.845688 
124.719467 
124.546341 
124.546341 
124.546341 
124.546341 
124.546341 
124.460434 
124.460434 
124.460434 
124.255150 
124.255150 
124.255150 
124.255150 
124.255150 
124.127602 
124.093018 
124.093018 
124.093018 
123.937355 
123.937355 
123.828209 
123.828209 
123.773987 
123.674118 
123.571617 
123.571617 
123.407364 
123.318810 
123.318810 
123.159424 
123.114136 
123.114136 
123.114136 
123.114136 
123.047020 
122.854637 
122.731056 
122.731056 
122.519836 
122.419968 
122.334068 
122.334068 
122.334068 
122.334068 
122.334068 
122.334068 
122.193214 
122.193214 
122.193214 
122.108643 
122.108643 
122.108643 
121.908653 
121.908653 
121.908653 
121.718918 
121.718918 
121.718918 
121.718918 
121.615097 
121.615097 
121.615097 
121.615097 
121.489220 
121.489220 
121.455971 
121.455971 
121.356445 
121.227562 
121.160446 
121.160446 
121.160446 
121.160446 
121.057938 
120.976013 
120.976013 
120.976013 
120.768349 
120.768349 
120.667160 
120.667160 
120.667160 
120.540932 
120.540932 
120.540932 
120.288063 
120.288063 
120.233826 
120.233826 
120.233826 
120.233826 
120.233826 
120.108925 
120.108925 
120.026993 
119.900772 
119.900772 
119.900772 
119.900772 
119.900772 
119.640610 
119.387802 
119.387802 
119.257607 
119.257607 
119.257607 
119.152428 
119.152428 
119.067856 
119.067856 
119.067856 
118.984604 
118.984604 
118.984604 
118.824326 
118.824326 
118.561562 
118.432678 
118.331482 
118.331482 
118.211464 
118.211464 
118.144348 
118.041832 
118.041832 
117.974716 
117.974716 
117.974716 
117.974716 
117.974716 
117.974716 
117.974716 
117.974716 
117.809143 
117.706627 
117.706627 
117.581726 
117.581726 
117.581726 
117.581726 
117.581726 
117.480553 
117.480553 
117.480553 
117.480553 
117.355637 
117.191383 
117.191383 
117.191383 
117.109474 
117.109474 
117.109474 
117.109474 
117.009605 
117.009605 
117.009605 
117.009605 
117.009605 
117.009605 
117.009605 
117.009605 
117.009605 
117.009605 
117.009605 
117.009605 
117.009605 
116.884689 
116.884689 
116.802773 
116.802773 
116.718201 
116.718201 
116.308105 
116.308105 
116.308105 
116.055641 
116.055641 
116.055641 
116.055641 
116.055641 
116.055641 
116.055641 
116.055641 
116.055641 
116.055641 
116.055641 
116.055641 
115.932053 
115.932053 
115.829552 
115.829552 
115.829552 
115.829552 
115.829552 
115.829552 
115.829552 
115.728371 
115.728371 
115.728371 
115.340675 
115.340675 
115.340675 
115.179077 
115.179077 
115.179077 
115.179077 
115.179077 
115.056808 
115.056808 
115.056808 
115.056808 
114.956955 
114.956955 
114.876366 
114.876366 
114.876366 
114.714745 
114.714745 
114.714745 
114.714745 
114.714745 
114.592506 
114.592506 
114.369041 
114.369041 
114.369041 
114.369041 
114.369041 
114.369041 
114.369041 
114.369041 
114.369041 
114.206131 
114.206131 
114.206131 
114.206131 
114.083862 
114.003273 
114.003273 
114.003273 
113.902077 
113.902077 
113.740479 
113.740479 
113.740479 
113.740479 
113.740479 
113.740479 
113.740479 
113.740479 
113.740479 
113.740479 
113.740479 
113.740479 
113.740479 
113.740479 
113.740479 
113.740479 
113.740479 
113.578857 
113.578857 
113.578857 
113.578857 
113.578857 
113.578857 
113.578857 
113.578857 
113.578857 
113.578857 
113.578857 
113.578857 
113.578857 
113.578857 
113.578857 
113.578857 
113.578857 
113.578857 
113.578857 
113.578857 
113.578857 
113.578857 
113.578857 
113.578857 
113.578857 
113.578857 
113.578857 
113.578857 
113.578857 
113.578857 
113.578857 
113.578857 
113.578857 
113.578857 
113.578857 
113.578857 
113.578857 
113.418579 
113.418579 
113.293678 
113.293678 
113.293678 
113.293678 
113.293678 
113.195145 
113.195145 
113.096603 
112.935013 
112.935013 
112.935013 
112.935013 
112.935013 
112.935013 
112.935013 
112.935013 
112.935013 
112.935013 
112.935013 
112.935013 
112.811424 
112.811424 
112.811424 
112.811424 
112.811424 
112.811424 
112.811424 
112.811424 
112.712891 
112.712891 
112.712891 
112.712891 
112.712891 
112.712891 
112.712891 
112.712891 
112.712891 
112.712891 
112.712891 
112.712891 
112.712891 
112.590622 
112.590622 
112.590622 
112.590622 
112.590622 
112.427711 
112.427711 
112.427711 
112.427711 
112.427711 
112.427711 
112.427711 
112.427711 
112.427711 
112.427711 
112.427711 
112.267433 
112.267433 
112.267433 
112.267433 
112.267433 
112.267433 
112.267433 
112.267433 
112.267433 
112.267433 
112.267433 
112.267433 
112.267433 
112.267433 
112.104492 
112.104492 
112.104492 
112.104492 
112.104492 
112.104492 
112.104492 
112.104492 
112.104492 
112.104492 
112.104492 
112.104492 
112.104492 
112.104492 
111.944214 
111.944214 
111.944214 
111.944214 
111.944214 
111.944214 
111.819313 
111.819313 
111.819313 
111.819313 
111.819313 
111.819313 
111.819313 
111.819313 
111.695724 
111.695724 
111.695724 
111.572144 
111.449875 
111.449875 
111.449875 
111.449875 
111.449875 
111.449875 
111.449875 
111.449875 
111.449875 
111.449875 
111.449875 
111.449875 
111.288284 
111.288284 
111.288284 
111.288284 
111.288284 
111.288284 
111.288284 
111.288284 
111.288284 
111.288284 
111.288284 
111.288284 
111.288284 
110.966393 
110.966393 
110.966393 
110.966393 
110.966393 
110.966393 
110.806114 
110.806114 
110.806114 
110.806114 
110.806114 
110.806114 
110.806114 
110.806114 
110.806114 
110.806114 
110.806114 
110.806114 
110.806114 
110.806114 
110.806114 
110.806114 
110.806114 
110.806114 
110.806114 
110.806114 
110.806114 
110.806114 
110.806114 
110.806114 
110.806114 
110.806114 
110.806114 
110.806114 
110.806114 
110.806114 
110.806114 
110.806114 
110.806114 
110.806114 
110.806114 
110.806114 
110.806114 
110.806114 
110.806114 
110.806114 
110.806114 
110.806114 
110.806114 
110.806114 
110.806114 
110.806114 
110.683853 
110.683853 
110.683853 
110.683853 
110.683853 
110.683853 
110.683853 
110.683853 
110.683853 
110.683853 
110.683853 
110.683853 
110.683853 
110.683853 
110.683853 
110.683853 
110.561584 
110.561584 
110.561584 
110.561584 
110.561584 
110.561584 
110.561584 
110.561584 
110.561584 
110.561584 
110.561584 
110.561584 
110.561584 
110.561584 
110.561584 
110.561584 
110.561584 
110.439316 
110.439316 
110.439316 
110.439316 
110.439316 
110.439316 
110.439316 
110.439316 
110.439316 
110.439316 
110.439316 
110.439316 
110.439316 
110.439316 
110.439316 
110.439316 
110.439316 
110.439316 
110.340797 
110.340797 
110.340797 
110.340797 
110.340797 
110.340797 
110.340797 
110.340797 
110.340797 
110.340797 
110.340797 
110.340797 
110.340797 
110.340797 
110.340797 
110.218544 
110.218544 
110.218544 
110.218544 
110.218544 
110.218544 
110.218544 
110.218544 
110.218544 
110.218544 
110.218544 
110.218544 
110.218544 
110.218544 
110.218544 
110.218544 
110.218544 
110.218544 
110.218544 
110.218544 
110.218544 
110.218544 
110.218544 
110.218544 
110.218544 
110.218544 
110.218544 
110.218544 
110.218544 
110.218544 
110.218544 
110.218544 
110.218544 
110.218544 
110.058266 
110.058266 
110.058266 
110.058266 
110.058266 
110.058266 
110.058266 
110.058266 
110.058266 
110.058266 
110.058266 
110.058266 
110.058266 
110.058266 
110.058266 
110.058266 
110.058266 
110.058266 
109.935997 
109.935997 
109.935997 
109.935997 
109.935997 
109.935997 
109.935997 
109.935997 
109.935997 
109.935997 
109.935997 
109.935997 
109.935997 
109.935997 
109.935997 
109.935997 
109.935997 
109.935997 
109.935997 
109.935997 
109.935997 
109.935997 
109.935997 
109.935997 
109.935997 
109.935997 
109.935997 
109.935997 
109.935997 
109.935997 
109.935997 
109.935997 
109.935997 
109.935997 
109.935997 
109.935997 
109.935997 
109.935997 
109.935997 
109.935997 
109.935997 
109.935997 
109.935997 
109.935997 
109.935997 
109.935997 
109.935997 
109.935997 
109.935997 
109.935997 
109.935997 
109.935997 
109.935997 
109.935997 
109.935997 
109.935997 
109.935997 
109.935997 
109.935997 
109.935997 
109.935997 
109.935997 
109.935997 
109.935997 
109.935997 
109.935997 
109.935997 
109.935997 
109.935997 
109.935997 
109.935997 
109.935997 
109.935997 
109.935997 
109.935997 
109.935997 
109.935997 
109.935997 
109.935997 
109.935997 
109.775719 
109.775719 
109.775719 
109.775719 
109.775719 
109.775719 
109.775719 
109.775719 
109.775719 
109.775719 
109.775719 
109.775719 
109.775719 
109.615440 
109.615440 
109.615440 
109.615440 
109.615440 
109.615440 
109.615440 
109.615440 
109.615440 
109.615440 
109.615440 
109.615440 
109.615440 
109.615440 
109.615440 
109.615440 
109.615440 
109.615440 
109.615440 
109.615440 
109.455162 
109.455162 
109.455162 
109.455162 
109.455162 
109.455162 
109.455162 
109.455162 
109.455162 
109.455162 
109.455162 
109.455162 
109.455162 
109.455162 
109.455162 
109.455162 
109.455162 
109.455162 
109.455162 
109.455162 
109.455162 
109.455162 
109.455162 
109.455162 
109.455162 
109.455162 
109.455162 
109.455162 
109.455162 
109.455162 
109.455162 
109.455162 
109.455162 
109.455162 
109.455162 
109.455162 
109.455162 
109.455162 
109.455162 
109.455162 
109.455162 
109.134583 
109.134583 
109.134583 
109.134583 
109.134583 
109.134583 
109.134583 
109.134583 
109.134583 
109.134583 
109.134583 
109.134583 
109.134583 
109.134583 
109.134583 
109.134583 
109.134583 
109.134583 
109.134583 
109.134583 
109.134583 
109.134583 
108.974304 
108.974304 
108.974304 
108.974304 
108.974304 
108.974304 
