25.020000 24.980000 
25.080000 24.920000 
24.980000 25.020000 
25.100000 24.900000 
25.140000 24.860000 
25.180000 24.820000 
25.220000 24.780000 
25.300000 24.700000 
25.340000 24.660000 
25.360000 24.640000 
25.440000 24.560000 
25.400000 24.600000 
25.380000 24.620000 
25.380000 24.620000 
25.380000 24.620000 
25.420000 24.580000 
25.460000 24.540000 
25.420000 24.580000 
25.460000 24.540000 
25.540000 24.460000 
25.580000 24.420000 
25.560000 24.440000 
25.500000 24.500000 
25.480000 24.520000 
25.600000 24.400000 
25.680000 24.320000 
25.680000 24.320000 
25.680000 24.320000 
25.660000 24.340000 
25.740000 24.260000 
25.860000 24.140000 
25.860000 24.140000 
25.860000 24.140000 
25.840000 24.160000 
25.860000 24.140000 
25.800000 24.200000 
25.760000 24.240000 
25.800000 24.200000 
25.880000 24.120000 
25.860000 24.140000 
25.940000 24.060000 
25.860000 24.140000 
26.000000 24.000000 
25.980000 24.020000 
25.980000 24.020000 
26.000000 24.000000 
25.980000 24.020000 
26.020000 23.980000 
26.080000 23.920000 
26.120000 23.880000 
26.100000 23.900000 
26.060000 23.940000 
26.100000 23.900000 
26.180000 23.820000 
26.180000 23.820000 
26.080000 23.920000 
26.140000 23.860000 
26.180000 23.820000 
26.140000 23.860000 
26.200000 23.800000 
26.180000 23.820000 
26.200000 23.800000 
26.160000 23.840000 
26.200000 23.800000 
26.200000 23.800000 
26.220000 23.780000 
26.220000 23.780000 
26.240000 23.760000 
26.220000 23.780000 
26.220000 23.780000 
26.200000 23.800000 
26.140000 23.860000 
26.180000 23.820000 
26.200000 23.800000 
26.240000 23.760000 
26.240000 23.760000 
26.280000 23.720000 
26.300000 23.700000 
26.300000 23.700000 
26.280000 23.720000 
26.280000 23.720000 
26.260000 23.740000 
26.280000 23.720000 
26.340000 23.660000 
26.360000 23.640000 
26.400000 23.600000 
26.380000 23.620000 
26.420000 23.580000 
26.420000 23.580000 
26.420000 23.580000 
26.440000 23.560000 
26.420000 23.580000 
26.460000 23.540000 
26.500000 23.500000 
26.540000 23.460000 
26.740000 23.260000 
26.760000 23.240000 
26.780000 23.220000 
26.760000 23.240000 
26.740000 23.260000 
26.740000 23.260000 
26.760000 23.240000 
26.760000 23.240000 
26.720000 23.280000 
26.740000 23.260000 
26.680000 23.320000 
26.640000 23.360000 
26.640000 23.360000 
26.620000 23.380000 
26.620000 23.380000 
26.660000 23.340000 
26.600000 23.400000 
26.580000 23.420000 
26.540000 23.460000 
26.480000 23.520000 
26.480000 23.520000 
26.540000 23.460000 
26.600000 23.400000 
26.600000 23.400000 
26.600000 23.400000 
26.660000 23.340000 
26.680000 23.320000 
26.700000 23.300000 
26.680000 23.320000 
26.620000 23.380000 
26.580000 23.420000 
26.600000 23.400000 
26.660000 23.340000 
26.680000 23.320000 
26.700000 23.300000 
26.680000 23.320000 
26.660000 23.340000 
26.680000 23.320000 
26.700000 23.300000 
26.740000 23.260000 
26.680000 23.320000 
26.660000 23.340000 
26.620000 23.380000 
26.560000 23.440000 
26.560000 23.440000 
26.560000 23.440000 
26.460000 23.540000 
26.420000 23.580000 
26.420000 23.580000 
26.420000 23.580000 
26.400000 23.600000 
26.400000 23.600000 
26.400000 23.600000 
26.440000 23.560000 
26.440000 23.560000 
26.460000 23.540000 
26.460000 23.540000 
26.460000 23.540000 
26.480000 23.520000 
26.540000 23.460000 
26.560000 23.440000 
26.540000 23.460000 
26.560000 23.440000 
26.560000 23.440000 
26.620000 23.380000 
26.620000 23.380000 
26.600000 23.400000 
26.600000 23.400000 
26.600000 23.400000 
26.640000 23.360000 
26.700000 23.300000 
26.640000 23.360000 
26.640000 23.360000 
26.660000 23.340000 
26.700000 23.300000 
26.680000 23.320000 
26.640000 23.360000 
26.640000 23.360000 
26.640000 23.360000 
26.660000 23.340000 
26.700000 23.300000 
26.740000 23.260000 
26.760000 23.240000 
26.700000 23.300000 
26.680000 23.320000 
26.640000 23.360000 
26.680000 23.320000 
26.700000 23.300000 
26.700000 23.300000 
26.660000 23.340000 
26.680000 23.320000 
26.680000 23.320000 
26.680000 23.320000 
26.700000 23.300000 
26.740000 23.260000 
26.720000 23.280000 
26.720000 23.280000 
26.720000 23.280000 
26.740000 23.260000 
26.760000 23.240000 
26.780000 23.220000 
26.740000 23.260000 
26.720000 23.280000 
26.680000 23.320000 
26.680000 23.320000 
26.680000 23.320000 
26.660000 23.340000 
26.700000 23.300000 
26.700000 23.300000 
26.680000 23.320000 
26.700000 23.300000 
26.700000 23.300000 
26.680000 23.320000 
26.600000 23.400000 
26.580000 23.420000 
26.560000 23.440000 
26.540000 23.460000 
26.520000 23.480000 
26.580000 23.420000 
26.540000 23.460000 
26.600000 23.400000 
26.560000 23.440000 
26.520000 23.480000 
26.520000 23.480000 
26.560000 23.440000 
26.520000 23.480000 
26.540000 23.460000 
26.540000 23.460000 
26.480000 23.520000 
26.460000 23.540000 
26.440000 23.560000 
26.400000 23.600000 
26.440000 23.560000 
26.420000 23.580000 
26.420000 23.580000 
26.400000 23.600000 
26.400000 23.600000 
26.380000 23.620000 
26.400000 23.600000 
26.380000 23.620000 
26.420000 23.580000 
26.380000 23.620000 
26.400000 23.600000 
26.420000 23.580000 
26.420000 23.580000 
26.420000 23.580000 
26.400000 23.600000 
26.420000 23.580000 
26.440000 23.560000 
26.440000 23.560000 
26.440000 23.560000 
26.420000 23.580000 
26.460000 23.540000 
26.420000 23.580000 
26.400000 23.600000 
26.400000 23.600000 
26.340000 23.660000 
26.380000 23.620000 
26.380000 23.620000 
26.360000 23.640000 
26.360000 23.640000 
26.320000 23.680000 
26.340000 23.660000 
26.380000 23.620000 
26.380000 23.620000 
26.400000 23.600000 
26.420000 23.580000 
26.380000 23.620000 
26.380000 23.620000 
26.380000 23.620000 
26.380000 23.620000 
26.400000 23.600000 
26.400000 23.600000 
26.440000 23.560000 
26.420000 23.580000 
26.400000 23.600000 
26.380000 23.620000 
26.340000 23.660000 
26.340000 23.660000 
26.340000 23.660000 
26.360000 23.640000 
26.380000 23.620000 
26.340000 23.660000 
26.400000 23.600000 
26.400000 23.600000 
26.380000 23.620000 
26.360000 23.640000 
26.380000 23.620000 
26.380000 23.620000 
26.360000 23.640000 
26.360000 23.640000 
26.340000 23.660000 
26.340000 23.660000 
26.360000 23.640000 
26.380000 23.620000 
26.380000 23.620000 
26.380000 23.620000 
26.380000 23.620000 
26.380000 23.620000 
26.400000 23.600000 
26.360000 23.640000 
26.340000 23.660000 
26.340000 23.660000 
26.340000 23.660000 
26.380000 23.620000 
26.360000 23.640000 
26.400000 23.600000 
26.380000 23.620000 
26.400000 23.600000 
26.380000 23.620000 
26.380000 23.620000 
26.340000 23.660000 
26.320000 23.680000 
26.320000 23.680000 
26.300000 23.700000 
26.280000 23.720000 
26.260000 23.740000 
26.200000 23.800000 
26.180000 23.820000 
26.200000 23.800000 
26.200000 23.800000 
26.160000 23.840000 
26.160000 23.840000 
26.160000 23.840000 
26.160000 23.840000 
26.160000 23.840000 
26.160000 23.840000 
26.160000 23.840000 
26.180000 23.820000 
26.180000 23.820000 
26.160000 23.840000 
26.140000 23.860000 
26.140000 23.860000 
26.140000 23.860000 
26.140000 23.860000 
26.120000 23.880000 
26.080000 23.920000 
26.080000 23.920000 
26.060000 23.940000 
26.060000 23.940000 
26.060000 23.940000 
26.060000 23.940000 
26.080000 23.920000 
26.060000 23.940000 
26.080000 23.920000 
26.080000 23.920000 
26.080000 23.920000 
26.100000 23.900000 
26.080000 23.920000 
26.100000 23.900000 
26.100000 23.900000 
26.100000 23.900000 
26.100000 23.900000 
26.120000 23.880000 
26.120000 23.880000 
26.140000 23.860000 
26.140000 23.860000 
26.140000 23.860000 
26.140000 23.860000 
26.120000 23.880000 
26.120000 23.880000 
26.100000 23.900000 
26.080000 23.920000 
26.080000 23.920000 
26.080000 23.920000 
26.080000 23.920000 
26.040000 23.960000 
26.040000 23.960000 
26.040000 23.960000 
26.020000 23.980000 
26.020000 23.980000 
26.020000 23.980000 
26.040000 23.960000 
26.020000 23.980000 
26.040000 23.960000 
26.020000 23.980000 
26.000000 24.000000 
26.020000 23.980000 
26.000000 24.000000 
26.020000 23.980000 
26.020000 23.980000 
26.020000 23.980000 
26.040000 23.960000 
26.020000 23.980000 
26.000000 24.000000 
26.000000 24.000000 
26.020000 23.980000 
26.040000 23.960000 
25.980000 24.020000 
25.980000 24.020000 
25.980000 24.020000 
26.000000 24.000000 
26.000000 24.000000 
26.020000 23.980000 
26.040000 23.960000 
26.060000 23.940000 
26.060000 23.940000 
26.060000 23.940000 
26.060000 23.940000 
26.060000 23.940000 
26.020000 23.980000 
26.040000 23.960000 
26.040000 23.960000 
26.040000 23.960000 
26.040000 23.960000 
26.040000 23.960000 
26.040000 23.960000 
26.060000 23.940000 
26.080000 23.920000 
26.080000 23.920000 
26.100000 23.900000 
26.100000 23.900000 
26.100000 23.900000 
26.100000 23.900000 
26.100000 23.900000 
26.100000 23.900000 
26.100000 23.900000 
26.080000 23.920000 
26.060000 23.940000 
26.060000 23.940000 
26.040000 23.960000 
26.000000 24.000000 
25.980000 24.020000 
25.960000 24.040000 
25.960000 24.040000 
25.960000 24.040000 
25.980000 24.020000 
25.980000 24.020000 
25.980000 24.020000 
25.960000 24.040000 
25.960000 24.040000 
25.960000 24.040000 
25.960000 24.040000 
25.960000 24.040000 
25.960000 24.040000 
25.940000 24.060000 
25.940000 24.060000 
25.940000 24.060000 
25.940000 24.060000 
25.880000 24.120000 
25.880000 24.120000 
25.840000 24.160000 
25.840000 24.160000 
25.820000 24.180000 
25.840000 24.160000 
25.840000 24.160000 
25.820000 24.180000 
25.820000 24.180000 
25.840000 24.160000 
25.840000 24.160000 
25.840000 24.160000 
25.860000 24.140000 
25.860000 24.140000 
25.860000 24.140000 
25.880000 24.120000 
25.880000 24.120000 
25.900000 24.100000 
25.900000 24.100000 
25.920000 24.080000 
25.900000 24.100000 
25.920000 24.080000 
25.920000 24.080000 
25.900000 24.100000 
25.900000 24.100000 
25.900000 24.100000 
25.900000 24.100000 
25.900000 24.100000 
25.900000 24.100000 
25.900000 24.100000 
25.900000 24.100000 
25.900000 24.100000 
25.920000 24.080000 
25.920000 24.080000 
25.940000 24.060000 
25.920000 24.080000 
25.940000 24.060000 
25.920000 24.080000 
25.900000 24.100000 
25.900000 24.100000 
25.900000 24.100000 
25.900000 24.100000 
25.900000 24.100000 
25.880000 24.120000 
25.900000 24.100000 
25.900000 24.100000 
25.920000 24.080000 
25.900000 24.100000 
25.860000 24.140000 
25.820000 24.180000 
25.820000 24.180000 
25.820000 24.180000 
25.800000 24.200000 
25.800000 24.200000 
25.800000 24.200000 
25.780000 24.220000 
25.780000 24.220000 
25.780000 24.220000 
25.780000 24.220000 
25.760000 24.240000 
25.760000 24.240000 
25.780000 24.220000 
25.760000 24.240000 
25.760000 24.240000 
25.760000 24.240000 
25.760000 24.240000 
25.760000 24.240000 
25.760000 24.240000 
25.760000 24.240000 
25.760000 24.240000 
25.760000 24.240000 
25.740000 24.260000 
25.740000 24.260000 
25.740000 24.260000 
25.740000 24.260000 
25.720000 24.280000 
25.740000 24.260000 
25.740000 24.260000 
25.740000 24.260000 
25.720000 24.280000 
25.720000 24.280000 
25.720000 24.280000 
25.720000 24.280000 
25.720000 24.280000 
25.680000 24.320000 
25.660000 24.340000 
25.660000 24.340000 
25.660000 24.340000 
25.660000 24.340000 
25.660000 24.340000 
25.660000 24.340000 
25.660000 24.340000 
25.660000 24.340000 
25.660000 24.340000 
25.660000 24.340000 
25.660000 24.340000 
25.660000 24.340000 
25.660000 24.340000 
25.660000 24.340000 
25.660000 24.340000 
25.660000 24.340000 
25.660000 24.340000 
25.660000 24.340000 
25.660000 24.340000 
25.660000 24.340000 
25.660000 24.340000 
25.660000 24.340000 
25.660000 24.340000 
25.640000 24.360000 
25.640000 24.360000 
25.640000 24.360000 
25.640000 24.360000 
25.660000 24.340000 
25.660000 24.340000 
25.660000 24.340000 
25.660000 24.340000 
25.660000 24.340000 
25.680000 24.320000 
25.660000 24.340000 
25.640000 24.360000 
25.640000 24.360000 
25.640000 24.360000 
25.640000 24.360000 
25.620000 24.380000 
25.620000 24.380000 
25.560000 24.440000 
25.560000 24.440000 
25.600000 24.400000 
25.600000 24.400000 
25.600000 24.400000 
25.600000 24.400000 
25.600000 24.400000 
25.580000 24.420000 
25.580000 24.420000 
25.580000 24.420000 
25.580000 24.420000 
25.560000 24.440000 
25.580000 24.420000 
25.580000 24.420000 
25.580000 24.420000 
25.580000 24.420000 
25.580000 24.420000 
25.580000 24.420000 
25.580000 24.420000 
25.580000 24.420000 
25.580000 24.420000 
25.560000 24.440000 
25.560000 24.440000 
25.560000 24.440000 
25.560000 24.440000 
25.540000 24.460000 
25.540000 24.460000 
25.520000 24.480000 
25.520000 24.480000 
25.540000 24.460000 
25.540000 24.460000 
25.540000 24.460000 
25.540000 24.460000 
25.540000 24.460000 
25.560000 24.440000 
25.540000 24.460000 
25.540000 24.460000 
25.540000 24.460000 
25.540000 24.460000 
25.540000 24.460000 
25.560000 24.440000 
25.560000 24.440000 
25.560000 24.440000 
25.540000 24.460000 
25.540000 24.460000 
25.540000 24.460000 
25.540000 24.460000 
25.540000 24.460000 
25.520000 24.480000 
25.520000 24.480000 
25.480000 24.520000 
25.460000 24.540000 
25.460000 24.540000 
25.460000 24.540000 
25.460000 24.540000 
25.480000 24.520000 
25.480000 24.520000 
25.480000 24.520000 
25.480000 24.520000 
25.480000 24.520000 
25.480000 24.520000 
25.480000 24.520000 
25.480000 24.520000 
25.460000 24.540000 
25.460000 24.540000 
25.460000 24.540000 
25.460000 24.540000 
25.460000 24.540000 
25.460000 24.540000 
25.460000 24.540000 
25.460000 24.540000 
25.440000 24.560000 
25.440000 24.560000 
25.440000 24.560000 
25.440000 24.560000 
25.440000 24.560000 
25.440000 24.560000 
25.440000 24.560000 
25.440000 24.560000 
25.440000 24.560000 
25.420000 24.580000 
25.420000 24.580000 
25.420000 24.580000 
25.420000 24.580000 
25.420000 24.580000 
25.400000 24.600000 
25.360000 24.640000 
25.340000 24.660000 
25.340000 24.660000 
25.340000 24.660000 
25.340000 24.660000 
25.340000 24.660000 
25.320000 24.680000 
25.320000 24.680000 
25.320000 24.680000 
25.320000 24.680000 
25.320000 24.680000 
25.320000 24.680000 
25.320000 24.680000 
25.320000 24.680000 
25.320000 24.680000 
25.320000 24.680000 
25.320000 24.680000 
25.320000 24.680000 
25.320000 24.680000 
25.320000 24.680000 
25.300000 24.700000 
25.300000 24.700000 
25.300000 24.700000 
25.300000 24.700000 
25.300000 24.700000 
25.300000 24.700000 
25.300000 24.700000 
25.300000 24.700000 
25.300000 24.700000 
25.280000 24.720000 
25.280000 24.720000 
25.280000 24.720000 
25.280000 24.720000 
25.280000 24.720000 
25.280000 24.720000 
25.280000 24.720000 
25.280000 24.720000 
25.280000 24.720000 
25.280000 24.720000 
25.280000 24.720000 
25.280000 24.720000 
25.280000 24.720000 
25.280000 24.720000 
25.260000 24.740000 
25.260000 24.740000 
25.260000 24.740000 
25.260000 24.740000 
25.260000 24.740000 
25.280000 24.720000 
25.280000 24.720000 
25.280000 24.720000 
25.280000 24.720000 
25.280000 24.720000 
25.280000 24.720000 
25.280000 24.720000 
25.280000 24.720000 
25.280000 24.720000 
25.280000 24.720000 
25.280000 24.720000 
25.280000 24.720000 
25.280000 24.720000 
25.280000 24.720000 
25.280000 24.720000 
25.280000 24.720000 
25.280000 24.720000 
25.280000 24.720000 
25.280000 24.720000 
25.280000 24.720000 
25.280000 24.720000 
25.280000 24.720000 
25.280000 24.720000 
25.280000 24.720000 
25.280000 24.720000 
25.280000 24.720000 
25.280000 24.720000 
25.280000 24.720000 
25.280000 24.720000 
25.280000 24.720000 
25.280000 24.720000 
25.280000 24.720000 
25.280000 24.720000 
25.280000 24.720000 
25.280000 24.720000 
25.280000 24.720000 
25.280000 24.720000 
25.280000 24.720000 
25.260000 24.740000 
25.260000 24.740000 
25.260000 24.740000 
25.260000 24.740000 
25.260000 24.740000 
25.260000 24.740000 
25.260000 24.740000 
25.260000 24.740000 
25.260000 24.740000 
25.260000 24.740000 
25.260000 24.740000 
25.260000 24.740000 
25.260000 24.740000 
25.260000 24.740000 
25.260000 24.740000 
25.260000 24.740000 
25.260000 24.740000 
25.260000 24.740000 
25.240000 24.760000 
25.240000 24.760000 
25.240000 24.760000 
25.240000 24.760000 
25.220000 24.780000 
25.220000 24.780000 
25.220000 24.780000 
25.220000 24.780000 
25.220000 24.780000 
25.220000 24.780000 
25.220000 24.780000 
25.220000 24.780000 
25.220000 24.780000 
25.200000 24.800000 
25.200000 24.800000 
25.200000 24.800000 
25.200000 24.800000 
25.180000 24.820000 
25.180000 24.820000 
25.180000 24.820000 
25.180000 24.820000 
25.180000 24.820000 
25.180000 24.820000 
25.180000 24.820000 
25.200000 24.800000 
25.200000 24.800000 
25.200000 24.800000 
25.200000 24.800000 
25.200000 24.800000 
25.200000 24.800000 
25.200000 24.800000 
25.200000 24.800000 
25.200000 24.800000 
25.200000 24.800000 
25.160000 24.840000 
25.140000 24.860000 
25.140000 24.860000 
25.140000 24.860000 
25.140000 24.860000 
25.140000 24.860000 
25.140000 24.860000 
25.140000 24.860000 
25.140000 24.860000 
25.140000 24.860000 
25.140000 24.860000 
25.140000 24.860000 
25.140000 24.860000 
25.140000 24.860000 
25.140000 24.860000 
25.140000 24.860000 
25.140000 24.860000 
25.140000 24.860000 
25.140000 24.860000 
25.140000 24.860000 
25.140000 24.860000 
25.140000 24.860000 
25.140000 24.860000 
25.140000 24.860000 
25.140000 24.860000 
25.140000 24.860000 
25.140000 24.860000 
25.140000 24.860000 
25.140000 24.860000 
25.140000 24.860000 
25.140000 24.860000 
25.140000 24.860000 
25.140000 24.860000 
25.140000 24.860000 
25.140000 24.860000 
25.140000 24.860000 
25.140000 24.860000 
25.140000 24.860000 
25.160000 24.840000 
25.160000 24.840000 
25.160000 24.840000 
25.160000 24.840000 
25.160000 24.840000 
25.160000 24.840000 
25.160000 24.840000 
25.160000 24.840000 
25.160000 24.840000 
25.160000 24.840000 
25.160000 24.840000 
25.160000 24.840000 
25.160000 24.840000 
25.160000 24.840000 
25.140000 24.860000 
25.140000 24.860000 
25.140000 24.860000 
25.140000 24.860000 
25.140000 24.860000 
25.140000 24.860000 
25.140000 24.860000 
25.140000 24.860000 
25.140000 24.860000 
25.140000 24.860000 
25.140000 24.860000 
25.140000 24.860000 
25.140000 24.860000 
25.140000 24.860000 
25.140000 24.860000 
25.140000 24.860000 
25.140000 24.860000 
25.140000 24.860000 
25.140000 24.860000 
25.140000 24.860000 
25.140000 24.860000 
25.140000 24.860000 
25.120000 24.880000 
25.120000 24.880000 
25.120000 24.880000 
25.120000 24.880000 
25.120000 24.880000 
25.120000 24.880000 
25.120000 24.880000 
25.120000 24.880000 
25.120000 24.880000 
25.120000 24.880000 
25.120000 24.880000 
25.120000 24.880000 
25.120000 24.880000 
25.120000 24.880000 
25.120000 24.880000 
25.100000 24.900000 
25.100000 24.900000 
25.100000 24.900000 
25.100000 24.900000 
25.100000 24.900000 
25.100000 24.900000 
25.100000 24.900000 
25.100000 24.900000 
25.100000 24.900000 
25.100000 24.900000 
25.100000 24.900000 
25.100000 24.900000 
25.100000 24.900000 
25.100000 24.900000 
25.100000 24.900000 
25.100000 24.900000 
25.100000 24.900000 
25.100000 24.900000 
25.100000 24.900000 
25.100000 24.900000 
25.100000 24.900000 
25.100000 24.900000 
25.100000 24.900000 
25.100000 24.900000 
25.100000 24.900000 
25.100000 24.900000 
25.100000 24.900000 
25.100000 24.900000 
25.100000 24.900000 
25.100000 24.900000 
25.100000 24.900000 
25.100000 24.900000 
25.080000 24.920000 
25.080000 24.920000 
25.080000 24.920000 
25.080000 24.920000 
25.080000 24.920000 
25.080000 24.920000 
25.080000 24.920000 
25.080000 24.920000 
25.080000 24.920000 
25.080000 24.920000 
25.080000 24.920000 
25.080000 24.920000 
25.060000 24.940000 
25.060000 24.940000 
25.060000 24.940000 
25.060000 24.940000 
25.060000 24.940000 
25.060000 24.940000 
25.060000 24.940000 
25.060000 24.940000 
25.060000 24.940000 
25.060000 24.940000 
25.060000 24.940000 
25.060000 24.940000 
25.060000 24.940000 
25.060000 24.940000 
25.060000 24.940000 
25.060000 24.940000 
25.060000 24.940000 
25.060000 24.940000 
25.060000 24.940000 
25.060000 24.940000 
25.060000 24.940000 
25.060000 24.940000 
25.060000 24.940000 
25.060000 24.940000 
25.060000 24.940000 
25.060000 24.940000 
25.060000 24.940000 
25.060000 24.940000 
25.060000 24.940000 
25.060000 24.940000 
25.060000 24.940000 
25.060000 24.940000 
25.060000 24.940000 
25.060000 24.940000 
25.060000 24.940000 
25.060000 24.940000 
25.060000 24.940000 
25.060000 24.940000 
25.060000 24.940000 
25.060000 24.940000 
25.060000 24.940000 
25.060000 24.940000 
25.060000 24.940000 
25.060000 24.940000 
25.060000 24.940000 
25.060000 24.940000 
25.060000 24.940000 
25.060000 24.940000 
25.060000 24.940000 
25.060000 24.940000 
25.060000 24.940000 
25.060000 24.940000 
25.080000 24.920000 
25.080000 24.920000 
25.080000 24.920000 
25.080000 24.920000 
25.080000 24.920000 
25.080000 24.920000 
25.080000 24.920000 
25.080000 24.920000 
25.080000 24.920000 
25.080000 24.920000 
25.080000 24.920000 
25.080000 24.920000 
25.060000 24.940000 
25.060000 24.940000 
25.060000 24.940000 
25.060000 24.940000 
25.060000 24.940000 
25.060000 24.940000 
25.060000 24.940000 
25.060000 24.940000 
25.060000 24.940000 
25.060000 24.940000 
25.060000 24.940000 
25.060000 24.940000 
25.060000 24.940000 
25.060000 24.940000 
25.060000 24.940000 
25.060000 24.940000 
25.060000 24.940000 
25.060000 24.940000 
25.060000 24.940000 
25.060000 24.940000 
