137.771225 
137.742706 
137.933441 
138.237762 
138.453506 
138.564331 
139.126053 
139.327057 
139.652740 
139.906769 
139.992462 
140.439728 
140.970001 
140.948288 
141.368042 
141.668365 
141.664642 
142.107391 
142.227234 
142.663559 
142.951202 
143.082733 
143.382294 
143.438278 
143.642059 
143.781845 
144.337662 
144.464462 
144.776276 
144.741165 
144.672775 
144.764557 
144.703949 
144.645096 
144.910400 
144.890244 
145.097015 
145.282089 
145.306213 
145.375366 
145.536896 
145.477356 
145.791672 
145.797638 
146.018768 
146.306000 
146.378738 
146.485886 
146.575226 
146.651001 
147.022537 
147.225098 
147.106735 
147.194153 
147.298920 
147.461029 
147.627625 
147.695496 
147.949554 
147.906219 
147.975815 
147.945984 
148.177582 
148.177582 
148.232697 
148.091522 
148.392914 
148.648056 
149.008102 
148.952789 
148.782272 
149.042480 
149.055359 
149.290985 
149.572845 
149.630142 
149.922455 
150.041351 
149.904099 
149.904099 
150.053146 
150.197052 
150.146454 
150.075836 
150.055450 
150.015549 
150.242661 
150.138824 
150.009140 
150.148407 
150.011887 
150.155441 
150.070877 
150.447296 
150.600632 
150.691895 
150.658127 
150.799408 
150.901947 
150.901947 
151.056976 
151.204666 
151.137604 
150.941208 
150.828445 
150.736832 
150.864944 
151.007065 
151.292877 
151.268387 
151.378937 
151.378937 
151.271133 
151.211594 
151.486130 
151.342255 
151.423553 
151.502655 
151.643936 
151.564163 
151.671600 
151.599197 
151.599197 
151.599197 
151.694427 
151.663284 
151.610291 
151.565109 
151.811737 
152.098206 
152.052582 
152.159988 
152.270447 
152.297302 
152.287689 
152.296844 
152.386963 
152.494995 
152.602570 
152.617767 
152.617767 
152.698288 
152.698288 
153.085297 
153.085297 
152.767212 
152.590744 
152.517014 
152.481857 
152.454681 
152.607758 
152.688187 
152.615067 
152.615067 
152.605133 
152.475830 
152.679688 
152.821365 
152.692474 
152.837967 
152.800705 
152.855255 
152.853058 
153.056305 
153.195343 
153.165543 
153.089798 
153.231949 
153.227661 
153.375580 
153.491501 
153.534836 
153.534836 
153.684998 
153.684998 
153.639709 
153.615860 
153.483337 
153.908768 
153.908768 
153.839020 
153.753021 
153.873245 
153.800827 
153.800827 
153.800827 
153.708038 
153.807617 
154.023651 
154.216568 
154.124573 
154.416534 
154.558701 
154.646027 
154.712662 
154.823914 
154.823914 
154.966049 
154.966049 
154.929993 
154.845428 
154.566177 
154.831436 
154.948334 
154.948334 
155.087921 
155.230087 
155.230087 
155.375946 
155.375946 
155.375946 
155.654739 
155.654739 
155.654739 
155.654739 
155.738388 
155.634552 
155.448792 
155.740829 
155.682632 
155.682632 
155.533218 
155.548157 
155.375015 
155.516296 
155.516296 
155.516296 
155.516296 
155.573334 
155.573334 
155.573334 
155.368057 
155.368057 
155.368057 
155.655792 
155.795670 
155.668106 
155.779938 
155.779938 
155.779938 
155.772278 
155.772278 
155.802475 
155.946945 
155.892715 
155.792862 
155.690353 
155.690353 
155.526093 
155.437546 
155.437546 
155.421799 
155.376526 
155.376526 
155.657745 
155.798477 
155.731354 
155.538971 
155.556290 
155.556290 
155.345062 
155.245209 
155.302963 
155.302963 
155.581696 
155.722183 
155.722183 
155.722183 
155.581314 
155.581314 
155.581314 
155.496735 
155.496735 
155.496735 
155.438751 
155.722626 
155.722626 
155.532883 
155.815796 
155.955139 
155.955139 
155.851334 
155.851334 
155.995697 
155.995697 
155.869812 
156.016174 
155.982925 
155.982925 
155.883408 
155.895233 
155.978058 
155.978058 
155.978058 
155.978058 
155.875580 
155.793640 
155.793640 
155.793640 
155.585968 
155.736145 
155.634979 
155.634979 
155.634979 
155.649673 
155.649673 
155.649673 
155.396820 
155.396820 
155.342560 
155.342560 
155.342560 
155.484726 
155.484726 
155.509018 
155.653412 
155.714050 
155.587830 
155.731796 
155.872696 
155.872696 
155.872696 
155.612564 
155.359756 
155.359756 
155.229523 
155.378082 
155.378082 
155.272934 
155.414215 
155.329651 
155.329651 
155.329651 
155.246414 
155.246414 
155.246414 
155.086105 
155.086105 
154.962341 
154.833466 
154.872192 
154.872192 
154.891403 
154.891403 
154.824295 
154.862823 
154.862823 
154.795700 
154.935135 
155.077316 
155.077316 
155.077316 
155.077316 
155.218262 
155.218262 
155.052689 
155.090088 
155.090088 
155.109787 
155.109787 
155.391266 
155.391266 
155.530487 
155.429291 
155.429291 
155.569122 
155.569122 
155.601685 
155.437424 
155.437424 
155.437424 
155.500977 
155.500977 
155.500977 
155.642731 
155.542862 
155.542862 
155.683807 
155.683807 
155.683807 
155.824127 
155.824127 
155.967407 
155.967407 
155.967407 
155.967407 
155.967407 
155.967407 
155.842499 
155.842499 
155.760574 
155.760574 
155.675995 
155.675995 
155.265900 
155.265900 
155.405182 
155.294128 
155.294128 
155.294128 
155.294128 
155.294128 
155.294128 
155.294128 
155.294128 
155.294128 
155.294128 
155.294128 
155.294128 
155.170547 
155.170547 
155.068039 
155.207672 
155.207672 
155.350250 
155.635910 
155.635910 
155.635910 
155.534729 
155.534729 
155.534729 
155.147034 
155.147034 
155.147034 
154.985428 
155.129059 
155.268906 
155.419067 
155.419067 
155.296814 
155.296814 
155.435822 
155.435822 
155.335968 
155.335968 
155.255356 
155.255356 
155.255356 
155.093750 
155.375748 
155.375748 
155.375748 
155.375748 
155.253494 
155.253494 
155.030060 
155.030060 
155.030060 
155.030060 
155.030060 
155.172195 
155.172195 
155.172195 
155.172195 
155.009262 
155.009262 
155.009262 
155.009262 
154.886993 
154.806396 
154.806396 
155.086914 
154.985733 
155.126251 
154.964645 
154.964645 
154.964645 
154.964645 
154.964645 
154.964645 
154.964645 
154.964645 
154.964645 
155.103912 
155.103912 
155.103912 
155.103912 
155.243988 
155.243988 
155.243988 
155.243988 
155.082367 
155.082367 
155.082367 
155.082367 
155.082367 
155.082367 
155.082367 
155.221649 
155.221649 
155.221649 
155.221649 
155.361465 
155.361465 
155.361465 
155.361465 
155.500381 
155.500381 
155.500381 
155.500381 
155.500381 
155.500381 
155.500381 
155.500381 
155.500381 
155.639465 
155.639465 
155.639465 
155.639465 
155.639465 
155.639465 
155.639465 
155.639465 
155.639465 
155.639465 
155.639465 
155.639465 
155.639465 
155.479187 
155.479187 
155.354263 
155.354263 
155.354263 
155.354263 
155.354263 
155.255722 
155.255722 
155.157196 
154.995590 
154.995590 
155.135895 
155.135895 
155.135895 
155.280258 
155.280258 
155.280258 
155.280258 
155.280258 
155.280258 
155.280258 
155.156677 
155.156677 
155.156677 
155.156677 
155.156677 
155.156677 
155.156677 
155.156677 
155.201797 
155.201797 
155.201797 
155.201797 
155.201797 
155.201797 
155.201797 
155.201797 
155.201797 
155.201797 
155.201797 
155.201797 
155.201797 
155.079559 
155.079559 
155.079559 
155.079559 
155.079559 
154.916626 
154.916626 
154.916626 
154.916626 
154.916626 
154.916626 
154.916626 
154.916626 
154.916626 
154.916626 
154.916626 
154.756348 
154.756348 
154.756348 
154.756348 
154.756348 
154.756348 
154.756348 
154.756348 
154.756348 
154.756348 
154.895721 
154.895721 
154.895721 
154.895721 
154.732788 
154.732788 
154.732788 
154.732788 
154.732788 
154.732788 
154.732788 
154.732788 
154.872040 
154.872040 
155.010925 
155.010925 
155.010925 
155.149994 
154.989716 
154.989716 
154.989716 
154.989716 
154.989716 
154.989716 
154.864807 
154.864807 
155.003479 
155.003479 
155.003479 
155.003479 
155.003479 
155.003479 
154.879898 
154.879898 
154.879898 
154.756317 
154.634064 
154.634064 
154.634064 
154.634064 
154.634064 
154.634064 
154.634064 
154.634064 
154.634064 
154.634064 
154.634064 
154.634064 
154.472443 
154.472443 
154.472443 
154.472443 
154.472443 
154.472443 
154.472443 
154.616425 
154.616425 
154.616425 
154.616425 
154.616425 
154.616425 
154.294540 
154.433426 
154.433426 
154.433426 
154.433426 
154.433426 
154.273148 
154.411789 
154.411789 
154.411789 
154.411789 
154.411789 
154.411789 
154.411789 
154.411789 
154.411789 
154.550735 
154.550735 
154.550735 
154.550735 
154.550735 
154.550735 
154.550735 
154.550735 
154.690887 
154.690887 
154.690887 
154.690887 
154.690887 
154.690887 
154.690887 
154.690887 
154.690887 
154.690887 
154.690887 
154.690887 
154.829987 
154.829987 
154.829987 
154.829987 
154.829987 
154.829987 
154.829987 
154.829987 
154.829987 
154.829987 
154.829987 
154.829987 
154.829987 
154.829987 
154.829987 
154.969025 
154.846771 
154.846771 
154.846771 
154.846771 
154.846771 
154.846771 
154.846771 
154.846771 
154.846771 
154.846771 
154.846771 
154.846771 
154.846771 
154.846771 
154.985626 
154.985626 
154.863373 
154.863373 
154.863373 
154.863373 
154.863373 
154.863373 
154.863373 
154.863373 
154.863373 
154.863373 
154.863373 
154.863373 
154.863373 
154.863373 
154.863373 
154.863373 
154.863373 
154.741119 
154.741119 
154.741119 
154.741119 
154.741119 
154.741119 
154.741119 
154.741119 
154.880264 
154.880264 
154.880264 
154.880264 
154.880264 
154.880264 
154.880264 
154.880264 
154.880264 
154.880264 
154.922943 
154.922943 
154.922943 
154.922943 
154.922943 
155.062836 
155.062836 
155.062836 
155.062836 
155.062836 
155.062836 
155.062836 
155.062836 
155.062836 
155.062836 
154.940582 
154.940582 
154.940582 
154.940582 
154.940582 
154.940582 
155.080109 
155.080109 
155.080109 
155.080109 
155.080109 
155.080109 
155.080109 
155.080109 
155.080109 
155.080109 
155.080109 
155.080109 
155.080109 
155.080109 
155.080109 
155.080109 
155.080109 
155.080109 
155.080109 
155.080109 
155.080109 
155.080109 
155.080109 
155.080109 
155.080109 
155.080109 
155.080109 
155.080109 
154.919830 
154.919830 
154.919830 
154.919830 
154.919830 
154.919830 
154.919830 
154.919830 
154.919830 
154.919830 
154.919830 
154.919830 
154.919830 
154.919830 
154.919830 
154.919830 
154.919830 
154.919830 
154.797577 
154.797577 
154.797577 
154.797577 
154.797577 
154.797577 
154.937134 
154.937134 
154.937134 
154.937134 
154.937134 
154.937134 
154.937134 
154.937134 
154.937134 
154.937134 
154.937134 
154.937134 
154.937134 
154.937134 
154.937134 
154.937134 
154.937134 
154.937134 
154.937134 
154.937134 
154.937134 
154.937134 
154.937134 
154.937134 
154.937134 
154.937134 
154.937134 
154.937134 
154.937134 
154.937134 
154.937134 
154.937134 
154.937134 
154.937134 
155.075806 
155.075806 
155.075806 
155.075806 
155.075806 
155.075806 
155.075806 
155.075806 
155.075806 
155.075806 
155.075806 
155.075806 
155.075806 
155.075806 
155.075806 
155.075806 
155.075806 
155.075806 
155.075806 
155.075806 
155.075806 
155.075806 
155.075806 
155.075806 
155.075806 
155.075806 
155.075806 
155.075806 
155.075806 
155.075806 
155.075806 
155.075806 
155.075806 
155.075806 
155.075806 
155.075806 
155.075806 
155.075806 
155.075806 
155.215652 
155.055374 
155.055374 
155.055374 
155.055374 
155.055374 
155.055374 
155.055374 
155.055374 
155.055374 
155.055374 
155.055374 
155.055374 
155.055374 
154.895081 
154.895081 
154.895081 
154.895081 
154.895081 
154.895081 
154.895081 
154.895081 
154.895081 
154.895081 
154.895081 
154.895081 
154.895081 
154.895081 
154.895081 
154.895081 
154.895081 
154.895081 
154.895081 
154.895081 
154.734787 
154.734787 
154.734787 
154.734787 
154.734787 
154.734787 
154.734787 
154.734787 
154.734787 
154.734787 
154.734787 
154.734787 
154.734787 
154.734787 
154.734787 
154.734787 
154.734787 
154.734787 
154.734787 
154.734787 
154.734787 
154.734787 
154.734787 
154.734787 
154.734787 
154.734787 
154.734787 
154.734787 
154.734787 
154.734787 
154.734787 
154.734787 
154.734787 
154.734787 
154.734787 
154.734787 
154.734787 
154.734787 
154.734787 
154.734787 
154.734787 
154.414230 
154.414230 
154.414230 
154.414230 
154.553497 
154.553497 
154.553497 
154.553497 
154.553497 
154.553497 
154.553497 
154.553497 
154.553497 
154.553497 
154.553497 
154.553497 
154.553497 
154.553497 
154.553497 
154.553497 
154.553497 
154.553497 
154.393219 
154.393219 
154.393219 
154.393219 
154.393219 
154.393219 
