65.253186	73.010583

68.956439	69.660107

69.980969	68.571265

70.988031	67.463770

70.988031	67.463770

70.988031	67.463770

70.988031	67.463770

72.584039	65.517859

71.856378	66.199756

69.997046	67.871680

70.081213	67.222766

70.390192	66.817139

70.684363	66.387823

71.861035	64.670563

71.861035	64.670563

71.861035	64.670563

71.861035	64.670563

71.861035	64.670563

71.861035	64.670563

70.259851	65.927527

69.859558	66.241772

69.859558	66.241772

71.273254	63.977411

72.619275	61.566614

72.619275	61.566614

72.619275	61.566614

73.618909	59.426501

75.118359	56.216339

75.118359	56.216339

75.118359	56.216339

75.118359	56.216339

74.292181	56.835864

73.052911	57.765149

73.052911	57.765149

74.224548	54.769415

74.224548	54.769415

74.224548	54.769415

74.224548	54.769415

72.477966	55.962744

72.041315	56.261072

72.041315	56.261072

72.041315	56.261072

72.041315	56.261072

71.575159	56.546075

69.710559	57.686084

69.710559	57.686084

69.710559	57.686084

67.211853	59.047058

67.904834	57.092206

68.366821	55.788965

68.366821	55.788965

68.366821	55.788965

68.366821	55.788965

68.366821	55.788965

68.366821	55.788965

68.366821	55.788965

68.366821	55.788965

68.366821	55.788965

68.366821	55.788965

68.366821	55.788965

68.366821	55.788965

68.366821	55.788965

68.366821	55.788965

68.366821	55.788965

68.366821	55.788965

66.221997	56.838708

66.798206	53.437585

66.798206	53.437585

66.798206	53.437585

66.798206	53.437585

66.798206	53.437585

65.636536	53.943854

63.894037	54.703253

62.611853	55.186578

60.688586	55.911566

60.688586	55.911566

60.688586	55.911566

60.688586	55.911566

60.688586	55.911566

60.688586	55.911566

60.688586	55.911566

60.688586	55.911566

60.688586	55.911566

60.688586	55.911566

60.688586	55.911566

60.688586	55.911566

60.688586	55.911566

60.688586	55.911566

60.688586	55.911566

60.688586	55.911566

60.688586	55.911566

60.688586	55.911566

61.122656	54.174042

61.773773	51.567761

61.773773	51.567761

61.773773	51.567761

61.773773	51.567761

61.773773	51.567761

61.773773	51.567761

61.773773	51.567761

61.773773	51.567761

61.773773	51.567761

61.773773	51.567761

61.773773	51.567761

61.773773	51.567761

61.773773	51.567761

61.773773	51.567761

59.607227	52.267212

58.162854	52.733508

58.162854	52.733508

58.162854	52.733508

58.162854	52.733508

58.162854	52.733508

58.162854	52.733508

58.162854	52.733508

57.299359	52.955884

53.845367	53.845367

53.845367	53.845367

53.845367	53.845367

53.845367	53.845367

53.845367	53.845367

53.845367	53.845367

53.845367	53.845367

53.845367	53.845367

53.845367	53.845367

53.845367	53.845367

53.845367	53.845367

53.845367	53.845367

53.845367	53.845367

53.845367	53.845367

53.845367	53.845367

53.845367	53.845367

53.845367	53.845367

53.845367	53.845367

53.845367	53.845367

53.845367	53.845367

53.845367	53.845367

53.845367	53.845367

53.845367	53.845367

53.845367	53.845367

53.845367	53.845367

53.845367	53.845367

53.845367	53.845367

53.845367	53.845367

53.845367	53.845367

53.845367	53.845367

53.845367	53.845367

53.845367	53.845367

53.845367	53.845367

53.845367	53.845367

53.845367	53.845367

53.845367	53.845367

53.845367	53.845367

53.845367	53.845367

53.845367	53.845367

53.845367	53.845367

53.845367	53.845367

53.845367	53.845367

53.845367	53.845367

53.845367	53.845367

53.845367	53.845367

53.845367	53.845367

53.845367	53.845367

53.845367	53.845367

53.845367	53.845367

53.845367	53.845367

53.845367	53.845367

53.845367	53.845367

53.845367	53.845367

53.845367	53.845367

53.845367	53.845367

53.845367	53.845367

53.845367	53.845367

53.845367	53.845367

53.845367	53.845367

53.845367	53.845367

53.845367	53.845367

53.845367	53.845367

53.845367	53.845367

53.845367	53.845367

53.845367	53.845367

53.845367	53.845367

53.845367	53.845367

53.845367	53.845367

53.845367	53.845367

53.845367	53.845367

53.845367	53.845367

53.845367	53.845367

53.845367	53.845367

53.845367	53.845367

53.845367	53.845367

53.845367	53.845367

53.845367	53.845367

53.845367	53.845367

53.845367	53.845367

53.845367	53.845367

53.845367	53.845367

53.845367	53.845367

53.845367	53.845367

53.845367	53.845367

72.709601	65.666321

72.727142	65.684912

70.988031	67.463770

71.307233	67.074585

72.584039	65.517859

73.494763	64.285388

74.101917	63.463733

74.679297	62.594843

75.545361	61.291510

75.545361	61.291510

73.753601	63.021899

73.753601	63.021899

73.753601	63.021899

73.753601	63.021899

72.662970	63.278381

71.273254	63.977411

71.273254	63.977411

71.273254	63.977411

71.273254	63.977411

71.273254	63.977411

71.273254	63.977411

71.273254	63.977411

71.273254	63.977411

69.166412	65.488007

70.254108	63.569696

70.526038	63.090112

71.302875	61.551141

70.494153	61.404962

69.609747	61.991498

68.194855	62.831116

67.251593	63.390863

67.251593	63.390863

67.251593	63.390863

67.251593	63.390863

67.252954	62.566730

65.998834	62.004572

65.998834	62.004572

65.998834	62.004572

65.998834	62.004572

65.998834	62.004572

65.998834	62.004572

65.998834	62.004572

65.998834	62.004572

66.969250	59.638562

67.211853	59.047058

67.211853	59.047058

66.133997	59.566772

64.517224	60.346338

64.517224	60.346338

64.517224	60.346338

64.517224	60.346338

64.517224	60.346338

64.517224	60.346338

64.517224	60.346338

64.517224	60.346338

64.517224	60.346338

64.517224	60.346338

64.517224	60.346338

64.517224	60.346338

64.517224	60.346338

64.517224	60.346338

64.517224	60.346338

64.517224	60.346338

64.517224	60.346338

64.517224	60.346338

64.517224	60.346338

64.517224	60.346338

64.517224	60.346338

64.517224	60.346338

64.517224	60.346338

64.517224	60.346338

64.517224	60.346338

64.750940	59.697302

65.685797	57.101147

65.685797	57.101147

65.685797	57.101147

65.685797	57.101147

65.685797	57.101147

65.685797	57.101147

65.685797	57.101147

65.685797	57.101147

62.768030	58.353912

62.768030	58.353912

62.768030	58.353912

61.480475	58.832007

59.549152	59.549152

59.549152	59.549152

59.549152	59.549152

59.549152	59.549152

59.549152	59.549152

59.549152	59.549152

58.821637	59.777039

55.911566	60.688586

55.911566	60.688586

55.911566	60.688586

55.911566	60.688586

55.911566	60.688586

55.911566	60.688586

55.911566	60.688586

55.911566	60.688586

55.911566	60.688586

55.911566	60.688586

55.911566	60.688586

56.372638	59.238849

57.064246	57.064246

57.064246	57.064246

57.064246	57.064246

57.064246	57.064246

57.064246	57.064246

57.064246	57.064246

57.064246	57.064246

57.064246	57.064246

57.064246	57.064246

57.064246	57.064246

57.064246	57.064246

57.064246	57.064246

57.064246	57.064246

57.064246	57.064246

57.064246	57.064246

57.064246	57.064246

57.064246	57.064246

57.064246	57.064246

57.064246	57.064246

57.064246	57.064246

57.064246	57.064246

57.064246	57.064246

57.064246	57.064246

57.064246	57.064246

57.064246	57.064246

57.064246	57.064246

57.064246	57.064246

57.064246	57.064246

57.064246	57.064246

57.064246	57.064246

57.064246	57.064246

57.064246	57.064246

57.064246	57.064246

57.064246	57.064246

57.064246	57.064246

57.064246	57.064246

57.064246	57.064246

57.064246	57.064246

57.064246	57.064246

57.064246	57.064246

57.064246	57.064246

57.283966	56.198096

58.162854	52.733508

58.162854	52.733508

58.162854	52.733508

58.162854	52.733508

58.162854	52.733508

58.162854	52.733508

58.162854	52.733508

58.162854	52.733508

58.162854	52.733508

58.162854	52.733508

58.162854	52.733508

58.162854	52.733508

58.162854	52.733508

58.162854	52.733508

58.162854	52.733508

58.162854	52.733508

58.162854	52.733508

58.162854	52.733508

58.162854	52.733508

58.162854	52.733508

58.162854	52.733508

58.162854	52.733508

58.162854	52.733508

58.162854	52.733508

58.162854	52.733508

58.162854	52.733508

58.162854	52.733508

58.162854	52.733508

58.162854	52.733508

58.162854	52.733508

58.162854	52.733508

58.162854	52.733508

58.162854	52.733508

58.162854	52.733508

58.162854	52.733508

58.162854	52.733508

58.162854	52.733508

58.162854	52.733508

56.435864	53.178253

53.845367	53.845367

53.845367	53.845367

53.845367	53.845367

53.845367	53.845367

53.845367	53.845367

53.845367	53.845367

53.845367	53.845367

53.845367	53.845367

53.845367	53.845367

53.845367	53.845367

53.845367	53.845367

53.845367	53.845367

53.845367	53.845367

53.845367	53.845367

53.845367	53.845367

67.848944	70.667169

67.802100	70.621509

69.291235	68.582788

70.963721	65.934821

71.060449	65.299048

69.726410	65.336639

69.166412	65.488007

70.526038	63.090112

70.526038	63.090112

70.526038	63.090112

70.526038	63.090112

70.526038	63.090112

70.526038	63.090112

68.746344	64.252856

68.301416	64.543542

68.301416	64.543542

68.301416	64.543542

68.301416	64.543542

68.301416	64.543542

68.301416	64.543542

68.301416	64.543542

68.301416	64.543542

70.095642	60.853546

69.917865	59.809137

68.511139	60.656500

68.511139	60.656500

68.511139	60.656500

68.511139	60.656500

68.511139	60.656500

68.511139	60.656500

68.511139	60.656500

68.511139	60.656500

68.511139	60.656500

69.698907	57.625995

70.851721	54.415247

70.851721	54.415247

70.851721	54.415247

70.851721	54.415247

70.851721	54.415247

70.851721	54.415247

70.851721	54.415247

69.360779	55.239478

68.366821	55.788965

69.025983	53.583185

69.465430	52.112665

69.465430	52.112665

69.465430	52.112665

69.465430	52.112665

70.091711	49.483447

70.509229	47.730637

70.509229	47.730637

70.509229	47.730637

70.509229	47.730637

70.509229	47.730637

70.509229	47.730637

70.509229	47.730637

70.509229	47.730637

70.509229	47.730637

70.509229	47.730637

70.509229	47.730637

70.509229	47.730637

70.509229	47.730637

69.447937	48.265637

67.855994	49.068140

67.855994	49.068140

67.855994	49.068140

67.855994	49.068140

67.855994	49.068140

67.855994	49.068140

67.855994	49.068140

67.855994	49.068140

67.855994	49.068140

67.855994	49.068140

67.855994	49.068140

67.855994	49.068140

67.855994	49.068140

67.855994	49.068140

67.855994	49.068140

65.543701	50.090863

64.965625	50.346545

64.965625	50.346545

64.965625	50.346545

64.965625	50.346545

64.965625	50.346545

61.773773	51.567761

61.773773	51.567761

61.773773	51.567761

61.773773	51.567761

61.773773	51.567761

61.773773	51.567761

61.773773	51.567761

61.773773	51.567761

61.773773	51.567761

61.773773	51.567761

61.773773	51.567761

61.773773	51.567761

61.773773	51.567761

61.773773	51.567761

61.773773	51.567761

61.773773	51.567761

61.773773	51.567761

61.773773	51.567761

61.773773	51.567761

61.773773	51.567761

61.773773	51.567761

61.773773	51.567761

61.773773	51.567761

61.773773	51.567761

60.329407	52.034058

58.162854	52.733508

58.162854	52.733508

58.162854	52.733508

58.162854	52.733508

58.162854	52.733508

58.162854	52.733508

58.162854	52.733508

58.162854	52.733508

58.162854	52.733508

58.162854	52.733508

56.435864	53.178253

53.845367	53.845367

53.845367	53.845367

53.845367	53.845367

53.845367	53.845367

53.845367	53.845367

53.845367	53.845367

53.845367	53.845367

53.845367	53.845367

53.845367	53.845367

53.845367	53.845367

53.845367	53.845367

53.845367	53.845367

53.845367	53.845367

53.845367	53.845367

53.845367	53.845367

53.845367	53.845367

53.845367	53.845367

53.845367	53.845367

53.845367	53.845367

53.845367	53.845367

53.845367	53.845367

53.845367	53.845367

53.845367	53.845367

53.845367	53.845367

53.845367	53.845367

53.845367	53.845367

53.845367	53.845367

53.845367	53.845367

53.845367	53.845367

53.845367	53.845367

53.845367	53.845367

53.845367	53.845367

53.845367	53.845367

53.845367	53.845367

53.845367	53.845367

53.845367	53.845367

53.845367	53.845367

53.845367	53.845367

53.845367	53.845367

53.845367	53.845367

53.845367	53.845367

53.845367	53.845367

53.845367	53.845367

53.845367	53.845367

53.845367	53.845367

53.845367	53.845367

53.845367	53.845367

53.845367	53.845367

53.845367	53.845367

53.845367	53.845367

53.845367	53.845367

53.845367	53.845367

53.845367	53.845367

53.845367	53.845367

53.845367	53.845367

53.845367	53.845367

53.845367	53.845367

53.845367	53.845367

53.845367	53.845367

53.845367	53.845367

53.845367	53.845367

53.845367	53.845367

53.845367	53.845367

53.845367	53.845367

53.845367	53.845367

53.845367	53.845367

53.845367	53.845367

53.845367	53.845367

53.845367	53.845367

53.845367	53.845367

53.845367	53.845367

53.845367	53.845367

53.845367	53.845367

53.845367	53.845367

53.845367	53.845367

53.845367	53.845367

53.845367	53.845367

53.845367	53.845367

53.845367	53.845367

53.845367	53.845367

67.424872	69.562476

68.375281	68.375281

69.859558	66.241772

69.859558	66.241772

71.273254	63.977411

71.273254	63.977411

70.009149	64.883771

69.166412	65.488007

69.166412	65.488007

69.166412	65.488007

69.166412	65.488007

69.166412	65.488007

69.166412	65.488007

69.166412	65.488007

69.166412	65.488007

69.166412	65.488007

69.166412	65.488007

69.166412	65.488007

69.166412	65.488007

69.166412	65.488007

66.928369	66.928369

66.928369	66.928369

65.497473	67.752197

64.543542	68.301416

64.543542	68.301416

64.543542	68.301416

64.543542	68.301416

64.543542	68.301416

64.543542	68.301416

64.543542	68.301416

64.543542	68.301416

64.543542	68.301416

64.543542	68.301416

64.543542	68.301416

65.375323	66.878473

66.458539	64.914252

67.251593	63.390863

67.503503	62.843994

68.511139	60.656500

68.511139	60.656500

68.511139	60.656500

68.511139	60.656500

68.511139	60.656500

68.511139	60.656500

68.008679	60.926111

65.998834	62.004572

65.998834	62.004572

65.998834	62.004572

65.998834	62.004572

65.998834	62.004572

65.998834	62.004572

65.998834	62.004572

66.484039	60.821564

67.211853	59.047058

65.056152	60.086487

65.452081	57.750183

65.102246	57.351697

59.549152	59.549152

59.549152	59.549152

59.549152	59.549152

59.549152	59.549152

59.549152	59.549152

59.549152	59.549152

59.549152	59.549152

59.549152	59.549152

60.232813	57.366602

60.688586	55.911566

60.688586	55.911566

60.688586	55.911566

60.688586	55.911566

60.688586	55.911566

60.688586	55.911566

60.688586	55.911566

60.688586	55.911566

60.688586	55.911566

60.688586	55.911566

60.688586	55.911566

60.688586	55.911566

60.688586	55.911566

60.688586	55.911566

60.688586	55.911566

60.688586	55.911566

60.688586	55.911566

60.688586	55.911566

60.688586	55.911566

60.688586	55.911566

60.688586	55.911566

60.688586	55.911566

60.688586	55.911566

60.688586	55.911566

60.688586	55.911566

60.688586	55.911566

60.688586	55.911566

60.688586	55.911566

60.688586	55.911566

60.688586	55.911566

60.688586	55.911566

60.688586	55.911566

60.688586	55.911566

60.688586	55.911566

59.963715	56.142102

57.064246	57.064246

57.064246	57.064246

57.064246	57.064246

57.064246	57.064246

57.064246	57.064246

57.064246	57.064246

57.064246	57.064246

57.064246	57.064246

57.064246	57.064246

57.064246	57.064246

57.503687	55.331952

58.162854	52.733508

58.162854	52.733508

58.162854	52.733508

58.162854	52.733508

58.162854	52.733508

58.162854	52.733508

58.162854	52.733508

58.162854	52.733508

58.162854	52.733508

58.162854	52.733508

58.162854	52.733508

58.162854	52.733508

58.162854	52.733508

58.162854	52.733508

58.162854	52.733508

58.162854	52.733508

58.162854	52.733508

58.162854	52.733508

58.162854	52.733508

58.162854	52.733508

58.162854	52.733508

58.162854	52.733508

58.162854	52.733508

58.162854	52.733508

58.162854	52.733508

58.162854	52.733508

58.162854	52.733508

58.162854	52.733508

58.162854	52.733508

58.162854	52.733508

58.162854	52.733508

58.162854	52.733508

58.162854	52.733508

58.162854	52.733508

58.162854	52.733508

58.162854	52.733508

58.162854	52.733508

58.162854	52.733508

58.162854	52.733508

58.162854	52.733508

58.162854	52.733508

58.162854	52.733508

58.162854	52.733508

58.162854	52.733508

58.162854	52.733508

58.162854	52.733508

58.162854	52.733508

58.162854	52.733508

58.162854	52.733508

58.162854	52.733508

58.162854	52.733508

58.162854	52.733508

58.162854	52.733508

58.162854	52.733508

58.162854	52.733508

58.162854	52.733508

58.162854	52.733508

58.162854	52.733508

58.162854	52.733508

58.162854	52.733508

58.162854	52.733508

58.162854	52.733508

58.162854	52.733508

58.162854	52.733508

58.162854	52.733508

58.162854	52.733508

58.162854	52.733508

58.162854	52.733508

58.162854	52.733508

58.162854	52.733508

58.162854	52.733508

58.162854	52.733508

58.162854	52.733508

58.162854	52.733508

58.162854	52.733508

58.162854	52.733508

58.162854	52.733508

58.162854	52.733508

58.162854	52.733508

58.162854	52.733508

58.162854	52.733508

58.162854	52.733508

58.162854	52.733508

58.162854	52.733508

58.162854	52.733508

58.162854	52.733508

53.845367	53.845367

53.845367	53.845367

57.593622	77.163568

58.630579	76.085181

60.927875	73.408911

61.566614	72.619275

61.566614	72.619275

62.480713	71.363330

63.090112	70.526038

63.090112	70.526038

63.090112	70.526038

62.721631	69.531335

61.991498	69.609747

61.991498	69.609747

61.991498	69.609747

60.892590	70.108124

59.244226	70.855682

59.244226	70.855682

59.244226	70.855682

59.244226	70.855682

59.244226	70.855682

59.244226	70.855682

59.244226	70.855682

59.244226	70.855682

59.244226	70.855682

59.244226	70.855682

58.050964	71.329938

56.261072	72.041315

53.634338	72.943054

52.977655	73.168494

52.977655	73.168494

54.402472	70.818097

55.788965	68.366821

55.788965	68.366821

55.788965	68.366821

55.788965	68.366821

55.788965	68.366821

55.788965	68.366821

55.788965	68.366821

55.788965	68.366821

55.788965	68.366821

55.788965	68.366821

55.788965	68.366821

55.053705	68.586542

52.112665	69.465430

52.112665	69.465430

52.112665	69.465430

52.112665	69.465430

52.112665	69.465430

53.437585	66.798206

53.437585	66.798206

53.437585	66.798206

53.437585	66.798206

53.437585	66.798206

53.437585	66.798206

53.437585	66.798206

53.437585	66.798206

53.437585	66.798206

53.437585	66.798206

53.437585	66.798206

53.437585	66.798206

53.437585	66.798206

53.437585	66.798206

53.437585	66.798206

53.437585	66.798206

53.437585	66.798206

53.437585	66.798206

53.943854	65.636536

54.703253	63.894037

55.669904	61.329675

55.911566	60.688586

55.911566	60.688586

55.911566	60.688586

55.911566	60.688586

55.911566	60.688586

55.911566	60.688586

55.911566	60.688586

55.911566	60.688586

56.372638	59.238849

57.064246	57.064246

57.064246	57.064246

57.064246	57.064246

57.064246	57.064246

57.064246	57.064246

57.064246	57.064246

57.064246	57.064246

57.064246	57.064246

57.064246	57.064246

57.064246	57.064246

57.064246	57.064246

57.064246	57.064246

57.064246	57.064246

57.064246	57.064246

57.064246	57.064246

57.064246	57.064246

57.064246	57.064246

57.064246	57.064246

57.064246	57.064246

57.064246	57.064246

57.064246	57.064246

57.064246	57.064246

57.064246	57.064246

57.064246	57.064246

57.064246	57.064246

57.064246	57.064246

57.064246	57.064246

57.064246	57.064246

57.064246	57.064246

57.064246	57.064246

57.064246	57.064246

57.064246	57.064246

57.064246	57.064246

57.064246	57.064246

57.064246	57.064246

57.064246	57.064246

57.064246	57.064246

57.064246	57.064246

57.064246	57.064246

57.064246	57.064246

57.064246	57.064246

57.723413	54.465802

58.162854	52.733508

58.162854	52.733508

58.162854	52.733508

58.162854	52.733508

58.162854	52.733508

58.162854	52.733508

58.162854	52.733508

58.162854	52.733508

58.162854	52.733508

58.162854	52.733508

58.162854	52.733508

58.162854	52.733508

58.162854	52.733508

58.162854	52.733508

58.162854	52.733508

58.162854	52.733508

58.162854	52.733508

58.162854	52.733508

58.162854	52.733508

58.162854	52.733508

58.162854	52.733508

58.162854	52.733508

58.162854	52.733508

58.162854	52.733508

58.162854	52.733508

58.162854	52.733508

58.162854	52.733508

58.162854	52.733508

58.162854	52.733508

58.162854	52.733508

58.162854	52.733508

58.162854	52.733508

58.162854	52.733508

58.162854	52.733508

58.162854	52.733508

58.162854	52.733508

58.162854	52.733508

58.162854	52.733508

58.162854	52.733508

58.162854	52.733508

58.162854	52.733508

58.162854	52.733508

58.162854	52.733508

58.162854	52.733508

58.162854	52.733508

58.162854	52.733508

58.162854	52.733508

58.162854	52.733508

58.162854	52.733508

58.162854	52.733508

58.162854	52.733508

58.162854	52.733508

58.162854	52.733508

58.162854	52.733508

58.162854	52.733508

58.162854	52.733508

58.162854	52.733508

58.162854	52.733508

58.162854	52.733508

58.162854	52.733508

58.162854	52.733508

58.162854	52.733508

58.162854	52.733508

58.162854	52.733508

58.162854	52.733508

58.162854	52.733508

58.162854	52.733508

58.162854	52.733508

58.162854	52.733508

58.162854	52.733508

58.162854	52.733508

58.162854	52.733508

58.162854	52.733508

58.162854	52.733508

58.162854	52.733508

58.162854	52.733508

58.162854	52.733508

54.708862	53.622998

53.845367	53.845367

53.845367	53.845367

53.845367	53.845367

69.521960	68.817102

69.799219	68.382306

72.296356	65.181390

72.296356	65.181390

70.390192	66.817139

69.584222	67.440393

68.672137	67.948584

69.859558	66.241772

69.859558	66.241772

69.859558	66.241772

69.859558	66.241772

69.859558	66.241772

68.587396	67.140283

67.289038	68.024719

65.488007	69.166412

65.488007	69.166412

63.569696	70.254108

63.380798	70.081116

65.098059	67.352783

65.929840	65.929840

66.987238	63.898663

68.007318	61.750244

68.511139	60.656500

68.511139	60.656500

68.511139	60.656500

68.511139	60.656500

68.511139	60.656500

68.511139	60.656500

68.511139	60.656500

68.511139	60.656500

68.511139	60.656500

68.511139	60.656500

68.511139	60.656500

69.710559	57.686084

69.710559	57.686084

69.710559	57.686084

69.710559	57.686084

69.710559	57.686084

69.710559	57.686084

68.211334	58.502667

67.211853	59.047058

65.056152	60.086487

64.517224	60.346338

64.517224	60.346338

64.517224	60.346338

64.517224	60.346338

64.517224	60.346338

64.517224	60.346338

64.517224	60.346338

64.517224	60.346338

64.517224	60.346338

64.517224	60.346338

64.517224	60.346338

65.218365	58.399225

65.685797	57.101147

65.685797	57.101147

65.685797	57.101147

65.685797	57.101147

65.685797	57.101147

65.685797	57.101147

65.685797	57.101147

65.685797	57.101147

65.685797	57.101147

65.685797	57.101147

65.685797	57.101147

65.685797	57.101147

65.685797	57.101147

65.685797	57.101147

65.685797	57.101147

65.685797	57.101147

65.685797	57.101147

65.685797	57.101147

64.518695	57.602252

63.443634	56.163513

63.894037	54.703253

63.894037	54.703253

63.894037	54.703253

63.894037	54.703253

63.894037	54.703253

63.894037	54.703253

63.894037	54.703253

63.894037	54.703253

63.894037	54.703253

63.894037	54.703253

63.894037	54.703253

63.894037	54.703253

63.894037	54.703253

63.894037	54.703253

63.894037	54.703253

63.894037	54.703253

63.252948	54.944916

60.688586	55.911566

60.688586	55.911566

60.688586	55.911566

61.556738	52.436523

61.773773	51.567761

61.773773	51.567761

59.607227	52.267212

58.162854	52.733508

58.162854	52.733508

58.162854	52.733508

58.162854	52.733508

58.162854	52.733508

58.162854	52.733508

58.162854	52.733508

58.162854	52.733508

58.162854	52.733508

58.162854	52.733508

58.162854	52.733508

58.162854	52.733508

58.162854	52.733508

58.162854	52.733508

58.162854	52.733508

58.162854	52.733508

58.162854	52.733508

58.162854	52.733508

58.162854	52.733508

58.162854	52.733508

58.162854	52.733508

58.162854	52.733508

58.162854	52.733508

58.162854	52.733508

58.162854	52.733508

58.162854	52.733508

58.162854	52.733508

58.162854	52.733508

58.162854	52.733508

58.162854	52.733508

58.162854	52.733508

58.162854	52.733508

58.162854	52.733508

58.162854	52.733508

58.162854	52.733508

58.162854	52.733508

58.162854	52.733508

58.162854	52.733508

58.162854	52.733508

58.162854	52.733508

58.162854	52.733508

58.162854	52.733508

58.162854	52.733508

58.162854	52.733508

58.162854	52.733508

58.162854	52.733508

58.162854	52.733508

58.162854	52.733508

58.162854	52.733508

58.162854	52.733508

58.162854	52.733508

58.162854	52.733508

58.162854	52.733508

58.162854	52.733508

58.162854	52.733508

58.162854	52.733508

58.162854	52.733508

58.162854	52.733508

58.162854	52.733508

58.162854	52.733508

58.162854	52.733508

58.162854	52.733508

58.162854	52.733508

58.162854	52.733508

58.162854	52.733508

58.162854	52.733508

58.162854	52.733508

58.162854	52.733508

58.162854	52.733508

58.162854	52.733508

58.162854	52.733508

58.162854	52.733508

58.162854	52.733508

58.162854	52.733508

58.162854	52.733508

58.162854	52.733508

58.162854	52.733508

58.162854	52.733508

58.162854	52.733508

58.162854	52.733508

58.162854	52.733508

58.162854	52.733508

58.162854	52.733508

58.162854	52.733508

58.162854	52.733508

58.162854	52.733508

58.162854	52.733508

58.162854	52.733508

58.162854	52.733508

58.162854	52.733508

58.162854	52.733508

57.299359	52.955884

53.845367	53.845367

53.845367	53.845367

53.845367	53.845367

53.845367	53.845367

53.845367	53.845367

53.845367	53.845367

53.845367	53.845367

53.845367	53.845367

53.845367	53.845367

53.845367	53.845367

61.659235	75.813629

62.668390	74.732947

61.983667	74.828662

63.681366	72.996570

64.670563	71.861035

64.670563	71.861035

63.304199	72.701099

62.393292	73.261133

62.393292	73.261133

62.393292	73.261133

62.393292	73.261133

62.710114	72.863556

63.977411	71.273254

63.977411	71.273254

65.488007	69.166412

65.488007	69.166412

66.352228	67.823590

66.928369	66.928369

66.928369	66.928369

66.928369	66.928369

66.928369	66.928369

67.202979	66.451404

68.301416	64.543542

69.086414	63.012317

69.609747	61.991498

69.609747	61.991498

69.138116	62.271368

67.251593	63.390863

67.251593	63.390863

66.245349	63.103351

65.998834	62.004572

65.998834	62.004572

66.969250	59.638562

67.211853	59.047058

67.211853	59.047058

67.211853	59.047058

67.211853	59.047058

67.211853	59.047058

67.211853	59.047058

67.211853	59.047058

67.211853	59.047058

67.211853	59.047058

67.211853	59.047058

67.211853	59.047058

67.211853	59.047058

66.672925	59.306915

63.344751	60.842218

62.768030	58.353912

62.768030	58.353912

62.768030	58.353912

62.768030	58.353912

62.768030	58.353912

62.768030	58.353912

62.768030	58.353912

62.768030	58.353912

62.768030	58.353912

62.768030	58.353912

62.768030	58.353912

62.768030	58.353912

62.768030	58.353912

62.768030	58.353912

62.768030	58.353912

62.768030	58.353912

62.768030	58.353912

62.768030	58.353912

62.768030	58.353912

62.768030	58.353912

62.768030	58.353912

62.768030	58.353912

61.480475	58.832007

60.460693	56.639081

60.688586	55.911566

60.688586	55.911566

60.688586	55.911566

60.688586	55.911566

60.688586	55.911566

60.688586	55.911566

60.688586	55.911566

60.688586	55.911566

60.688586	55.911566

60.688586	55.911566

60.688586	55.911566

60.688586	55.911566

60.688586	55.911566

60.688586	55.911566

60.688586	55.911566

60.688586	55.911566

60.688586	55.911566

60.688586	55.911566

60.688586	55.911566

60.688586	55.911566

60.688586	55.911566

60.688586	55.911566

60.688586	55.911566

60.688586	55.911566

60.688586	55.911566

57.064246	57.064246

57.064246	57.064246

57.064246	57.064246

57.064246	57.064246

57.064246	57.064246

57.064246	57.064246

57.064246	57.064246

57.064246	57.064246

57.064246	57.064246

57.064246	57.064246

57.064246	57.064246

57.064246	57.064246

57.064246	57.064246

57.064246	57.064246

57.064246	57.064246

57.064246	57.064246

57.064246	57.064246

57.064246	57.064246

57.064246	57.064246

57.064246	57.064246

57.064246	57.064246

57.064246	57.064246

57.064246	57.064246

57.064246	57.064246

57.064246	57.064246

57.064246	57.064246

57.064246	57.064246

57.064246	57.064246

57.064246	57.064246

57.064246	57.064246

57.064246	57.064246

57.064246	57.064246

57.064246	57.064246

57.064246	57.064246

57.064246	57.064246

57.064246	57.064246

57.064246	57.064246

57.064246	57.064246

57.064246	57.064246

57.064246	57.064246

57.064246	57.064246

57.064246	57.064246

57.064246	57.064246

57.064246	57.064246

57.064246	57.064246

57.064246	57.064246

57.064246	57.064246

57.064246	57.064246

57.064246	57.064246

57.064246	57.064246

57.064246	57.064246

57.064246	57.064246

57.064246	57.064246

57.064246	57.064246

57.064246	57.064246

57.064246	57.064246

57.064246	57.064246

57.064246	57.064246

57.064246	57.064246

57.064246	57.064246

57.064246	57.064246

57.064246	57.064246

57.064246	57.064246

57.064246	57.064246

57.283966	56.198096

58.162854	52.733508

58.162854	52.733508

58.162854	52.733508

58.162854	52.733508

58.162854	52.733508

57.299359	52.955884

53.845367	53.845367

53.845367	53.845367

53.845367	53.845367

53.845367	53.845367

53.845367	53.845367

53.845367	53.845367

53.845367	53.845367

53.845367	53.845367

53.845367	53.845367

53.845367	53.845367

53.845367	53.845367

53.845367	53.845367

53.845367	53.845367

53.845367	53.845367

53.845367	53.845367

53.845367	53.845367

53.845367	53.845367

53.845367	53.845367

53.845367	53.845367

53.845367	53.845367

53.845367	53.845367

53.845367	53.845367

53.845367	53.845367

53.845367	53.845367

53.845367	53.845367

53.845367	53.845367

53.845367	53.845367

53.845367	53.845367

53.845367	53.845367

53.845367	53.845367

53.845367	53.845367

53.845367	53.845367

53.845367	53.845367

64.561829	73.717981

62.630176	75.319714

63.349194	74.637067

65.107037	72.887610

63.542163	73.531812

63.021899	73.753601

63.021899	73.753601

62.694659	72.841736

64.581647	70.430518

65.488007	69.166412

65.008429	69.438336

63.671484	69.636194

64.543542	68.301416

64.543542	68.301416

64.543542	68.301416

64.543542	68.301416

64.543542	68.301416

64.543542	68.301416

64.543542	68.301416

64.543542	68.301416

64.543542	68.301416

64.543542	68.301416

64.543542	68.301416

64.543542	68.301416

64.543542	68.301416

64.543542	68.301416

64.543542	68.301416

64.543542	68.301416

64.543542	68.301416

64.543542	68.301416

64.543542	68.301416

64.543542	68.301416

64.543542	68.301416

65.375323	66.878473

65.929840	65.929840

65.929840	65.929840

67.251593	63.390863

67.251593	63.390863

67.251593	63.390863

67.251593	63.390863

67.251593	63.390863

67.251593	63.390863

67.503503	62.843994

68.511139	60.656500

68.511139	60.656500

68.990906	59.468335

70.851721	54.415247

70.851721	54.415247

70.851721	54.415247

70.851721	54.415247

70.851721	54.415247

70.851721	54.415247

70.851721	54.415247

68.863800	55.514221

68.366821	55.788965

68.366821	55.788965

68.366821	55.788965

68.366821	55.788965

66.758203	56.576276

65.685797	57.101147

65.685797	57.101147

65.685797	57.101147

65.685797	57.101147

65.685797	57.101147

63.351587	58.103357

62.768030	58.353912

62.768030	58.353912

62.768030	58.353912

62.768030	58.353912

62.768030	58.353912

62.768030	58.353912

62.768030	58.353912

62.768030	58.353912

62.768030	58.353912

62.768030	58.353912

62.768030	58.353912

62.768030	58.353912

62.768030	58.353912

62.768030	58.353912

62.768030	58.353912

62.768030	58.353912

62.768030	58.353912

62.768030	58.353912

62.768030	58.353912

62.768030	58.353912

62.768030	58.353912

62.768030	58.353912

63.443634	56.163513

63.894037	54.703253

63.894037	54.703253

63.894037	54.703253

63.894037	54.703253

63.894037	54.703253

63.894037	54.703253

63.894037	54.703253

63.894037	54.703253

63.894037	54.703253

61.329675	55.669904

60.688586	55.911566

60.688586	55.911566

60.688586	55.911566

60.688586	55.911566

59.238849	56.372638

57.064246	57.064246

57.064246	57.064246

57.064246	57.064246

57.064246	57.064246

57.064246	57.064246

57.064246	57.064246

57.943134	53.599658

58.162854	52.733508

58.162854	52.733508

58.162854	52.733508

58.162854	52.733508

58.162854	52.733508

58.162854	52.733508

58.162854	52.733508

58.162854	52.733508

58.162854	52.733508

58.162854	52.733508

58.162854	52.733508

58.162854	52.733508

58.162854	52.733508

55.572363	53.400623

53.845367	53.845367

53.845367	53.845367

53.845367	53.845367

53.845367	53.845367

53.845367	53.845367

53.845367	53.845367

53.845367	53.845367

53.845367	53.845367

53.845367	53.845367

53.845367	53.845367

53.845367	53.845367

53.845367	53.845367

53.845367	53.845367

53.845367	53.845367

53.845367	53.845367

53.845367	53.845367

53.845367	53.845367

53.845367	53.845367

53.845367	53.845367

53.845367	53.845367

53.845367	53.845367

53.845367	53.845367

53.845367	53.845367

53.845367	53.845367

53.845367	53.845367

53.845367	53.845367

53.845367	53.845367

53.845367	53.845367

53.845367	53.845367

53.845367	53.845367

53.845367	53.845367

53.845367	53.845367

53.845367	53.845367

53.845367	53.845367

53.845367	53.845367

53.845367	53.845367

53.845367	53.845367

53.845367	53.845367

53.845367	53.845367

53.845367	53.845367

53.845367	53.845367

53.845367	53.845367

53.845367	53.845367

53.845367	53.845367

53.845367	53.845367

53.845367	53.845367

53.845367	53.845367

53.845367	53.845367

53.845367	53.845367

53.845367	53.845367

53.845367	53.845367

53.845367	53.845367

53.845367	53.845367

53.845367	53.845367

53.845367	53.845367

53.845367	53.845367

53.845367	53.845367

53.845367	53.845367

53.845367	53.845367

53.845367	53.845367

53.845367	53.845367

53.845367	53.845367

53.845367	53.845367

53.845367	53.845367

53.845367	53.845367

53.845367	53.845367

53.845367	53.845367

53.845367	53.845367

53.845367	53.845367

53.845367	53.845367

53.845367	53.845367

53.845367	53.845367

53.845367	53.845367

53.845367	53.845367

53.845367	53.845367

53.845367	53.845367

73.494763	64.285388

74.101917	63.463733

73.310028	64.062433

73.753601	63.021899

74.862634	61.189899

75.139899	60.731897

75.139899	60.731897

75.139899	60.731897

75.930841	59.270227

74.966309	59.634961

74.593353	59.969757

74.593353	59.969757

74.593353	59.969757

74.593353	59.969757

74.198535	60.289130

72.619275	61.566614

72.619275	61.566614

72.619275	61.566614

72.556061	60.634497

71.820770	60.525159

72.560059	58.869153

73.052911	57.765149

73.052911	57.765149

73.052911	57.765149

73.052911	57.765149

73.052911	57.765149

73.052911	57.765149

73.990222	55.368561

74.224548	54.769415

74.224548	54.769415

75.114954	52.132751

75.337549	51.473584

76.182385	48.502725

76.393604	47.760010

76.393604	47.760010

76.393604	47.760010

76.393604	47.760010

76.393604	47.760010

76.393604	47.760010

76.393604	47.760010

76.393604	47.760010

76.393604	47.760010

76.393604	47.760010

76.393604	47.760010

76.393604	47.760010

76.393604	47.760010

76.393604	47.760010

76.393604	47.760010

76.393604	47.760010

76.393604	47.760010

76.393604	47.760010

76.393604	47.760010

76.393604	47.760010

77.194104	44.224939

77.394232	43.341168

77.394232	43.341168

77.394232	43.341168

77.394232	43.341168

77.394232	43.341168

77.394232	43.341168

77.394232	43.341168

77.394232	43.341168

77.394232	43.341168

77.394232	43.341168

77.394232	43.341168

77.394232	43.341168

77.394232	43.341168

77.394232	43.341168

75.682178	44.563940

75.254163	44.869635

75.254163	44.869635

75.254163	44.869635

75.254163	44.869635

75.254163	44.869635

74.338885	45.454547

72.965973	46.331915

72.965973	46.331915

72.965973	46.331915

71.983276	46.891406

70.509229	47.730637

69.978583	47.998138

67.855994	49.068140

67.855994	49.068140

67.855994	49.068140

67.855994	49.068140

67.855994	49.068140

67.855994	49.068140

67.855994	49.068140

66.699854	49.579498

64.965625	50.346545

64.965625	50.346545

64.965625	50.346545

64.965625	50.346545

64.965625	50.346545

64.965625	50.346545

64.965625	50.346545

64.965625	50.346545

64.965625	50.346545

64.965625	50.346545

64.965625	50.346545

64.965625	50.346545

64.965625	50.346545

64.965625	50.346545

64.965625	50.346545

64.965625	50.346545

64.965625	50.346545

64.965625	50.346545

64.965625	50.346545

64.965625	50.346545

64.965625	50.346545

64.965625	50.346545

63.688885	50.835034

61.773773	51.567761

61.773773	51.567761

61.773773	51.567761

61.773773	51.567761

61.773773	51.567761

61.773773	51.567761

61.773773	51.567761

61.773773	51.567761

61.773773	51.567761

61.773773	51.567761

61.773773	51.567761

61.773773	51.567761

61.773773	51.567761

61.773773	51.567761

61.773773	51.567761

61.773773	51.567761

61.773773	51.567761

61.773773	51.567761

61.773773	51.567761

61.773773	51.567761

61.773773	51.567761

61.773773	51.567761

61.773773	51.567761

61.773773	51.567761

61.773773	51.567761

61.773773	51.567761

61.773773	51.567761

61.773773	51.567761

61.773773	51.567761

61.773773	51.567761

61.773773	51.567761

61.773773	51.567761

61.773773	51.567761

61.773773	51.567761

61.773773	51.567761

61.773773	51.567761

61.773773	51.567761

61.773773	51.567761

61.773773	51.567761

61.773773	51.567761

61.773773	51.567761

61.773773	51.567761

61.773773	51.567761

61.773773	51.567761

61.773773	51.567761

61.773773	51.567761

61.773773	51.567761

61.773773	51.567761

61.773773	51.567761

61.773773	51.567761

61.773773	51.567761

61.773773	51.567761

61.773773	51.567761

61.773773	51.567761

61.773773	51.567761

61.773773	51.567761

61.773773	51.567761

61.773773	51.567761

61.773773	51.567761

61.773773	51.567761

61.773773	51.567761

61.773773	51.567761

61.773773	51.567761

61.773773	51.567761

61.773773	51.567761

61.773773	51.567761

61.773773	51.567761

61.773773	51.567761

61.773773	51.567761

61.773773	51.567761

61.773773	51.567761

61.773773	51.567761

61.773773	51.567761

61.773773	51.567761

61.773773	51.567761

61.773773	51.567761

61.773773	51.567761

61.773773	51.567761

61.773773	51.567761

61.773773	51.567761

61.773773	51.567761

61.051587	51.800909

58.162854	52.733508

58.162854	52.733508

58.162854	52.733508

58.162854	52.733508

58.162854	52.733508

58.162854	52.733508

68.956433	69.660101

67.543811	71.062134

66.800250	71.728137

65.159503	72.929144

66.540704	71.492548

68.845288	68.845288

67.628400	69.772235

67.752020	69.181244

68.375281	68.375281

66.241772	69.859558

66.241772	69.859558

67.439789	68.163342

67.739294	67.739294

67.739294	67.739294

67.739294	67.739294

68.024719	67.289038

69.636194	63.671484

68.301416	64.543542

65.388568	66.181281

63.390863	67.251593

63.390863	67.251593

63.390863	67.251593

63.390863	67.251593

63.390863	67.251593

63.390863	67.251593

61.203369	68.259229

60.656500	68.511139

60.656500	68.511139

60.656500	68.511139

60.926111	68.008679

62.004572	65.998834

62.004572	65.998834

62.261810	65.457220

63.781360	62.113007

64.517224	60.346338

64.517224	60.346338

64.517224	60.346338

64.517224	60.346338

64.517224	60.346338

64.750940	59.697302

65.685797	57.101147

65.685797	57.101147

65.685797	57.101147

65.685797	57.101147

65.685797	57.101147

65.685797	57.101147

65.685797	57.101147

65.685797	57.101147

65.685797	57.101147

65.685797	57.101147

65.685797	57.101147

65.685797	57.101147

65.685797	57.101147

65.685797	57.101147

65.685797	57.101147

65.685797	57.101147

65.685797	57.101147

64.518695	57.602252

63.443634	56.163513

63.894037	54.703253

63.894037	54.703253

63.894037	54.703253

63.894037	54.703253

63.894037	54.703253

63.894037	54.703253

63.894037	54.703253

63.894037	54.703253

63.894037	54.703253

63.894037	54.703253

63.894037	54.703253

63.894037	54.703253

63.894037	54.703253

63.894037	54.703253

63.894037	54.703253

63.894037	54.703253

63.894037	54.703253

63.894037	54.703253

63.894037	54.703253

63.894037	54.703253

60.688586	55.911566

60.688586	55.911566

60.688586	55.911566

60.688586	55.911566

60.688586	55.911566

60.688586	55.911566

60.688586	55.911566

60.688586	55.911566

60.688586	55.911566

60.688586	55.911566

60.688586	55.911566

60.688586	55.911566

61.773773	51.567761

61.773773	51.567761

61.773773	51.567761

61.773773	51.567761

61.773773	51.567761

61.773773	51.567761

61.773773	51.567761

61.773773	51.567761

61.773773	51.567761

61.773773	51.567761

61.773773	51.567761

61.773773	51.567761

61.773773	51.567761

61.773773	51.567761

61.773773	51.567761

61.773773	51.567761

61.773773	51.567761

61.773773	51.567761

61.773773	51.567761

61.773773	51.567761

61.773773	51.567761

61.773773	51.567761

61.773773	51.567761

61.773773	51.567761

61.773773	51.567761

61.773773	51.567761

61.773773	51.567761

61.773773	51.567761

61.773773	51.567761

61.773773	51.567761

61.773773	51.567761

61.773773	51.567761

61.773773	51.567761

61.773773	51.567761

61.773773	51.567761

61.773773	51.567761

61.773773	51.567761

61.773773	51.567761

61.773773	51.567761

61.773773	51.567761

59.607227	52.267212

58.162854	52.733508

58.162854	52.733508

58.162854	52.733508

58.162854	52.733508

58.162854	52.733508

58.162854	52.733508

58.162854	52.733508

58.162854	52.733508

57.299359	52.955884

53.845367	53.845367

53.845367	53.845367

53.845367	53.845367

53.845367	53.845367

53.845367	53.845367

53.845367	53.845367

53.845367	53.845367

53.845367	53.845367

53.845367	53.845367

53.845367	53.845367

53.845367	53.845367

53.845367	53.845367

53.845367	53.845367

53.845367	53.845367

53.845367	53.845367

53.845367	53.845367

53.845367	53.845367

53.845367	53.845367

53.845367	53.845367

53.845367	53.845367

53.845367	53.845367

53.845367	53.845367

53.845367	53.845367

53.845367	53.845367

53.845367	53.845367

53.845367	53.845367

53.845367	53.845367

53.845367	53.845367

53.845367	53.845367

53.845367	53.845367

53.845367	53.845367

53.845367	53.845367

53.845367	53.845367

53.845367	53.845367

53.845367	53.845367

53.845367	53.845367

53.845367	53.845367

53.845367	53.845367

53.845367	53.845367

53.845367	53.845367

53.845367	53.845367

53.845367	53.845367

53.845367	53.845367

53.845367	53.845367

53.845367	53.845367

53.845367	53.845367

53.845367	53.845367

53.845367	53.845367

53.845367	53.845367

53.845367	53.845367

53.845367	53.845367

53.845367	53.845367

53.845367	53.845367

53.845367	53.845367

53.845367	53.845367

53.845367	53.845367

53.845367	53.845367

53.845367	53.845367

53.845367	53.845367

65.684912	72.727142

64.544427	73.704181

62.741937	74.786597

63.463733	74.101917

63.463733	74.101917

63.463733	74.101917

63.463733	74.101917

62.160400	74.967981

61.291510	75.545361

61.291510	75.545361

61.291510	75.545361

61.067670	75.383179

60.731897	75.139899

62.362384	73.217487

63.977411	71.273254

63.977411	71.273254

63.977411	71.273254

63.977411	71.273254

63.977411	71.273254

63.977411	71.273254

63.977411	71.273254

61.499860	72.593237

58.988928	73.900208

58.988928	73.900208

58.988928	73.900208

60.217914	72.236658

59.421155	72.313629

59.244226	70.855682

56.261072	72.041315

56.261072	72.041315

56.261072	72.041315

56.261072	72.041315

57.401080	70.176709

57.686084	69.710559

57.686084	69.710559

57.686084	69.710559

57.686084	69.710559

57.686084	69.710559

57.686084	69.710559

57.686084	69.710559

57.686084	69.710559

57.686084	69.710559

54.415247	70.851721

54.964734	69.857764

55.788965	68.366821

55.788965	68.366821

55.788965	68.366821

55.788965	68.366821

55.788965	68.366821

55.788965	68.366821

55.788965	68.366821

55.788965	68.366821

55.788965	68.366821

55.788965	68.366821

55.788965	68.366821

56.313837	67.294409

57.852808	63.935138

58.353912	62.768030

58.353912	62.768030

58.353912	62.768030

58.353912	62.768030

58.353912	62.768030

58.353912	62.768030

58.353912	62.768030

59.549152	59.549152

59.549152	59.549152

59.549152	59.549152

59.549152	59.549152

59.549152	59.549152

59.549152	59.549152

59.549152	59.549152

59.549152	59.549152

59.549152	59.549152

60.688586	55.911566

61.339697	53.305280

61.773773	51.567761

61.773773	51.567761

61.773773	51.567761

61.773773	51.567761

61.773773	51.567761

61.773773	51.567761

61.773773	51.567761

61.773773	51.567761

61.773773	51.567761

61.773773	51.567761

61.773773	51.567761

61.773773	51.567761

61.773773	51.567761

61.773773	51.567761

61.773773	51.567761

61.773773	51.567761

61.773773	51.567761

61.773773	51.567761

61.773773	51.567761

61.773773	51.567761

61.773773	51.567761

61.773773	51.567761

61.773773	51.567761

61.773773	51.567761

61.773773	51.567761

61.773773	51.567761

61.773773	51.567761

61.773773	51.567761

61.773773	51.567761

61.773773	51.567761

61.773773	51.567761

61.773773	51.567761

61.773773	51.567761

61.773773	51.567761

61.773773	51.567761

61.773773	51.567761

61.773773	51.567761

61.773773	51.567761

61.773773	51.567761

61.773773	51.567761

61.773773	51.567761

61.773773	51.567761

61.773773	51.567761

61.773773	51.567761

61.773773	51.567761

61.773773	51.567761

61.773773	51.567761

61.773773	51.567761

61.773773	51.567761

61.773773	51.567761

61.773773	51.567761

61.773773	51.567761

61.773773	51.567761

61.773773	51.567761

61.773773	51.567761

61.773773	51.567761

61.773773	51.567761

61.773773	51.567761

61.773773	51.567761

61.773773	51.567761

61.773773	51.567761

61.773773	51.567761

61.773773	51.567761

61.773773	51.567761

61.773773	51.567761

61.773773	51.567761

61.773773	51.567761

61.773773	51.567761

61.773773	51.567761

61.773773	51.567761

61.773773	51.567761

61.773773	51.567761

61.773773	51.567761

61.773773	51.567761

61.773773	51.567761

61.773773	51.567761

61.773773	51.567761

61.773773	51.567761

61.773773	51.567761

61.773773	51.567761

61.773773	51.567761

61.773773	51.567761

61.773773	51.567761

61.773773	51.567761

61.773773	51.567761

61.773773	51.567761

61.773773	51.567761

61.773773	51.567761

61.773773	51.567761

61.773773	51.567761

61.773773	51.567761

61.773773	51.567761

60.329407	52.034058

58.162854	52.733508

58.162854	52.733508

58.162854	52.733508

58.162854	52.733508

58.162854	52.733508

58.162854	52.733508

58.162854	52.733508

58.162854	52.733508

58.162854	52.733508

58.162854	52.733508

58.162854	52.733508

58.162854	52.733508

58.162854	52.733508

58.162854	52.733508

58.162854	52.733508

58.162854	52.733508

58.162854	52.733508

58.162854	52.733508

58.162854	52.733508

58.162854	52.733508

58.162854	52.733508

58.162854	52.733508

58.162854	52.733508

58.162854	52.733508

58.162854	52.733508

58.162854	52.733508

58.162854	52.733508

58.162854	52.733508

58.162854	52.733508

58.162854	52.733508

58.162854	52.733508

58.162854	52.733508

68.375281	68.375281

69.859558	66.241772

69.859558	66.241772

69.859558	66.241772

70.990515	64.430286

71.273254	63.977411

71.273254	63.977411

71.273254	63.977411

71.273254	63.977411

71.273254	63.977411

71.273254	63.977411

71.273254	63.977411

71.273254	63.977411

70.403552	63.747156

70.526038	63.090112

70.526038	63.090112

70.784985	62.577124

71.820770	60.525159

71.820770	60.525159

71.820770	60.525159

71.820770	60.525159

70.494153	61.404962

70.345251	60.295959

72.041315	56.261072

72.041315	56.261072

72.041315	56.261072

71.109009	56.831079

69.710559	57.686084

69.710559	57.686084

69.710559	57.686084

68.711072	58.230469

67.211853	59.047058

67.211853	59.047058

67.211853	59.047058

67.211853	59.047058

67.211853	59.047058

67.211853	59.047058

67.211853	59.047058

67.211853	59.047058

67.211853	59.047058

67.211853	59.047058

67.211853	59.047058

67.211853	59.047058

67.211853	59.047058

67.211853	59.047058

67.211853	59.047058

67.211853	59.047058

67.211853	59.047058

67.211853	59.047058

67.211853	59.047058

67.211853	59.047058

67.211853	59.047058

67.211853	59.047058

67.211853	59.047058

67.211853	59.047058

67.211853	59.047058

67.211853	59.047058

67.211853	59.047058

67.211853	59.047058

67.211853	59.047058

66.672925	59.306915

64.517224	60.346338

64.517224	60.346338

64.517224	60.346338

64.517224	60.346338

64.517224	60.346338

64.517224	60.346338

64.517224	60.346338

64.517224	60.346338

64.517224	60.346338

64.517224	60.346338

64.517224	60.346338

64.517224	60.346338

64.517224	60.346338

64.517224	60.346338

64.517224	60.346338

64.517224	60.346338

65.452081	57.750183

65.685797	57.101147

65.685797	57.101147

65.685797	57.101147

65.685797	57.101147

65.685797	57.101147

65.685797	57.101147

65.685797	57.101147

65.685797	57.101147

65.685797	57.101147

65.685797	57.101147

65.685797	57.101147

65.685797	57.101147

65.685797	57.101147

65.685797	57.101147

65.685797	57.101147

65.685797	57.101147

65.685797	57.101147

65.685797	57.101147

65.685797	57.101147

65.685797	57.101147

66.798206	53.437585

66.798206	53.437585

66.798206	53.437585

66.798206	53.437585

67.009760	52.563696

67.855994	49.068140

67.855994	49.068140

67.855994	49.068140

67.855994	49.068140

67.855994	49.068140

67.855994	49.068140

67.855994	49.068140

67.855994	49.068140

67.855994	49.068140

67.855994	49.068140

67.855994	49.068140

67.855994	49.068140

67.855994	49.068140

67.855994	49.068140

67.855994	49.068140

67.855994	49.068140

67.855994	49.068140

67.855994	49.068140

67.855994	49.068140

67.855994	49.068140

67.855994	49.068140

67.855994	49.068140

67.855994	49.068140

67.855994	49.068140

67.855994	49.068140

67.855994	49.068140

67.855994	49.068140

67.855994	49.068140

67.855994	49.068140

67.855994	49.068140

67.855994	49.068140

67.855994	49.068140

67.855994	49.068140

67.855994	49.068140

64.965625	50.346545

64.965625	50.346545

63.688885	50.835034

61.773773	51.567761

61.773773	51.567761

61.773773	51.567761

61.773773	51.567761

61.773773	51.567761

61.773773	51.567761

61.773773	51.567761

61.773773	51.567761

61.773773	51.567761

61.773773	51.567761

61.773773	51.567761

61.773773	51.567761

61.773773	51.567761

60.329407	52.034058

58.162854	52.733508

58.162854	52.733508

58.162854	52.733508

58.162854	52.733508

58.162854	52.733508

58.162854	52.733508

58.162854	52.733508

58.162854	52.733508

58.162854	52.733508

58.162854	52.733508

58.162854	52.733508

58.162854	52.733508

58.162854	52.733508

58.162854	52.733508

58.162854	52.733508

58.162854	52.733508

58.162854	52.733508

58.162854	52.733508

58.162854	52.733508

58.162854	52.733508

58.162854	52.733508

58.162854	52.733508

58.162854	52.733508

58.162854	52.733508

58.162854	52.733508

58.162854	52.733508

58.162854	52.733508

58.162854	52.733508

58.162854	52.733508

58.162854	52.733508

58.162854	52.733508

58.162854	52.733508

58.162854	52.733508

58.162854	52.733508

58.162854	52.733508

58.162854	52.733508

58.162854	52.733508

58.162854	52.733508

58.162854	52.733508

58.162854	52.733508

58.162854	52.733508

58.162854	52.733508

58.162854	52.733508

55.572363	53.400623

53.845367	53.845367

53.845367	53.845367

68.587268	69.995789

67.543811	71.062134

66.800250	71.728137

64.117865	73.993060

66.182349	71.837653

67.222601	70.764886

67.222601	70.764886

67.222601	70.764886

67.222601	70.764886

67.222601	70.764886

67.222601	70.764886

67.222601	70.764886

66.814362	71.071179

65.181390	72.296356

66.817139	70.390192

66.817139	70.390192

66.817139	70.390192

66.817139	70.390192

66.817139	70.390192

65.390564	71.155139

63.977411	71.273254

63.977411	71.273254

65.488007	69.166412

65.488007	69.166412

65.488007	69.166412

65.488007	69.166412

65.488007	69.166412

65.488007	69.166412

65.488007	69.166412

65.488007	69.166412

63.380798	70.081116

65.652582	66.404156

65.422046	66.194189

63.390863	67.251593

63.390863	67.251593

63.390863	67.251593

63.103351	66.245349

62.004572	65.998834

62.004572	65.998834

62.004572	65.998834

62.004572	65.998834

62.004572	65.998834

62.004572	65.998834

62.004572	65.998834

62.004572	65.998834

62.004572	65.998834

62.004572	65.998834

62.004572	65.998834

62.004572	65.998834

62.261810	65.457220

63.290778	63.290778

63.290778	63.290778

61.524115	64.026648

59.048260	64.984656

57.101147	65.685797

57.101147	65.685797

57.101147	65.685797

57.101147	65.685797

57.101147	65.685797

57.101147	65.685797

57.101147	65.685797

57.101147	65.685797

57.101147	65.685797

57.101147	65.685797

57.101147	65.685797

57.101147	65.685797

57.101147	65.685797

57.101147	65.685797

57.101147	65.685797

57.101147	65.685797

57.101147	65.685797

57.101147	65.685797

57.101147	65.685797

57.101147	65.685797

57.101147	65.685797

57.101147	65.685797

57.101147	65.685797

57.101147	65.685797

57.101147	65.685797

53.437585	66.798206

53.437585	66.798206

49.068140	67.855994

49.068140	67.855994

49.579498	66.699854

50.346545	64.965625

50.346545	64.965625

50.346545	64.965625

50.346545	64.965625

50.346545	64.965625

50.346545	64.965625

50.835034	63.688885

52.267212	59.607227

52.733508	58.162854

52.733508	58.162854

52.733508	58.162854

52.733508	58.162854

52.733508	58.162854

52.733508	58.162854

52.733508	58.162854

52.733508	58.162854

52.733508	58.162854

52.733508	58.162854

52.733508	58.162854

52.733508	58.162854

52.733508	58.162854

52.733508	58.162854

52.733508	58.162854

52.733508	58.162854

53.845367	53.845367

53.845367	53.845367

53.845367	53.845367

53.845367	53.845367

53.845367	53.845367

53.845367	53.845367

53.845367	53.845367

53.845367	53.845367

53.845367	53.845367

53.845367	53.845367

53.845367	53.845367

53.845367	53.845367

53.845367	53.845367

53.845367	53.845367

53.845367	53.845367

53.845367	53.845367

53.845367	53.845367

53.845367	53.845367

53.845367	53.845367

53.845367	53.845367

53.845367	53.845367

53.845367	53.845367

53.845367	53.845367

53.845367	53.845367

53.845367	53.845367

53.845367	53.845367

53.845367	53.845367

53.845367	53.845367

53.845367	53.845367

53.845367	53.845367

53.845367	53.845367

53.845367	53.845367

53.845367	53.845367

53.845367	53.845367

53.845367	53.845367

53.845367	53.845367

53.845367	53.845367

53.845367	53.845367

53.845367	53.845367

53.845367	53.845367

53.845367	53.845367

53.845367	53.845367

53.845367	53.845367

53.845367	53.845367

53.845367	53.845367

53.845367	53.845367

53.845367	53.845367

53.845367	53.845367

53.845367	53.845367

53.845367	53.845367

53.845367	53.845367

53.845367	53.845367

53.845367	53.845367

53.845367	53.845367

53.845367	53.845367

53.845367	53.845367

53.845367	53.845367

53.845367	53.845367

53.845367	53.845367

53.845367	53.845367

53.845367	53.845367

53.845367	53.845367

53.845367	53.845367

53.845367	53.845367

53.845367	53.845367

53.845367	53.845367

53.845367	53.845367

53.845367	53.845367

53.845367	53.845367

53.845367	53.845367

53.845367	53.845367

53.845367	53.845367

53.845367	53.845367

53.845367	53.845367

53.845367	53.845367

53.845367	53.845367

53.845367	53.845367

53.845367	53.845367

53.845367	53.845367

53.845367	53.845367

53.845367	53.845367

53.845367	53.845367

53.845367	53.845367

53.845367	53.845367

53.845367	53.845367

53.845367	53.845367

53.845367	53.845367

53.845367	53.845367

53.845367	53.845367

53.845367	53.845367

53.845367	53.845367

53.845367	53.845367

70.988031	67.463770

70.988031	67.463770

71.626434	66.685400

72.584039	65.517859

72.162671	65.791516

72.780762	64.191870

73.261133	62.393292

74.593353	59.969757

74.593353	59.969757

74.593353	59.969757

72.619275	61.566614

73.644019	59.504462

73.900208	58.988928

74.387463	57.879895

75.581348	55.013080

76.275818	53.208185

76.275818	53.208185

76.275818	53.208185

76.275818	53.208185

76.275818	53.208185

76.275818	53.208185

76.275818	53.208185

76.275818	53.208185

76.275818	53.208185

76.275818	53.208185

76.275818	53.208185

75.865564	53.520428

74.224548	54.769415

74.224548	54.769415

74.224548	54.769415

74.224548	54.769415

74.224548	54.769415

74.224548	54.769415

74.224548	54.769415

74.224548	54.769415

74.224548	54.769415

74.224548	54.769415

74.224548	54.769415

74.224548	54.769415

74.224548	54.769415

74.224548	54.769415

74.224548	54.769415

74.224548	54.769415

75.337549	51.473584

75.971179	49.245441

76.393604	47.760010

76.393604	47.760010

75.100806	48.669815

74.238940	49.276355

74.238940	49.276355

74.238940	49.276355

74.238940	49.276355

74.238940	49.276355

74.238940	49.276355

74.238940	49.276355

74.238940	49.276355

74.238940	49.276355

74.238940	49.276355

72.857379	50.146362

71.936346	50.726367

69.959613	51.835406

69.465430	52.112665

69.465430	52.112665

69.465430	52.112665

68.931982	52.377649

66.798206	53.437585

66.798206	53.437585

66.798206	53.437585

66.798206	53.437585

65.055707	54.196985

63.894037	54.703253

63.894037	54.703253

63.894037	54.703253

63.894037	54.703253

63.894037	54.703253

63.894037	54.703253

63.894037	54.703253

63.894037	54.703253

63.894037	54.703253

63.894037	54.703253

63.894037	54.703253

63.894037	54.703253

63.894037	54.703253

63.894037	54.703253

63.894037	54.703253

63.252948	54.944916

60.688586	55.911566

60.688586	55.911566

60.688586	55.911566

60.688586	55.911566

60.688586	55.911566

60.688586	55.911566

60.688586	55.911566

60.688586	55.911566

60.688586	55.911566

60.688586	55.911566

60.688586	55.911566

60.688586	55.911566

60.688586	55.911566

60.688586	55.911566

60.688586	55.911566

60.688586	55.911566

60.688586	55.911566

60.688586	55.911566

60.688586	55.911566

60.688586	55.911566

60.688586	55.911566

60.688586	55.911566

60.688586	55.911566

57.789111	56.833710

57.064246	57.064246

57.064246	57.064246

57.064246	57.064246

57.064246	57.064246

57.064246	57.064246

57.064246	57.064246

57.064246	57.064246

57.064246	57.064246

57.064246	57.064246

57.064246	57.064246

57.064246	57.064246

57.064246	57.064246

57.064246	57.064246

57.064246	57.064246

57.064246	57.064246

57.064246	57.064246

57.064246	57.064246

57.064246	57.064246

57.064246	57.064246

57.064246	57.064246

57.064246	57.064246

57.064246	57.064246

57.064246	57.064246

57.064246	57.064246

57.064246	57.064246

57.064246	57.064246

57.064246	57.064246

57.064246	57.064246

57.064246	57.064246

57.064246	57.064246

57.064246	57.064246

57.064246	57.064246

57.064246	57.064246

57.064246	57.064246

57.064246	57.064246

57.064246	57.064246

57.064246	57.064246

57.064246	57.064246

57.064246	57.064246

57.064246	57.064246

57.064246	57.064246

57.064246	57.064246

57.064246	57.064246

57.064246	57.064246

58.162854	52.733508

58.162854	52.733508

55.572363	53.400623

53.845367	53.845367

53.845367	53.845367

53.845367	53.845367

53.845367	53.845367

53.845367	53.845367

53.845367	53.845367

53.845367	53.845367

53.845367	53.845367

53.845367	53.845367

53.845367	53.845367

53.845367	53.845367

53.845367	53.845367

53.845367	53.845367

53.845367	53.845367

53.845367	53.845367

53.845367	53.845367

53.845367	53.845367

53.845367	53.845367

53.845367	53.845367

53.845367	53.845367

53.845367	53.845367

53.845367	53.845367

53.845367	53.845367

53.845367	53.845367

53.845367	53.845367

53.845367	53.845367

53.845367	53.845367

53.845367	53.845367

53.845367	53.845367

53.845367	53.845367

53.845367	53.845367

53.845367	53.845367

53.845367	53.845367

53.845367	53.845367

53.845367	53.845367

53.845367	53.845367

53.845367	53.845367

53.845367	53.845367

53.845367	53.845367

53.845367	53.845367

53.845367	53.845367

53.845367	53.845367

53.845367	53.845367

67.172028	71.395135

65.907037	72.264838

67.222601	70.764886

67.222601	70.764886

65.997876	71.683771

65.181390	72.296356

65.181390	72.296356

66.162842	71.152661

67.440393	69.584222

67.694183	68.417743

67.739294	67.739294

67.739294	67.739294

66.838782	68.310144

64.049274	69.982184

63.090112	70.526038

63.090112	70.526038

63.090112	70.526038

62.577124	70.784985

61.404962	70.494153

61.991498	69.609747

60.892590	70.108124

60.091589	69.448956

60.656500	68.511139

60.656500	68.511139

61.465344	67.003760

59.638562	66.969250

59.047058	67.211853

59.047058	67.211853

58.395441	67.442847

55.788965	68.366821

55.788965	68.366821

55.788965	68.366821

55.788965	68.366821

55.788965	68.366821

55.788965	68.366821

56.576276	66.758203

57.101147	65.685797

57.101147	65.685797

57.101147	65.685797

57.101147	65.685797

57.101147	65.685797

57.101147	65.685797

57.101147	65.685797

57.101147	65.685797

57.101147	65.685797

57.602252	64.518695

58.353912	62.768030

58.353912	62.768030

58.353912	62.768030

58.353912	62.768030

58.353912	62.768030

58.353912	62.768030

58.353912	62.768030

58.353912	62.768030

58.353912	62.768030

58.353912	62.768030

58.353912	62.768030

58.353912	62.768030

58.353912	62.768030

58.353912	62.768030

58.353912	62.768030

58.353912	62.768030

58.353912	62.768030

58.353912	62.768030

58.353912	62.768030

58.353912	62.768030

58.832007	61.480475

60.460693	56.639081

60.688586	55.911566

60.688586	55.911566

60.688586	55.911566

60.688586	55.911566

60.688586	55.911566

60.688586	55.911566

60.688586	55.911566

60.688586	55.911566

60.688586	55.911566

60.688586	55.911566

60.688586	55.911566

60.688586	55.911566

60.688586	55.911566

60.688586	55.911566

60.688586	55.911566

60.688586	55.911566

60.688586	55.911566

60.688586	55.911566

60.688586	55.911566

60.688586	55.911566

60.688586	55.911566

60.688586	55.911566

60.688586	55.911566

60.688586	55.911566

60.688586	55.911566

60.688586	55.911566

60.688586	55.911566

60.688586	55.911566

60.688586	55.911566

60.688586	55.911566

60.688586	55.911566

60.688586	55.911566

60.688586	55.911566

60.688586	55.911566

60.688586	55.911566

60.688586	55.911566

60.688586	55.911566

60.688586	55.911566

59.238849	56.372638

57.064246	57.064246

57.064246	57.064246

57.064246	57.064246

57.064246	57.064246

57.064246	57.064246

57.064246	57.064246

57.064246	57.064246

57.064246	57.064246

57.064246	57.064246

57.064246	57.064246

57.064246	57.064246

57.064246	57.064246

57.064246	57.064246

57.064246	57.064246

57.064246	57.064246

57.064246	57.064246

57.064246	57.064246

57.064246	57.064246

57.064246	57.064246

57.064246	57.064246

57.503687	55.331952

58.162854	52.733508

58.162854	52.733508

58.162854	52.733508

58.162854	52.733508

58.162854	52.733508

58.162854	52.733508

58.162854	52.733508

58.162854	52.733508

58.162854	52.733508

58.162854	52.733508

58.162854	52.733508

58.162854	52.733508

58.162854	52.733508

55.572363	53.400623

53.845367	53.845367

53.845367	53.845367

53.845367	53.845367

53.845367	53.845367

53.845367	53.845367

53.845367	53.845367

53.845367	53.845367

53.845367	53.845367

53.845367	53.845367

53.845367	53.845367

53.845367	53.845367

53.845367	53.845367

53.845367	53.845367

53.845367	53.845367

53.845367	53.845367

53.845367	53.845367

53.845367	53.845367

53.845367	53.845367

53.845367	53.845367

53.845367	53.845367

53.845367	53.845367

53.845367	53.845367

53.845367	53.845367

53.845367	53.845367

53.845367	53.845367

53.845367	53.845367

53.845367	53.845367

53.845367	53.845367

53.845367	53.845367

53.845367	53.845367

53.845367	53.845367

53.845367	53.845367

53.845367	53.845367

53.845367	53.845367

53.845367	53.845367

53.845367	53.845367

53.845367	53.845367

53.845367	53.845367

53.845367	53.845367

53.845367	53.845367

53.845367	53.845367

53.845367	53.845367

53.845367	53.845367

53.845367	53.845367

53.845367	53.845367

53.845367	53.845367

53.845367	53.845367

53.845367	53.845367

53.845367	53.845367

53.845367	53.845367

53.845367	53.845367

53.845367	53.845367

53.845367	53.845367

53.845367	53.845367

53.845367	53.845367

53.845367	53.845367

53.845367	53.845367

53.845367	53.845367

67.995734	70.121112

67.222601	70.764886

67.222601	70.764886

66.406122	71.377472

63.021899	73.753601

62.563898	74.030859

60.731897	75.139899

60.731897	75.139899

60.731897	75.139899

58.783002	76.194489

58.295782	76.458136

55.693091	77.710901

55.693091	77.710901

55.693091	77.710901

55.693091	77.710901

55.693091	77.710901

56.352258	76.948761

58.434412	74.143835

56.835864	74.292181

57.765149	73.052911

57.765149	73.052911

54.769415	74.224548

54.769415	74.224548

54.769415	74.224548

54.769415	74.224548

54.769415	74.224548

54.769415	74.224548

55.664410	72.914612

56.261072	72.041315

56.261072	72.041315

56.261072	72.041315

56.261072	72.041315

56.261072	72.041315

57.686084	69.710559

57.686084	69.710559

57.686084	69.710559

57.686084	69.710559

57.686084	69.710559

57.686084	69.710559

57.686084	69.710559

57.686084	69.710559

57.686084	69.710559

57.686084	69.710559

57.686084	69.710559

57.686084	69.710559

58.502667	68.211334

57.092206	67.904834

55.788965	68.366821

55.788965	68.366821

56.838708	66.221997

57.101147	65.685797

58.353912	62.768030

58.353912	62.768030

60.004926	58.094116

60.688586	55.911566

60.688586	55.911566

60.688586	55.911566

60.688586	55.911566

60.688586	55.911566

60.688586	55.911566

60.688586	55.911566

60.688586	55.911566

60.688586	55.911566

60.688586	55.911566

60.688586	55.911566

60.688586	55.911566

60.688586	55.911566

60.688586	55.911566

60.688586	55.911566

60.688586	55.911566

60.688586	55.911566

60.688586	55.911566

60.688586	55.911566

60.688586	55.911566

60.688586	55.911566

60.688586	55.911566

60.688586	55.911566

60.688586	55.911566

60.688586	55.911566

60.688586	55.911566

60.688586	55.911566

60.688586	55.911566

60.688586	55.911566

57.789111	56.833710

57.064246	57.064246

57.064246	57.064246

57.064246	57.064246

57.064246	57.064246

57.064246	57.064246

57.064246	57.064246

57.064246	57.064246

57.064246	57.064246

57.064246	57.064246

57.064246	57.064246

57.064246	57.064246

57.064246	57.064246

57.064246	57.064246

54.465802	57.723413

52.733508	58.162854

52.733508	58.162854

52.733508	58.162854

52.733508	58.162854

52.733508	58.162854

52.955884	57.299359

53.845367	53.845367

53.845367	53.845367

53.845367	53.845367

53.845367	53.845367

53.845367	53.845367

53.845367	53.845367

53.845367	53.845367

53.845367	53.845367

53.845367	53.845367

53.845367	53.845367

53.845367	53.845367

53.845367	53.845367

53.845367	53.845367

53.845367	53.845367

53.845367	53.845367

53.845367	53.845367

53.845367	53.845367

53.845367	53.845367

53.845367	53.845367

53.845367	53.845367

53.845367	53.845367

53.845367	53.845367

53.845367	53.845367

53.845367	53.845367

53.845367	53.845367

53.845367	53.845367

53.845367	53.845367

53.845367	53.845367

53.845367	53.845367

53.845367	53.845367

53.845367	53.845367

53.845367	53.845367

53.845367	53.845367

53.845367	53.845367

53.845367	53.845367

53.845367	53.845367

53.845367	53.845367

53.845367	53.845367

53.845367	53.845367

53.845367	53.845367

53.845367	53.845367

53.845367	53.845367

53.845367	53.845367

53.845367	53.845367

53.845367	53.845367

53.845367	53.845367

53.845367	53.845367

53.845367	53.845367

53.845367	53.845367

53.845367	53.845367

53.845367	53.845367

53.845367	53.845367

53.845367	53.845367

53.845367	53.845367

53.845367	53.845367

53.845367	53.845367

53.845367	53.845367

53.845367	53.845367

53.845367	53.845367

53.845367	53.845367

53.845367	53.845367

53.845367	53.845367

53.845367	53.845367

53.845367	53.845367

53.845367	53.845367

53.845367	53.845367

53.845367	53.845367

53.845367	53.845367

53.845367	53.845367

53.845367	53.845367

53.845367	53.845367

53.845367	53.845367

53.845367	53.845367

53.845367	53.845367

53.845367	53.845367

53.845367	53.845367

53.845367	53.845367

53.845367	53.845367

53.845367	53.845367

53.845367	53.845367

53.845367	53.845367

53.845367	53.845367

53.845367	53.845367

53.845367	53.845367

53.845367	53.845367

53.845367	53.845367

53.845367	53.845367

53.845367	53.845367

53.845367	53.845367

53.845367	53.845367

53.845367	53.845367

53.845367	53.845367

53.845367	53.845367

53.845367	53.845367

53.845367	53.845367

53.845367	53.845367

69.155444	69.155444

67.107996	71.335852

67.543811	71.062134

67.543811	71.062134

67.543811	71.062134

67.543811	71.062134

67.896967	70.711627

69.309595	69.309595

69.309595	69.309595

69.309595	69.309595

69.950134	68.540430

69.155444	69.155444

69.155444	69.155444

70.121112	67.995734

70.764886	67.222601

69.613123	68.196216

69.463251	68.034033

70.390192	66.817139

71.861035	64.670563

71.861035	64.670563

71.861035	64.670563

71.861035	64.670563

72.701099	63.304199

73.261133	62.393292

73.261133	62.393292

73.261133	62.393292

73.261133	62.393292

73.261133	62.393292

73.261133	62.393292

73.261133	62.393292

73.261133	62.393292

71.670831	63.660590

72.593237	61.499860

73.900208	58.988928

73.900208	58.988928

74.631104	57.325372

75.118359	56.216339

75.118359	56.216339

75.118359	56.216339

75.118359	56.216339

75.118359	56.216339

75.118359	56.216339

75.118359	56.216339

75.118359	56.216339

75.118359	56.216339

75.118359	56.216339

75.118359	56.216339

75.118359	56.216339

75.118359	56.216339

75.118359	56.216339

76.275818	53.208185

76.275818	53.208185

76.275818	53.208185

76.275818	53.208185

76.275818	53.208185

75.045056	54.144922

72.041315	56.261072

72.041315	56.261072

72.041315	56.261072

72.241785	53.552692

70.851721	54.415247

70.851721	54.415247

70.851721	54.415247

71.068646	53.677472

71.936346	50.726367

71.936346	50.726367

71.936346	50.726367

71.936346	50.726367

71.936346	50.726367

71.936346	50.726367

71.936346	50.726367

71.936346	50.726367

71.936346	50.726367

71.936346	50.726367

71.442163	51.003625

69.465430	52.112665

69.465430	52.112665

69.465430	52.112665

69.465430	52.112665

69.465430	52.112665

69.465430	52.112665

68.931982	52.377649

66.798206	53.437585

66.798206	53.437585

67.644434	49.942029

67.277917	49.323819

64.965625	50.346545

64.965625	50.346545

64.965625	50.346545

64.965625	50.346545

64.965625	50.346545

64.965625	50.346545

64.965625	50.346545

64.965625	50.346545

64.965625	50.346545

64.965625	50.346545

64.965625	50.346545

64.965625	50.346545

64.965625	50.346545

64.965625	50.346545

64.965625	50.346545

64.965625	50.346545

64.965625	50.346545

64.965625	50.346545

64.965625	50.346545

64.965625	50.346545

64.965625	50.346545

64.965625	50.346545

64.965625	50.346545

64.965625	50.346545

63.050513	51.079276

61.773773	51.567761

61.773773	51.567761

61.773773	51.567761

61.773773	51.567761

61.773773	51.567761

61.773773	51.567761

61.773773	51.567761

61.773773	51.567761

61.773773	51.567761

61.773773	51.567761

61.773773	51.567761

61.773773	51.567761

61.773773	51.567761

61.773773	51.567761

61.773773	51.567761

61.773773	51.567761

61.773773	51.567761

61.773773	51.567761

61.773773	51.567761

61.773773	51.567761

61.773773	51.567761

61.773773	51.567761

61.773773	51.567761

61.773773	51.567761

61.773773	51.567761

61.773773	51.567761

61.773773	51.567761

61.773773	51.567761

61.773773	51.567761

61.773773	51.567761

61.773773	51.567761

61.773773	51.567761

61.773773	51.567761

61.051587	51.800909

58.162854	52.733508

58.162854	52.733508

58.162854	52.733508

58.162854	52.733508

58.162854	52.733508

58.162854	52.733508

58.162854	52.733508

58.162854	52.733508

58.162854	52.733508

58.162854	52.733508

58.162854	52.733508

58.162854	52.733508

58.162854	52.733508

58.162854	52.733508

58.162854	52.733508

58.162854	52.733508

58.162854	52.733508

58.162854	52.733508

58.162854	52.733508

58.162854	52.733508

58.162854	52.733508

58.162854	52.733508

58.162854	52.733508

58.162854	52.733508

58.162854	52.733508

58.162854	52.733508

58.162854	52.733508

58.162854	52.733508

58.162854	52.733508

58.162854	52.733508

58.162854	52.733508

58.162854	52.733508

58.162854	52.733508

58.162854	52.733508

58.162854	52.733508

58.162854	52.733508

58.162854	52.733508

58.162854	52.733508

58.162854	52.733508

58.162854	52.733508

58.162854	52.733508

58.162854	52.733508

58.162854	52.733508

58.162854	52.733508

58.162854	52.733508

58.162854	52.733508

58.162854	52.733508

58.162854	52.733508

58.162854	52.733508

58.162854	52.733508

58.162854	52.733508

58.162854	52.733508

58.162854	52.733508

58.162854	52.733508

58.162854	52.733508

64.150800	73.379688

63.874561	73.798340

65.192920	72.957758

65.684912	72.727142

67.506567	71.027124

67.832935	70.652344

67.463770	70.988031

67.463770	70.988031

67.463770	70.988031

67.802100	70.621509

69.675159	68.258240

68.845288	68.845288

67.628400	69.772235

66.817139	70.390192

66.817139	70.390192

66.817139	70.390192

66.817139	70.390192

65.099878	71.566870

64.670563	71.861035

63.304199	72.701099

62.393292	73.261133

62.393292	73.261133

62.214111	72.478442

61.566614	72.619275

61.967725	71.622278

61.111694	70.936359

61.991498	69.609747

61.991498	69.609747

62.551245	68.666486

63.390863	67.251593

63.390863	67.251593

63.390863	67.251593

63.390863	67.251593

63.390863	67.251593

64.458862	65.231012

65.489648	63.093091

65.998834	62.004572

65.998834	62.004572

65.998834	62.004572

64.373999	62.776294

63.290778	63.290778

63.290778	63.290778

63.290778	63.290778

63.290778	63.290778

63.290778	63.290778

60.346338	64.517224

60.346338	64.517224

60.346338	64.517224

60.346338	64.517224

60.346338	64.517224

60.346338	64.517224

60.346338	64.517224

60.346338	64.517224

60.346338	64.517224

60.346338	64.517224

60.346338	64.517224

60.594281	63.930988

61.586035	61.586035

61.586035	61.586035

61.586035	61.586035

60.939612	61.822430

58.353912	62.768030

58.353912	62.768030

58.353912	62.768030

58.353912	62.768030

58.592963	62.124255

59.549152	59.549152

59.549152	59.549152

59.549152	59.549152

59.549152	59.549152

59.549152	59.549152

59.549152	59.549152

59.549152	59.549152

59.549152	59.549152

59.549152	59.549152

59.549152	59.549152

59.549152	59.549152

59.549152	59.549152

59.549152	59.549152

59.549152	59.549152

60.232813	57.366602

60.688586	55.911566

60.688586	55.911566

60.688586	55.911566

60.688586	55.911566

60.688586	55.911566

60.688586	55.911566

60.688586	55.911566

60.688586	55.911566

60.688586	55.911566

60.688586	55.911566

60.688586	55.911566

60.688586	55.911566

60.688586	55.911566

60.688586	55.911566

60.688586	55.911566

60.688586	55.911566

60.688586	55.911566

60.688586	55.911566

60.688586	55.911566

59.238849	56.372638

57.064246	57.064246

57.064246	57.064246

57.064246	57.064246

57.064246	57.064246

57.064246	57.064246

57.064246	57.064246

57.064246	57.064246

57.064246	57.064246

57.064246	57.064246

57.064246	57.064246

57.064246	57.064246

57.064246	57.064246

57.064246	57.064246

57.064246	57.064246

57.064246	57.064246

57.064246	57.064246

57.064246	57.064246

57.064246	57.064246

57.064246	57.064246

57.064246	57.064246

57.064246	57.064246

57.064246	57.064246

57.064246	57.064246

57.064246	57.064246

57.064246	57.064246

57.064246	57.064246

57.064246	57.064246

57.064246	57.064246

57.064246	57.064246

57.064246	57.064246

57.064246	57.064246

57.064246	57.064246

57.064246	57.064246

57.064246	57.064246

57.064246	57.064246

57.064246	57.064246

57.064246	57.064246

57.064246	57.064246

57.064246	57.064246

57.064246	57.064246

57.064246	57.064246

57.064246	57.064246

57.064246	57.064246

57.064246	57.064246

57.064246	57.064246

57.064246	57.064246

57.064246	57.064246

57.064246	57.064246

57.064246	57.064246

57.064246	57.064246

57.283966	56.198096

58.162854	52.733508

58.162854	52.733508

58.162854	52.733508

58.162854	52.733508

58.162854	52.733508

58.162854	52.733508

58.162854	52.733508

58.162854	52.733508

58.162854	52.733508

58.162854	52.733508

58.162854	52.733508

58.162854	52.733508

58.162854	52.733508

58.162854	52.733508

58.162854	52.733508

58.162854	52.733508

58.162854	52.733508

58.162854	52.733508

58.162854	52.733508

58.162854	52.733508

58.162854	52.733508

58.162854	52.733508

58.162854	52.733508

58.162854	52.733508

58.162854	52.733508

58.162854	52.733508

58.162854	52.733508

58.162854	52.733508

58.162854	52.733508

58.162854	52.733508

58.162854	52.733508

58.162854	52.733508

58.162854	52.733508

58.162854	52.733508

58.162854	52.733508

58.162854	52.733508

58.162854	52.733508

58.162854	52.733508

58.162854	52.733508

58.162854	52.733508

58.162854	52.733508

58.162854	52.733508

58.162854	52.733508

58.162854	52.733508

58.162854	52.733508

58.162854	52.733508

58.162854	52.733508

58.162854	52.733508

74.828125	62.794409

75.633435	62.235864

76.543195	61.009778

76.748975	60.463428

77.243097	59.474432

77.514722	59.011432

78.264508	57.525330

76.917670	58.988928

77.178479	58.499219

78.221729	56.540387

78.221729	56.540387

78.221729	56.540387

78.221729	56.540387

78.221729	56.540387

78.221729	56.540387

78.221729	56.540387

78.221729	56.540387

76.458136	58.295782

76.458136	58.295782

76.458136	58.295782

76.458136	58.295782

76.458136	58.295782

76.458136	58.295782

76.458136	58.295782

76.458136	58.295782

75.712225	58.965369

74.593353	59.969757

75.606909	57.897540

75.860303	57.379492

75.860303	57.379492

75.860303	57.379492

75.860303	57.379492

75.860303	57.379492

75.860303	57.379492

75.860303	57.379492

75.860303	57.379492

75.860303	57.379492

75.860303	57.379492

75.860303	57.379492

74.292224	58.667041

74.387463	57.879895

75.118359	56.216339

76.044324	53.809814

77.374426	49.900073

77.374426	49.900073

77.374426	49.900073

77.374426	49.900073

77.374426	49.900073

77.374426	49.900073

77.374426	49.900073

77.374426	49.900073

77.374426	49.900073

77.374426	49.900073

75.284674	51.445807

73.168494	52.977655

73.168494	52.977655

73.168494	52.977655

73.168494	52.977655

73.168494	52.977655

73.168494	52.977655

73.168494	52.977655

72.705139	53.265173

70.851721	54.415247

70.851721	54.415247

70.851721	54.415247

68.366821	55.788965

68.366821	55.788965

68.366821	55.788965

68.366821	55.788965

68.366821	55.788965

68.366821	55.788965

68.366821	55.788965

68.366821	55.788965

68.366821	55.788965

68.366821	55.788965

68.366821	55.788965

67.830615	56.051398

65.685797	57.101147

65.685797	57.101147

66.353247	54.903009

66.798206	53.437585

66.798206	53.437585

66.798206	53.437585

66.217371	53.690723

63.894037	54.703253

63.894037	54.703253

63.894037	54.703253

63.894037	54.703253

63.894037	54.703253

63.894037	54.703253

63.894037	54.703253

63.894037	54.703253

63.894037	54.703253

63.894037	54.703253

63.894037	54.703253

63.894037	54.703253

63.894037	54.703253

63.894037	54.703253

63.894037	54.703253

63.894037	54.703253

63.894037	54.703253

63.894037	54.703253

63.894037	54.703253

63.894037	54.703253

63.894037	54.703253

63.894037	54.703253

63.894037	54.703253

63.894037	54.703253

63.894037	54.703253

63.894037	54.703253

63.894037	54.703253

63.894037	54.703253

63.894037	54.703253

63.894037	54.703253

63.894037	54.703253

63.252948	54.944916

60.688586	55.911566

60.688586	55.911566

60.688586	55.911566

60.688586	55.911566

60.688586	55.911566

60.688586	55.911566

60.688586	55.911566

60.688586	55.911566

60.688586	55.911566

60.688586	55.911566

60.688586	55.911566

57.789111	56.833710

57.064246	57.064246

57.064246	57.064246

57.064246	57.064246

57.064246	57.064246

57.064246	57.064246

57.064246	57.064246

57.064246	57.064246

57.064246	57.064246

57.064246	57.064246

57.064246	57.064246

57.064246	57.064246

57.064246	57.064246

57.064246	57.064246

57.064246	57.064246

57.064246	57.064246

57.064246	57.064246

57.064246	57.064246

57.064246	57.064246

57.064246	57.064246

57.064246	57.064246

57.283966	56.198096

58.162854	52.733508

58.162854	52.733508

58.162854	52.733508

58.162854	52.733508

58.162854	52.733508

58.162854	52.733508

58.162854	52.733508

58.162854	52.733508

58.162854	52.733508

58.162854	52.733508

58.162854	52.733508

58.162854	52.733508

58.162854	52.733508

58.162854	52.733508

58.162854	52.733508

58.162854	52.733508

58.162854	52.733508

58.162854	52.733508

58.162854	52.733508

58.162854	52.733508

58.162854	52.733508

58.162854	52.733508

58.162854	52.733508

58.162854	52.733508

58.162854	52.733508

56.435864	53.178253

53.845367	53.845367

53.845367	53.845367

53.845367	53.845367

53.845367	53.845367

53.845367	53.845367

53.845367	53.845367

53.845367	53.845367

53.845367	53.845367

53.845367	53.845367

53.845367	53.845367

53.845367	53.845367

53.845367	53.845367

53.845367	53.845367

53.845367	53.845367

53.845367	53.845367

53.845367	53.845367

53.845367	53.845367

53.845367	53.845367

53.845367	53.845367

53.845367	53.845367

53.845367	53.845367

53.845367	53.845367

53.845367	53.845367

53.845367	53.845367

53.845367	53.845367

79.546521	56.902393

77.720306	59.322668

78.852533	57.564893

79.121277	57.099438

78.920233	56.775067

78.112720	57.277710

78.221729	56.540387

77.869006	56.891467

76.458136	58.295782

76.458136	58.295782

75.712225	58.965369

74.593353	59.969757

74.593353	59.969757

74.593353	59.969757

74.593353	59.969757

74.593353	59.969757

75.606909	57.897540

75.860303	57.379492

75.860303	57.379492

75.860303	57.379492

77.039911	54.500311

78.207336	51.574048

78.207336	51.574048

78.207336	51.574048

78.207336	51.574048

78.207336	51.574048

78.207336	51.574048

78.207336	51.574048

78.424139	50.910004

79.291351	48.253821

79.291351	48.253821

80.112665	45.263690

80.317993	44.516156

80.317993	44.516156

80.317993	44.516156

80.317993	44.516156

80.317993	44.516156

80.317993	44.516156

80.317993	44.516156

80.317993	44.516156

80.317993	44.516156

78.415887	46.174380

78.415887	46.174380

78.415887	46.174380

76.393604	47.760010

76.393604	47.760010

76.393604	47.760010

75.100806	48.669815

74.238940	49.276355

74.238940	49.276355

74.238940	49.276355

74.238940	49.276355

74.238940	49.276355

74.238940	49.276355

74.238940	49.276355

74.238940	49.276355

74.238940	49.276355

74.238940	49.276355

74.238940	49.276355

74.238940	49.276355

71.936346	50.726367

71.936346	50.726367

71.936346	50.726367

71.936346	50.726367

71.936346	50.726367

71.936346	50.726367

71.936346	50.726367

71.936346	50.726367

71.936346	50.726367

71.442163	51.003625

67.865100	52.907617

66.798206	53.437585

66.798206	53.437585

66.798206	53.437585

66.798206	53.437585

66.798206	53.437585

66.798206	53.437585

66.798206	53.437585

66.798206	53.437585

66.798206	53.437585

66.798206	53.437585

66.798206	53.437585

66.798206	53.437585

66.217371	53.690723

63.894037	54.703253

63.894037	54.703253

63.894037	54.703253

63.894037	54.703253

63.894037	54.703253

63.894037	54.703253

63.894037	54.703253

63.894037	54.703253

63.894037	54.703253

63.252948	54.944916

57.064246	57.064246

57.064246	57.064246

57.064246	57.064246

57.064246	57.064246

57.064246	57.064246

57.064246	57.064246

57.064246	57.064246

57.943134	53.599658

58.162854	52.733508

58.162854	52.733508

58.162854	52.733508

58.162854	52.733508

56.435864	53.178253

53.845367	53.845367

53.845367	53.845367

53.845367	53.845367

53.845367	53.845367

53.845367	53.845367

53.845367	53.845367

53.845367	53.845367

53.845367	53.845367

53.845367	53.845367

53.845367	53.845367

53.845367	53.845367

53.845367	53.845367

53.845367	53.845367

53.845367	53.845367

53.845367	53.845367

53.845367	53.845367

53.845367	53.845367

53.845367	53.845367

53.845367	53.845367

53.845367	53.845367

53.845367	53.845367

53.845367	53.845367

53.845367	53.845367

53.845367	53.845367

53.845367	53.845367

53.845367	53.845367

53.845367	53.845367

53.845367	53.845367

53.845367	53.845367

53.845367	53.845367

53.845367	53.845367

53.845367	53.845367

53.845367	53.845367

53.845367	53.845367

53.845367	53.845367

53.845367	53.845367

53.845367	53.845367

53.845367	53.845367

53.845367	53.845367

53.845367	53.845367

53.845367	53.845367

53.845367	53.845367

53.845367	53.845367

53.845367	53.845367

53.845367	53.845367

53.845367	53.845367

53.845367	53.845367

53.845367	53.845367

53.845367	53.845367

53.845367	53.845367

53.845367	53.845367

53.845367	53.845367

53.845367	53.845367

53.845367	53.845367

53.845367	53.845367

53.845367	53.845367

53.845367	53.845367

53.845367	53.845367

53.845367	53.845367

53.845367	53.845367

53.845367	53.845367

53.845367	53.845367

53.845367	53.845367

53.845367	53.845367

53.845367	53.845367

53.845367	53.845367

53.845367	53.845367

53.845367	53.845367

53.845367	53.845367

53.845367	53.845367

53.845367	53.845367

53.845367	53.845367

53.845367	53.845367

53.845367	53.845367

53.845367	53.845367

53.845367	53.845367

53.845367	53.845367

53.845367	53.845367

53.845367	53.845367

53.845367	53.845367

53.845367	53.845367

53.845367	53.845367

53.845367	53.845367

53.845367	53.845367

53.845367	53.845367

53.845367	53.845367

53.845367	53.845367

53.845367	53.845367

53.845367	53.845367

53.845367	53.845367

53.845367	53.845367

53.845367	53.845367

53.845367	53.845367

