136.531604
136.531604
137.337305
137.477759
138.246216
138.395422
138.518762
138.619189
138.619189
138.528381
138.412048
138.261487
138.035645
137.697974
137.472876
137.472876
137.472876
137.472876
137.491431
137.530493
137.477759
137.477759
136.775500
136.775500
136.594751
135.424646
134.753918
134.601270
134.563110
134.563110
134.563110
134.563110
134.563110
134.261353
134.185901
134.185901
134.185901
134.185901
132.345935
130.818054
130.818054
130.818054
130.818054
130.818054
130.088416
128.993958
128.993958
128.579004
128.302380
128.302380
127.758936
127.396631
127.396631
127.396631
127.396631
127.396631
127.396631
127.396631
127.396631
126.970703
125.266968
125.266968
125.266968
125.266968
125.266968
122.662720
122.662720
122.662720
122.011938
120.772705
120.235791
120.235791
120.235791
120.235791
118.924988
118.597290
118.597290
118.597290
118.597290
118.597290
118.597290
118.597290
118.597290
118.597290
118.597290
118.597290
118.597290
118.597290
118.597290
116.600146
115.948425
112.363464
110.896362
110.896362
110.896362
110.896362
110.896362
110.896362
110.896362
110.896362
110.896362
110.896362
110.896362
110.896362
110.896362
110.896362
110.896362
110.896362
110.896362
110.896362
110.896362
110.896362
110.896362
110.896362
110.896362
110.896362
110.896362
110.896362
110.896362
110.896362
110.896362
110.896362
110.896362
110.896362
110.896362
110.896362
110.896362
110.896362
110.896362
110.896362
110.896362
110.896362
110.896362
110.896362
110.896362
110.896362
110.896362
110.896362
110.896362
110.896362
110.896362
110.896362
110.896362
110.896362
110.896362
110.896362
110.896362
110.896362
110.896362
110.896362
110.896362
110.896362
110.896362
110.896362
110.896362
110.896362
110.896362
110.896362
110.896362
110.896362
110.896362
110.896362
110.896362
110.896362
110.896362
110.896362
110.896362
110.896362
110.896362
110.896362
110.896362
110.896362
110.896362
110.896362
110.896362
110.896362
110.896362
110.896362
110.896362
110.896362
110.896362
110.896362
110.896362
110.896362
110.896362
110.896362
110.896362
110.896362
110.896362
110.896362
110.896362
110.896362
110.896362
110.896362
110.896362
110.896362
110.896362
110.896362
110.896362
110.896362
138.010376
138.101904
137.913977
136.925708
137.199365
137.308765
137.170728
136.717529
136.765283
136.836890
136.607031
135.828320
135.654419
135.654419
135.654419
135.654419
135.654419
135.331421
134.824768
134.185901
133.844055
133.616150
133.616150
133.616150
132.844958
132.844958
132.450842
131.859680
131.859680
130.885901
130.642456
130.642456
130.642456
130.642456
130.642456
130.642456
129.348694
128.003406
128.003406
128.003406
128.003406
128.003406
128.003406
128.003406
128.003406
128.003406
128.003406
128.003406
128.003406
128.003406
128.003406
125.694836
124.155786
124.155786
123.640247
121.578101
121.578101
121.578101
121.578101
121.578101
121.578101
120.772705
120.235791
120.235791
120.235791
120.235791
120.235791
120.235791
120.235791
120.235791
120.235791
116.924133
116.924133
116.924133
116.924133
116.924133
116.924133
116.924133
116.924133
116.924133
116.924133
116.924133
116.924133
116.924133
116.924133
116.924133
116.924133
115.312158
115.312158
115.312158
115.312158
115.312158
115.312158
115.312158
115.312158
115.312158
115.312158
115.312158
115.312158
115.312158
115.312158
115.312158
115.312158
115.312158
115.312158
115.312158
115.312158
115.312158
115.312158
114.523914
113.341541
113.341541
113.341541
113.341541
113.341541
113.341541
113.341541
113.341541
113.341541
113.341541
113.341541
113.341541
113.341541
113.341541
113.341541
113.341541
113.341541
113.341541
113.341541
113.341541
113.341541
113.341541
113.341541
113.341541
113.341541
113.341541
113.341541
113.341541
113.341541
113.341541
113.341541
113.341541
113.341541
111.385400
110.896362
110.896362
110.896362
110.896362
110.896362
110.896362
110.896362
110.896362
110.896362
110.896362
110.896362
110.896362
110.896362
110.896362
110.896362
110.896362
110.896362
110.896362
110.896362
110.896362
110.896362
110.896362
110.896362
110.896362
110.896362
110.896362
110.896362
110.896362
110.896362
110.896362
110.896362
110.896362
110.896362
110.896362
110.896362
110.896362
110.896362
110.896362
110.896362
110.896362
110.896362
110.896362
110.896362
110.896362
110.896362
110.896362
110.896362
110.896362
110.896362
110.896362
108.972986
107.690735
107.690735
107.690735
107.690735
107.690735
137.864233
138.056140
137.987488
137.987488
137.987488
137.987488
137.681641
137.477759
137.477759
136.915955
136.278284
135.654419
135.654419
135.573669
134.773669
134.654419
134.239111
133.108069
132.345935
132.345935
132.345935
132.345935
132.345935
132.345935
132.345935
131.899121
131.601245
131.601245
131.217725
129.757568
129.167627
129.167627
128.105029
126.486450
126.258911
126.258911
126.258911
126.258911
126.258911
126.258911
126.258911
126.258911
126.258911
126.258911
126.258911
126.258911
126.258911
126.258911
126.258911
126.258911
126.258911
126.258911
126.258911
125.700781
123.510364
123.172070
123.172070
123.172070
123.172070
123.172070
123.172070
123.172070
123.172070
123.172070
123.172070
123.172070
123.172070
123.172070
123.172070
121.121936
121.121936
121.121936
121.121936
121.121936
121.121936
121.121936
121.121936
121.121936
121.121936
121.121936
121.121936
121.121936
121.121936
121.121936
121.121936
121.121936
121.121936
121.121936
121.121936
121.121936
121.121936
121.121936
119.907764
119.098303
119.098303
119.098303
119.098303
119.098303
119.098303
119.098303
119.098303
119.098303
119.098303
119.098303
116.600146
116.600146
116.600146
116.600146
114.128491
114.128491
114.128491
114.128491
114.128491
114.128491
114.128491
114.128491
114.128491
114.128491
114.128491
114.128491
114.128491
114.128491
114.128491
114.128491
114.128491
114.128491
114.128491
114.128491
114.128491
112.835645
110.896362
110.896362
110.896362
110.896362
110.896362
110.896362
110.896362
110.896362
110.896362
110.896362
110.896362
110.896362
110.896362
110.896362
110.896362
110.896362
110.896362
110.896362
110.896362
110.896362
110.896362
110.896362
110.896362
110.896362
110.896362
110.896362
110.896362
110.896362
110.896362
110.896362
107.690735
107.690735
107.690735
107.690735
107.690735
107.690735
107.690735
107.690735
107.690735
107.690735
107.690735
107.690735
107.690735
107.690735
107.690735
107.690735
107.690735
107.690735
107.690735
107.690735
107.690735
107.690735
107.690735
107.690735
107.690735
107.690735
107.690735
107.690735
107.690735
107.690735
107.690735
107.690735
107.690735
107.690735
107.690735
107.690735
107.690735
107.690735
107.690735
107.690735
138.619189
138.619189
138.381812
138.101904
137.672900
137.530493
137.477759
136.818396
136.531604
136.531604
136.187378
135.727686
135.478589
135.478589
135.148926
132.844958
132.844958
132.253796
131.859680
131.859680
131.616235
129.689868
129.451733
129.451733
128.293079
128.003406
127.434656
126.581555
126.581555
124.863574
124.863574
124.863574
124.186963
123.172070
123.172070
123.172070
123.172070
123.172070
123.172070
123.172070
123.172070
123.172070
123.172070
121.941992
121.121936
121.121936
121.121936
121.121936
121.121936
121.121936
121.121936
121.121936
121.121936
121.121936
121.121936
121.121936
121.121936
121.121936
121.121936
121.121936
121.121936
121.121936
121.121936
121.121936
121.121936
121.121936
121.121936
121.121936
119.098303
119.098303
119.098303
118.099048
116.600146
116.600146
116.600146
116.600146
116.600146
116.600146
116.600146
116.600146
116.600146
116.600146
116.600146
116.600146
116.600146
116.600146
116.600146
116.600146
116.600146
116.600146
116.600146
116.600146
116.600146
116.600146
116.600146
116.600146
116.600146
116.600146
116.600146
116.600146
116.600146
116.600146
116.600146
116.600146
116.600146
116.600146
116.600146
116.600146
116.600146
116.600146
116.600146
116.600146
116.600146
116.600146
116.600146
116.600146
116.600146
116.600146
113.993262
113.341541
113.341541
113.341541
113.341541
113.341541
113.341541
113.341541
113.341541
113.341541
113.341541
113.341541
113.341541
113.341541
113.341541
113.341541
113.341541
113.341541
113.341541
113.341541
113.341541
113.341541
113.341541
113.341541
113.341541
113.341541
113.341541
113.341541
112.363464
110.896362
110.896362
110.896362
110.896362
110.896362
110.896362
110.896362
110.896362
110.896362
110.896362
110.896362
110.896362
110.896362
110.896362
110.896362
110.896362
110.896362
110.896362
110.896362
110.896362
110.896362
110.896362
110.896362
110.896362
110.896362
110.896362
110.896362
110.896362
110.896362
110.896362
110.896362
110.896362
109.614111
107.690735
107.690735
107.690735
107.690735
107.690735
107.690735
107.690735
107.690735
107.690735
107.690735
107.690735
107.690735
107.690735
107.690735
107.690735
107.690735
107.690735
107.690735
107.690735
107.690735
138.412048
138.339063
138.310889
138.310889
137.987488
137.579712
137.056409
136.726721
136.531604
136.531604
135.829858
135.654419
135.250671
134.596863
132.854028
132.345935
132.345935
132.345935
132.345935
132.048059
131.601245
131.601245
131.601245
131.601245
131.601245
130.700452
130.099915
130.099915
130.099915
130.099915
130.099915
130.099915
128.661877
128.302380
128.302380
127.396631
127.396631
126.065833
123.608240
122.786938
121.454944
121.121936
121.121936
121.121936
119.607153
118.597290
118.597290
118.597290
118.597290
116.600146
116.600146
115.611475
114.128491
114.128491
114.128491
114.128491
114.128491
114.128491
114.128491
114.128491
114.128491
114.128491
114.128491
114.128491
112.189209
110.896362
110.896362
110.896362
110.896362
110.896362
110.896362
110.896362
110.896362
110.896362
110.896362
110.896362
110.896362
110.896362
110.896362
110.896362
110.896362
110.896362
110.896362
110.896362
110.896362
110.896362
110.896362
110.896362
110.896362
110.896362
110.896362
110.896362
110.896362
110.896362
110.896362
110.896362
110.896362
110.896362
110.896362
110.896362
110.896362
110.896362
110.896362
109.614111
107.690735
107.690735
107.690735
107.690735
107.690735
107.690735
107.690735
107.690735
107.690735
107.690735
107.690735
107.690735
107.690735
107.690735
107.690735
107.690735
107.690735
107.690735
107.690735
107.690735
107.690735
107.690735
107.690735
107.690735
107.690735
107.690735
107.690735
107.690735
107.690735
107.690735
107.690735
107.690735
107.690735
107.690735
107.690735
107.690735
107.690735
107.690735
107.690735
107.690735
107.690735
107.690735
107.690735
107.690735
107.690735
107.690735
107.690735
107.690735
107.690735
107.690735
107.690735
107.690735
107.690735
107.690735
107.690735
107.690735
107.690735
107.690735
107.690735
107.690735
107.690735
107.690735
107.690735
107.690735
107.690735
107.690735
107.690735
107.690735
107.690735
107.690735
107.690735
107.690735
107.690735
107.690735
107.690735
107.690735
107.690735
107.690735
107.690735
107.690735
107.690735
107.690735
107.690735
107.690735
107.690735
107.690735
107.690735
107.690735
107.690735
107.690735
107.690735
107.690735
107.690735
107.690735
107.690735
107.690735
137.666028
135.717139
134.611816
132.780493
132.345935
132.345935
132.345935
132.345935
132.345935
132.345935
132.345935
132.345935
132.345935
132.345935
131.899121
131.000708
130.099915
130.099915
130.099915
129.167627
128.105029
127.396631
127.396631
127.396631
127.396631
127.396631
127.396631
127.396631
127.396631
126.258911
126.258911
126.258911
125.421716
124.863574
124.863574
123.848669
123.172070
123.172070
123.172070
123.172070
123.172070
123.172070
123.172070
123.172070
123.172070
123.172070
123.172070
123.172070
123.172070
123.172070
121.531970
121.121936
121.121936
121.121936
121.121936
121.121936
121.121936
121.121936
121.121936
120.717212
119.098303
119.098303
119.098303
119.098303
119.098303
119.098303
119.098303
119.098303
119.098303
119.098303
119.098303
119.098303
119.098303
119.098303
119.098303
119.098303
119.098303
118.099048
115.948425
113.341541
113.341541
113.341541
113.341541
113.341541
113.341541
113.341541
113.341541
113.341541
113.341541
113.341541
113.341541
113.341541
113.341541
113.341541
113.341541
113.341541
113.341541
113.341541
113.341541
113.341541
113.341541
113.341541
113.341541
113.341541
113.341541
113.341541
113.341541
113.341541
113.341541
113.341541
113.341541
113.341541
111.385400
110.896362
110.896362
110.896362
110.896362
110.896362
110.896362
110.896362
110.896362
110.896362
110.896362
110.896362
110.896362
110.896362
110.896362
110.896362
110.896362
110.896362
110.255237
107.690735
107.690735
107.690735
107.690735
107.690735
107.690735
107.690735
107.690735
107.690735
107.690735
107.690735
107.690735
107.690735
107.690735
107.690735
107.690735
107.690735
107.690735
107.690735
107.690735
107.690735
107.690735
107.690735
107.690735
107.690735
107.690735
107.690735
107.690735
107.690735
107.690735
107.690735
107.690735
107.690735
107.690735
107.690735
107.690735
107.690735
107.690735
107.690735
107.690735
107.690735
107.690735
107.690735
107.690735
107.690735
107.690735
107.690735
107.690735
107.690735
107.690735
107.690735
107.690735
107.690735
107.690735
107.690735
107.690735
107.690735
107.690735
107.690735
107.690735
107.690735
107.690735
107.690735
107.690735
107.690735
107.690735
107.690735
107.690735
107.690735
138.412048
138.505505
138.451794
138.181531
137.987488
137.987488
137.987488
137.987488
137.987488
137.180652
136.750562
136.620715
135.976782
135.478589
135.478589
135.478589
135.148926
133.856738
132.844958
132.844958
132.844958
132.844958
132.844958
132.098730
131.601245
131.601245
129.913452
129.167627
128.236255
127.305603
126.258911
126.258911
126.258911
126.258911
126.258911
126.258911
124.863574
124.863574
124.863574
124.863574
124.863574
124.863574
124.863574
122.203271
121.121936
121.121936
121.121936
121.121936
121.121936
121.121936
121.121936
121.121936
121.121936
121.121936
121.121936
121.121936
121.121936
121.121936
121.121936
121.121936
121.121936
121.121936
121.121936
119.607153
118.597290
118.597290
118.597290
118.597290
118.597290
118.597290
118.597290
118.597290
118.597290
117.283240
115.312158
115.312158
115.312158
115.312158
115.312158
115.312158
115.312158
115.312158
115.312158
115.312158
115.312158
115.312158
115.312158
115.312158
115.312158
115.312158
115.312158
115.312158
115.312158
115.312158
115.312158
115.312158
115.312158
115.312158
115.312158
115.312158
115.312158
115.312158
115.312158
115.312158
115.312158
114.129797
113.341541
113.341541
113.341541
113.341541
113.341541
113.341541
113.341541
113.341541
113.341541
113.341541
113.341541
113.341541
113.341541
113.341541
113.341541
113.341541
113.341541
113.341541
113.341541
113.341541
113.341541
113.341541
113.341541
113.341541
113.341541
113.341541
113.341541
113.341541
113.341541
113.341541
113.341541
113.341541
113.341541
113.341541
110.896362
110.896362
110.896362
110.896362
110.896362
110.896362
110.896362
110.896362
110.896362
110.896362
110.896362
110.896362
110.896362
110.896362
110.896362
110.896362
110.896362
110.896362
110.896362
110.896362
110.896362
110.896362
110.896362
110.896362
110.896362
110.896362
110.896362
110.896362
110.896362
110.896362
110.896362
110.896362
110.896362
110.896362
110.896362
110.896362
110.896362
110.896362
110.896362
110.896362
110.896362
110.896362
110.896362
110.896362
110.896362
110.896362
110.896362
110.896362
110.896362
110.896362
110.896362
110.896362
110.896362
110.896362
110.896362
110.896362
110.896362
110.896362
110.896362
110.896362
137.112842
136.589966
136.836890
136.690222
136.531604
136.531604
135.654419
135.654419
135.654419
135.654419
135.654419
135.492920
134.773669
133.856738
133.856738
133.856738
132.855554
131.859680
131.859680
131.859680
131.859680
130.642456
130.166162
129.451733
129.451733
129.451733
129.451733
129.162073
128.003406
128.003406
128.003406
126.607812
126.258911
126.258911
126.258911
126.258911
125.142639
124.863574
124.863574
124.863574
123.172070
123.172070
123.172070
123.172070
123.172070
123.172070
123.172070
123.172070
123.172070
121.531970
121.121936
121.121936
121.121936
121.121936
121.121936
121.121936
121.121936
121.121936
121.121936
121.121936
121.121936
121.121936
121.121936
121.121936
121.121936
121.121936
121.121936
121.121936
121.121936
121.121936
121.121936
121.121936
121.121936
121.121936
121.121936
121.121936
121.121936
121.121936
121.121936
119.607153
118.597290
118.597290
118.597290
118.597290
116.999573
116.600146
116.600146
116.600146
116.600146
114.128491
114.128491
114.128491
114.128491
114.128491
114.128491
114.128491
111.542786
110.896362
110.896362
110.896362
110.896362
110.896362
110.896362
110.896362
110.896362
110.896362
110.896362
110.896362
110.896362
110.896362
110.896362
110.896362
110.896362
110.896362
110.896362
110.896362
110.896362
110.896362
110.896362
110.896362
110.896362
107.690735
107.690735
107.690735
107.690735
107.690735
107.690735
107.690735
107.690735
107.690735
107.690735
107.690735
107.690735
107.690735
107.690735
107.690735
107.690735
107.690735
107.690735
107.690735
107.690735
107.690735
107.690735
107.690735
107.690735
107.690735
107.690735
107.690735
107.690735
107.690735
107.690735
107.690735
107.690735
107.690735
107.690735
107.690735
107.690735
107.690735
107.690735
107.690735
107.690735
107.690735
107.690735
107.690735
107.690735
107.690735
107.690735
107.690735
107.690735
107.690735
107.690735
107.690735
107.690735
107.690735
107.690735
107.690735
107.690735
107.690735
107.690735
107.690735
107.690735
107.690735
107.690735
107.690735
107.690735
107.690735
107.690735
107.690735
107.690735
107.690735
107.690735
107.690735
107.690735
107.690735
107.690735
107.690735
107.690735
107.690735
107.690735
107.690735
137.196851
137.714160
137.999268
138.191650
138.191650
138.191650
138.191650
137.788708
138.035645
138.035645
137.019666
136.201782
135.906604
135.906604
135.906604
135.906604
135.906604
135.906604
135.906604
135.871802
135.871802
135.871802
135.828320
135.436157
134.563110
134.563110
134.563110
134.563110
134.563110
133.239795
133.029395
132.889136
132.889136
132.889136
132.345935
131.123633
130.818054
130.243542
130.099915
130.099915
129.540552
129.167627
129.167627
128.934790
128.003406
128.003406
128.003406
128.003406
128.003406
128.003406
128.003406
128.003406
128.003406
127.434656
126.581555
126.581555
126.581555
126.581555
126.581555
126.581555
126.581555
125.550769
124.863574
124.863574
124.863574
124.863574
123.172070
123.172070
123.172070
123.172070
123.172070
121.531970
121.121936
121.121936
121.121936
121.121936
121.121936
121.121936
121.121936
119.607153
118.597290
118.597290
118.597290
118.597290
115.969189
115.312158
115.312158
115.312158
115.312158
115.312158
115.312158
115.312158
115.312158
115.312158
115.312158
115.312158
115.312158
115.312158
115.312158
115.312158
115.312158
115.312158
115.312158
115.312158
115.312158
113.341541
113.341541
113.341541
113.341541
113.341541
113.341541
113.341541
113.341541
113.341541
113.341541
113.341541
113.341541
113.341541
113.341541
113.341541
113.341541
113.341541
113.341541
113.341541
112.363464
110.896362
110.896362
110.896362
110.896362
110.896362
110.896362
110.896362
110.896362
110.896362
110.896362
110.896362
110.896362
110.896362
110.896362
110.896362
110.896362
110.896362
110.896362
110.896362
110.896362
110.896362
110.896362
110.896362
110.896362
110.896362
110.896362
110.896362
110.896362
110.896362
110.896362
110.896362
110.896362
110.896362
110.896362
110.896362
110.896362
110.896362
110.896362
110.896362
110.896362
110.896362
110.896362
110.896362
110.896362
110.896362
110.896362
110.896362
110.896362
110.896362
110.896362
110.896362
110.896362
110.896362
110.896362
110.896362
110.896362
110.896362
110.896362
110.896362
110.896362
110.896362
110.896362
110.896362
110.896362
110.896362
110.896362
110.896362
110.896362
110.896362
110.896362
110.896362
110.896362
110.896362
110.896362
110.896362
138.412048
138.373853
138.101904
137.565649
137.512915
137.337305
136.775500
136.775500
136.775500
136.775500
136.146326
135.654419
135.654419
135.654419
135.654419
135.654419
135.654419
134.470313
133.239795
133.239795
133.239795
133.239795
133.239795
131.658752
131.658752
131.658752
131.658752
131.658752
131.658752
131.658752
131.658752
131.658752
131.658752
131.658752
131.658752
131.658752
131.399524
131.334705
131.231372
130.818054
130.818054
130.818054
130.818054
130.818054
129.358777
128.993958
128.993958
128.993958
127.684253
126.811133
126.811133
126.811133
126.811133
126.811133
126.811133
126.811133
126.811133
126.014062
120.504248
118.924988
118.597290
117.399011
116.600146
116.600146
116.600146
116.600146
116.600146
116.600146
116.600146
116.600146
116.600146
116.600146
116.600146
116.600146
116.600146
116.600146
116.600146
116.600146
116.600146
116.600146
116.600146
116.600146
116.600146
116.600146
114.622815
114.128491
114.128491
114.128491
114.128491
114.128491
114.128491
114.128491
114.128491
114.128491
114.128491
114.128491
114.128491
114.128491
114.128491
114.128491
114.128491
114.128491
114.128491
114.128491
114.128491
112.835645
110.896362
110.896362
110.896362
110.896362
110.896362
110.896362
110.896362
110.896362
110.896362
108.972986
107.690735
107.690735
107.690735
107.690735
107.690735
107.690735
107.690735
107.690735
107.690735
107.690735
107.690735
107.690735
107.690735
107.690735
107.690735
107.690735
107.690735
107.690735
107.690735
107.690735
107.690735
107.690735
107.690735
107.690735
107.690735
107.690735
107.690735
107.690735
107.690735
107.690735
107.690735
107.690735
107.690735
107.690735
107.690735
107.690735
107.690735
107.690735
107.690735
107.690735
107.690735
107.690735
107.690735
107.690735
107.690735
107.690735
107.690735
107.690735
107.690735
107.690735
107.690735
107.690735
107.690735
107.690735
107.690735
107.690735
107.690735
107.690735
107.690735
107.690735
107.690735
107.690735
107.690735
107.690735
107.690735
107.690735
107.690735
107.690735
107.690735
107.690735
107.690735
107.690735
107.690735
107.690735
107.690735
107.690735
107.690735
107.690735
107.690735
107.690735
107.690735
107.690735
107.690735
107.690735
138.505505
138.605945
138.611243
138.619189
138.619189
138.619189
138.339063
138.310889
138.310889
138.310889
138.310889
138.310889
137.681641
137.337305
136.775500
136.775500
136.726721
136.531604
136.531604
136.531604
136.531604
136.531604
136.531604
136.531604
136.531604
136.531604
136.101331
135.207849
134.185901
133.039844
132.345935
132.345935
131.601245
131.601245
131.601245
131.025977
130.642456
130.642456
130.642456
130.642456
130.642456
130.642456
130.642456
130.642456
130.642456
130.642456
129.462598
129.167627
129.167627
129.167627
129.167627
129.167627
128.003406
128.003406
127.719031
126.581555
126.581555
126.581555
126.581555
126.581555
126.581555
126.581555
126.581555
126.581555
125.894373
124.863574
124.863574
124.863574
124.863574
124.863574
124.863574
124.863574
124.863574
124.863574
124.863574
124.863574
124.863574
124.863574
123.848669
123.172070
123.172070
123.172070
121.531970
120.312488
119.098303
119.098303
119.098303
119.098303
119.098303
119.098303
119.098303
119.098303
119.098303
119.098303
119.098303
119.098303
119.098303
119.098303
119.098303
119.098303
119.098303
119.098303
119.098303
119.098303
119.098303
119.098303
119.098303
119.098303
119.098303
119.098303
119.098303
119.098303
119.098303
119.098303
119.098303
119.098303
119.098303
119.098303
119.098303
119.098303
119.098303
119.098303
117.099780
116.600146
115.117151
114.128491
114.128491
114.128491
114.128491
114.128491
114.128491
114.128491
114.128491
114.128491
114.128491
114.128491
114.128491
114.128491
114.128491
114.128491
114.128491
114.128491
114.128491
114.128491
114.128491
114.128491
114.128491
114.128491
114.128491
114.128491
114.128491
114.128491
114.128491
114.128491
114.128491
114.128491
114.128491
114.128491
114.128491
114.128491
114.128491
114.128491
114.128491
114.128491
114.128491
114.128491
114.128491
114.128491
114.128491
114.128491
114.128491
114.128491
114.128491
114.128491
114.128491
114.128491
114.128491
114.128491
114.128491
114.128491
114.128491
114.128491
114.128491
114.128491
114.128491
114.128491
114.128491
114.128491
114.128491
114.128491
114.128491
114.128491
114.128491
114.128491
114.128491
114.128491
114.128491
114.128491
114.128491
114.128491
138.075391
138.035645
138.035645
138.035645
138.035645
137.752197
137.552979
137.199365
137.199365
136.730200
135.433887
135.433887
135.433887
135.433887
135.433887
135.433887
135.433887
135.433887
135.433887
135.433887
135.760645
135.760645
135.760645
135.760645
135.899634
135.871802
135.871802
135.871802
135.871802
135.697900
135.573669
135.250671
135.250671
134.654419
134.654419
134.654419
134.175818
133.249670
132.647900
131.616235
129.462598
129.167627
129.167627
129.167627
129.167627
129.167627
129.167627
129.167627
129.167627
128.813428
126.486450
126.258911
126.258911
126.258911
126.258911
126.258911
126.258911
126.258911
126.258911
126.258911
126.258911
126.258911
126.258911
126.258911
126.258911
125.417664
124.155786
123.640247
121.309631
120.235791
120.235791
120.235791
120.235791
120.235791
120.235791
120.235791
120.235791
120.235791
118.597290
118.597290
118.597290
118.597290
118.597290
118.597290
118.597290
118.597290
117.798438
116.600146
116.600146
116.600146
116.600146
116.600146
116.600146
116.600146
116.600146
116.600146
116.600146
116.600146
116.600146
116.600146
116.600146
116.600146
116.600146
116.600146
116.600146
116.600146
116.600146
116.600146
116.600146
116.600146
116.600146
116.600146
116.600146
113.993262
113.341541
113.341541
113.341541
113.341541
113.341541
113.341541
113.341541
113.341541
113.341541
113.341541
113.341541
113.341541
113.341541
113.341541
113.341541
113.341541
113.341541
113.341541
113.341541
113.341541
113.341541
113.341541
113.341541
113.341541
113.341541
113.341541
113.341541
113.341541
113.341541
113.341541
113.341541
113.341541
113.341541
113.341541
113.341541
113.341541
113.341541
113.341541
113.341541
113.341541
113.341541
113.341541
113.341541
113.341541
113.341541
113.341541
113.341541
113.341541
113.341541
112.363464
110.896362
110.896362
110.896362
110.896362
110.896362
110.896362
110.896362
110.896362
110.896362
110.896362
110.896362
110.896362
110.896362
110.896362
110.896362
110.896362
110.896362
110.896362
110.896362
110.896362
110.896362
110.896362
110.896362
110.896362
110.896362
110.896362
110.896362
110.896362
110.896362
110.896362
110.896362
110.896362
110.896362
110.896362
110.255237
107.690735
138.552234
138.619189
138.619189
138.608594
138.605945
138.605945
138.605945
138.577759
138.451794
138.451794
138.173206
137.987488
137.681641
137.477759
137.207336
137.207336
137.207336
137.207336
137.207336
136.666760
136.531604
136.187378
136.101331
136.101331
136.101331
135.478589
135.478589
134.654419
134.654419
133.611572
131.849988
131.601245
131.601245
131.000708
130.099915
129.354077
129.167627
129.167627
129.167627
129.167627
129.167627
129.167627
129.167627
129.167627
128.236255
128.003406
128.003406
128.003406
126.581555
126.581555
126.581555
126.581555
125.550769
124.863574
124.863574
124.863574
123.202258
121.121936
121.121936
121.121936
119.503027
119.098303
118.598669
116.600146
116.600146
116.600146
116.600146
115.296704
113.341541
113.341541
113.341541
113.341541
113.341541
113.341541
113.341541
113.341541
113.341541
113.341541
113.341541
113.341541
113.341541
113.341541
113.341541
113.341541
113.341541
112.852502
110.896362
110.896362
110.896362
110.896362
110.896362
110.896362
110.896362
110.896362
110.896362
110.896362
110.896362
110.896362
110.896362
110.896362
110.896362
110.896362
110.896362
110.896362
110.896362
110.896362
110.896362
110.896362
110.896362
110.896362
110.896362
110.896362
110.896362
110.896362
110.896362
110.896362
110.896362
110.896362
110.896362
110.896362
110.896362
110.896362
110.896362
110.896362
110.896362
110.896362
110.896362
110.896362
110.896362
110.896362
110.896362
110.896362
110.896362
110.896362
110.896362
110.896362
110.896362
110.896362
110.896362
110.896362
110.896362
110.896362
110.896362
110.896362
110.896362
110.896362
110.896362
110.896362
110.896362
110.896362
110.896362
110.896362
110.896362
110.896362
110.896362
110.896362
110.896362
110.896362
110.896362
110.896362
110.896362
110.896362
110.896362
110.896362
110.896362
110.896362
110.896362
110.896362
110.896362
110.896362
110.896362
110.896362
110.896362
110.896362
110.896362
110.896362
110.896362
110.896362
110.896362
110.896362
110.896362
110.896362
108.331860
107.690735
107.690735
107.690735
107.690735
107.690735
107.690735
107.690735
107.690735
107.690735
107.690735
107.690735
107.690735
107.690735
107.690735
107.690735
107.690735
107.690735
136.103308
134.494885
132.844958
132.844958
132.844958
132.253796
131.859680
131.616235
129.400208
128.003406
128.003406
128.003406
128.003406
128.003406
124.863574
124.863574
124.863574
124.863574
123.848669
123.172070
122.352014
118.597290
118.597290
117.940259
115.312158
115.312158
115.312158
115.312158
115.312158
115.312158
115.312158
115.312158
115.312158
115.312158
113.735669
113.341541
113.341541
113.341541
113.341541
113.341541
111.385400
110.896362
110.896362
110.896362
110.896362
110.896362
110.896362
110.896362
110.896362
110.896362
110.896362
110.896362
110.896362
110.896362
110.896362
110.896362
110.896362
110.896362
110.896362
110.896362
110.896362
110.896362
110.896362
110.896362
110.896362
110.896362
110.896362
108.331860
107.690735
107.690735
107.690735
107.690735
107.690735
107.690735
107.690735
107.690735
107.690735
107.690735
107.690735
107.690735
107.690735
107.690735
107.690735
107.690735
107.690735
107.690735
107.690735
107.690735
107.690735
107.690735
107.690735
107.690735
107.690735
107.690735
107.690735
107.690735
107.690735
107.690735
107.690735
107.690735
107.690735
107.690735
107.690735
107.690735
107.690735
107.690735
107.690735
107.690735
107.690735
107.690735
107.690735
107.690735
107.690735
107.690735
107.690735
107.690735
107.690735
107.690735
107.690735
107.690735
107.690735
107.690735
107.690735
107.690735
107.690735
107.690735
107.690735
107.690735
107.690735
107.690735
107.690735
107.690735
107.690735
107.690735
107.690735
107.690735
107.690735
107.690735
107.690735
107.690735
107.690735
107.690735
107.690735
107.690735
107.690735
107.690735
107.690735
107.690735
107.690735
107.690735
107.690735
107.690735
107.690735
107.690735
107.690735
107.690735
107.690735
107.690735
107.690735
107.690735
107.690735
107.690735
107.690735
107.690735
107.690735
107.690735
107.690735
107.690735
107.690735
107.690735
107.690735
107.690735
107.690735
107.690735
107.690735
107.690735
107.690735
107.690735
107.690735
107.690735
107.690735
107.690735
107.690735
107.690735
107.690735
107.690735
107.690735
107.690735
107.690735
107.690735
107.690735
107.690735
107.690735
107.690735
107.690735
107.690735
107.690735
107.690735
107.690735
107.690735
136.101331
136.101331
135.761072
135.012170
134.654419
134.654419
134.654419
132.911731
131.601245
131.601245
131.601245
131.601245
131.601245
131.601245
131.601245
131.601245
131.000708
130.099915
130.099915
130.099915
129.021387
128.302380
127.008643
126.146143
126.146143
126.146143
126.146143
126.146143
126.146143
125.794482
124.600256
123.124707
121.578101
121.578101
121.578101
121.578101
120.772705
120.235791
120.235791
120.235791
120.235791
120.235791
120.235791
120.235791
119.580396
118.597290
118.597290
118.597290
118.597290
117.283240
115.312158
115.312158
115.312158
115.312158
115.312158
115.312158
115.312158
115.312158
115.312158
115.312158
115.312158
115.312158
115.312158
115.312158
114.129797
113.341541
113.341541
113.341541
113.341541
113.341541
113.341541
113.341541
113.341541
113.341541
113.341541
113.341541
113.341541
113.341541
113.341541
113.341541
113.341541
113.341541
113.341541
113.341541
113.341541
113.341541
113.341541
113.341541
112.363464
110.896362
110.896362
110.896362
110.896362
110.896362
110.896362
110.896362
110.896362
110.896362
110.896362
110.896362
110.896362
110.896362
110.896362
110.896362
110.896362
110.896362
110.896362
110.896362
110.896362
110.896362
110.896362
110.896362
110.896362
110.896362
110.896362
110.896362
110.896362
110.896362
110.896362
110.896362
110.896362
110.896362
110.896362
110.896362
110.896362
110.896362
110.896362
110.896362
110.896362
110.896362
110.896362
110.896362
110.896362
110.896362
110.896362
110.896362
110.896362
110.896362
110.896362
110.896362
110.896362
110.896362
110.896362
110.896362
110.896362
110.896362
110.896362
110.896362
110.896362
110.896362
110.896362
110.896362
110.896362
110.896362
110.896362
110.896362
110.896362
110.896362
110.896362
110.896362
110.896362
110.896362
110.896362
110.896362
110.896362
110.896362
110.896362
110.896362
110.896362
110.896362
110.896362
110.896362
110.896362
110.896362
110.896362
110.896362
110.896362
110.896362
110.896362
110.896362
110.896362
110.896362
110.896362
110.896362
110.896362
110.896362
110.896362
110.896362
110.896362
110.896362
110.896362
110.896362
110.896362
110.896362
110.896362
110.896362
110.896362
110.896362
110.896362
110.896362
137.780151
137.565649
136.982642
136.836890
136.235864
134.757190
134.753918
134.753918
134.753918
134.483936
133.403992
133.403992
133.403992
133.403992
133.403992
133.403992
133.371155
133.239795
131.658752
131.658752
130.907800
129.445471
128.993958
128.993958
128.993958
128.993958
128.993958
128.993958
128.993958
126.811133
126.811133
126.811133
126.811133
126.811133
126.811133
126.811133
126.811133
126.811133
126.811133
126.811133
126.545142
126.146143
126.146143
126.146143
126.146143
126.146143
124.041455
123.515283
123.515283
123.515283
123.515283
123.515283
123.515283
123.515283
123.515283
123.515283
123.515283
122.662720
122.662720
122.662720
122.662720
122.445801
121.578101
121.578101
120.242798
118.239868
118.239868
118.239868
117.450427
116.924133
116.924133
116.924133
116.924133
116.924133
116.924133
116.924133
116.924133
116.924133
116.924133
116.924133
116.924133
116.924133
116.924133
116.924133
116.924133
116.924133
116.924133
116.924133
116.924133
116.924133
116.924133
116.601733
115.312158
115.312158
115.312158
115.312158
115.312158
115.312158
115.312158
115.312158
115.312158
115.312158
115.312158
115.312158
115.312158
115.312158
115.312158
115.312158
115.312158
115.312158
115.312158
115.312158
115.312158
115.312158
115.312158
115.312158
115.312158
115.312158
115.312158
115.312158
115.312158
115.312158
115.312158
115.312158
115.312158
115.312158
115.312158
115.312158
115.312158
115.312158
115.312158
115.312158
115.312158
115.312158
115.312158
115.312158
115.312158
115.312158
115.312158
115.312158
115.312158
115.312158
115.312158
115.312158
115.312158
115.312158
115.312158
115.312158
115.312158
115.312158
113.735669
113.341541
113.341541
111.385400
110.896362
110.896362
110.896362
110.896362
110.896362
110.896362
110.896362
110.896362
110.896362
110.896362
110.896362
110.896362
110.896362
110.896362
110.896362
110.896362
110.896362
110.896362
110.896362
110.896362
110.896362
110.896362
110.896362
110.896362
110.896362
110.896362
110.896362
110.896362
110.896362
110.896362
110.896362
110.896362
110.896362
110.896362
110.896362
110.896362
110.896362
110.896362
110.896362
110.896362
110.896362
110.896362
110.896362
110.896362
110.896362
110.896362
138.180127
137.472876
137.472876
137.530493
136.414014
135.871802
135.697900
135.654419
135.654419
135.492920
135.250671
135.250671
135.250671
135.250671
135.250671
135.250671
135.250671
135.250671
135.250671
135.250671
135.250671
134.185901
134.185901
132.889136
132.889136
131.537842
128.009448
126.146143
126.146143
126.146143
125.619971
123.515283
123.515283
123.515283
123.515283
122.833228
122.662720
122.662720
122.662720
122.662720
122.662720
122.662720
122.662720
122.662720
122.662720
122.662720
122.662720
122.662720
122.445801
121.578101
121.578101
120.504248
116.999573
116.600146
116.600146
116.600146
116.600146
116.600146
116.600146
116.600146
116.600146
116.600146
116.600146
116.600146
116.600146
116.600146
116.600146
116.600146
116.600146
116.600146
116.600146
116.600146
116.600146
116.600146
116.600146
116.600146
116.600146
116.600146
116.105811
114.128491
114.128491
114.128491
114.128491
114.128491
114.128491
114.128491
114.128491
112.835645
110.896362
110.896362
110.896362
110.896362
110.896362
110.896362
110.896362
110.896362
110.896362
110.896362
110.896362
110.896362
110.896362
110.896362
110.896362
110.896362
110.896362
110.896362
110.896362
110.896362
110.896362
110.896362
110.896362
110.896362
110.896362
110.896362
110.896362
110.896362
110.896362
110.896362
110.896362
110.896362
110.896362
110.896362
110.896362
110.896362
110.896362
110.896362
110.896362
110.896362
110.896362
110.896362
110.896362
110.896362
110.896362
110.896362
110.896362
110.896362
110.896362
110.896362
110.896362
110.896362
110.896362
110.896362
110.896362
110.896362
110.896362
110.896362
110.896362
110.896362
110.896362
110.896362
110.896362
110.896362
110.896362
110.896362
110.896362
110.896362
110.896362
110.896362
110.896362
110.896362
110.896362
110.896362
110.896362
110.896362
110.896362
110.896362
110.896362
110.896362
110.896362
110.896362
110.896362
110.896362
110.896362
110.896362
110.896362
110.896362
110.896362
110.896362
110.896362
110.896362
110.896362
110.896362
110.896362
110.896362
110.896362
110.896362
110.896362
110.896362
110.896362
110.896362
110.896362
110.896362
110.896362
110.896362
110.896362
110.896362
110.896362
110.896362
110.896362
110.896362
137.400635
137.207336
136.841907
136.750562
136.750562
136.750562
136.106628
135.148926
134.654419
134.654419
134.654419
134.654419
133.856738
133.856738
133.452026
132.347473
131.601245
130.834216
130.642456
130.642456
130.642456
129.689868
129.451733
129.451733
129.451733
129.451733
129.451733
129.451733
129.451733
129.451733
129.451733
128.003406
128.003406
128.003406
128.003406
128.003406
128.003406
127.434656
126.581555
126.581555
126.581555
126.581555
126.581555
126.581555
126.581555
125.894373
124.863574
124.863574
123.172070
123.172070
123.172070
123.172070
123.172070
123.172070
123.172070
123.172070
123.172070
123.172070
123.172070
121.121936
120.617017
118.597290
118.597290
118.597290
118.597290
118.597290
118.597290
117.798438
116.600146
116.600146
116.600146
116.600146
116.600146
116.600146
116.600146
116.600146
116.600146
116.600146
116.105811
114.128491
114.128491
114.128491
114.128491
114.128491
114.128491
114.128491
114.128491
114.128491
114.128491
114.128491
114.128491
114.128491
113.482056
110.896362
110.896362
110.896362
110.896362
110.896362
110.896362
110.896362
110.896362
110.896362
110.896362
110.896362
110.896362
110.896362
110.896362
110.896362
110.896362
110.896362
110.896362
110.896362
110.896362
110.896362
110.896362
110.896362
110.896362
110.896362
110.896362
110.896362
110.896362
110.896362
110.896362
110.896362
110.896362
110.896362
110.896362
110.896362
110.896362
110.896362
110.896362
110.896362
110.896362
110.896362
110.896362
110.896362
110.896362
110.896362
110.896362
110.896362
110.896362
110.896362
110.896362
110.896362
110.896362
110.896362
110.896362
110.896362
110.896362
110.896362
110.896362
110.896362
110.896362
110.896362
110.896362
110.896362
110.896362
110.896362
110.896362
110.896362
110.896362
110.896362
110.896362
110.896362
110.896362
110.896362
110.896362
110.896362
110.896362
110.896362
110.896362
110.896362
110.896362
110.896362
110.896362
110.896362
110.896362
110.896362
110.896362
110.896362
110.896362
110.896362
110.896362
110.896362
110.896362
110.896362
108.331860
107.690735
107.690735
107.690735
107.690735
107.690735
107.690735
107.690735
107.690735
107.690735
107.690735
107.690735
107.690735
107.690735
137.359229
137.295288
137.199365
137.472876
137.321802
136.717529
136.717529
136.143408
135.848230
135.906604
135.906604
135.906604
135.662134
133.403992
132.760913
131.796289
131.796289
131.796289
131.658752
131.658752
131.658752
131.399524
131.334705
131.334705
131.334705
130.921387
130.387170
127.940088
127.396631
127.396631
127.396631
126.258911
126.258911
126.258911
126.258911
126.258911
126.258911
126.258911
126.258911
123.882019
122.786938
122.786938
122.786938
122.786938
122.786938
122.786938
122.786938
120.746021
120.235791
120.235791
120.235791
120.235791
120.235791
120.235791
120.235791
120.235791
120.235791
120.235791
120.235791
120.235791
120.235791
120.235791
120.235791
118.924988
118.597290
118.597290
118.597290
118.597290
118.597290
118.597290
118.597290
118.597290
118.597290
118.597290
118.597290
116.600146
116.600146
116.600146
116.600146
116.600146
116.600146
116.600146
116.600146
116.600146
116.600146
116.600146
116.600146
116.600146
116.600146
116.600146
116.600146
116.600146
116.600146
116.600146
116.600146
116.600146
116.600146
116.600146
116.600146
116.600146
116.600146
116.600146
116.600146
116.600146
116.600146
116.600146
116.600146
116.600146
116.600146
116.600146
116.600146
116.600146
116.600146
116.600146
116.600146
116.600146
116.600146
116.600146
116.600146
116.600146
116.600146
116.600146
116.600146
116.105811
114.128491
114.128491
114.128491
110.896362
110.896362
110.896362
110.896362
110.896362
110.896362
110.896362
110.896362
110.896362
110.896362
110.896362
110.896362
110.896362
110.896362
110.896362
110.896362
110.896362
110.896362
110.896362
110.896362
110.896362
110.896362
110.896362
110.896362
110.896362
110.896362
110.896362
110.896362
110.896362
110.896362
110.896362
110.896362
110.896362
110.896362
110.896362
110.896362
110.896362
110.896362
110.896362
110.896362
110.896362
110.896362
110.896362
110.896362
110.896362
110.896362
110.896362
110.896362
110.896362
110.896362
110.896362
110.896362
110.896362
110.896362
110.896362
110.896362
110.896362
110.896362
110.896362
110.896362
110.896362
110.896362
110.896362
110.896362
110.896362
110.896362
110.896362
108.972986
107.690735
107.690735
107.690735
107.690735
107.690735
138.412048
138.567175
138.412048
138.412048
138.435889
138.310889
137.987488
137.987488
137.928101
137.690576
137.303992
137.207336
137.207336
136.531604
135.843787
134.892920
134.654419
134.654419
134.654419
134.654419
134.446765
133.616150
133.616150
132.599988
132.345935
132.345935
132.345935
131.899121
131.601245
131.601245
131.601245
131.601245
131.601245
131.000708
130.099915
130.099915
130.099915
130.099915
130.099915
129.913452
129.167627
129.167627
129.167627
128.003406
128.003406
128.003406
128.003406
128.003406
128.003406
128.003406
128.003406
128.003406
126.581555
126.581555
126.581555
124.304785
122.786938
122.786938
122.786938
122.786938
122.786938
122.786938
122.786938
122.786938
122.786938
122.786938
122.120947
121.121936
121.121936
121.121936
121.121936
121.121936
120.312488
117.599414
116.600146
116.600146
116.600146
116.600146
116.600146
116.600146
116.600146
116.105811
114.128491
114.128491
113.482056
110.896362
110.896362
110.896362
110.896362
110.896362
110.896362
110.896362
110.896362
110.896362
110.896362
110.896362
110.896362
110.896362
110.896362
110.896362
110.896362
110.896362
110.896362
110.896362
110.896362
110.896362
110.896362
110.896362
110.896362
110.896362
110.896362
110.896362
110.896362
110.896362
110.896362
110.896362
110.896362
110.896362
110.896362
110.896362
110.896362
110.896362
110.896362
110.896362
110.896362
110.896362
110.896362
110.896362
110.896362
109.614111
107.690735
107.690735
107.690735
107.690735
107.690735
107.690735
107.690735
107.690735
107.690735
107.690735
107.690735
107.690735
107.690735
107.690735
107.690735
107.690735
107.690735
107.690735
107.690735
107.690735
107.690735
107.690735
107.690735
107.690735
107.690735
107.690735
107.690735
107.690735
107.690735
107.690735
107.690735
107.690735
107.690735
107.690735
107.690735
107.690735
107.690735
107.690735
107.690735
107.690735
107.690735
107.690735
107.690735
107.690735
107.690735
107.690735
107.690735
107.690735
107.690735
107.690735
107.690735
107.690735
107.690735
107.690735
107.690735
107.690735
107.690735
107.690735
107.690735
107.690735
107.690735
107.690735
107.690735
107.690735
107.690735
107.690735
107.690735
107.690735
107.690735
107.690735
