0.177705 
0.179775 
0.224341 
0.280536 
0.271902 
0.301586 
0.444632 
0.465416 
0.473387 
0.444262 
0.443613 
0.502625 
0.548623 
0.576400 
0.632910 
0.595418 
0.594796 
0.570088 
0.521338 
0.443891 
0.451696 
0.446570 
0.449506 
0.491206 
0.561878 
0.595626 
0.509854 
0.531724 
0.508400 
0.503279 
0.495290 
0.470162 
0.468673 
0.480542 
0.513149 
0.507833 
0.596798 
0.666022 
0.684773 
0.681402 
0.647871 
0.662804 
0.681945 
0.682126 
0.721384 
0.731740 
0.741620 
0.717669 
0.732583 
0.756007 
0.612708 
0.626971 
0.613312 
0.632456 
0.671678 
0.698212 
0.727175 
0.745822 
0.783569 
0.786084 
0.782046 
0.783412 
0.881274 
0.881274 
0.901890 
0.911639 
0.901433 
0.871374 
0.863362 
0.860357 
0.896631 
0.930080 
0.964757 
1.031295 
1.044724 
0.998477 
1.099753 
1.055920 
1.095408 
1.095408 
1.039634 
1.053464 
1.057243 
1.163274 
1.164052 
1.170252 
1.151194 
1.145572 
1.144818 
1.128831 
1.153477 
1.169514 
1.187690 
1.221383 
1.188971 
1.207161 
1.201904 
1.161647 
1.148798 
1.148798 
1.131923 
1.186651 
1.162921 
1.219024 
1.187171 
1.238400 
1.170955 
1.193010 
1.161293 
1.168846 
1.177468 
1.177468 
1.223468 
1.230539 
1.220878 
1.231842 
1.197448 
1.261395 
1.227897 
1.272883 
1.206275 
1.195214 
1.195214 
1.195214 
1.175406 
1.169514 
1.176560 
1.164122 
1.265723 
1.299481 
1.337005 
1.280869 
1.260711 
1.261819 
1.316363 
1.350408 
1.335959 
1.300841 
1.279423 
1.291196 
1.291196 
1.276302 
1.276302 
1.370777 
1.370777 
1.384120 
1.353176 
1.347543 
1.349586 
1.346077 
1.373175 
1.385338 
1.404937 
1.404937 
1.452793 
1.477045 
1.569864 
1.521393 
1.565064 
1.579005 
1.572324 
1.592902 
1.604014 
1.526735 
1.493241 
1.487917 
1.476098 
1.487254 
1.470880 
1.447775 
1.424642 
1.497201 
1.497201 
1.527328 
1.527328 
1.530958 
1.496872 
1.493682 
1.548238 
1.548238 
1.558719 
1.569471 
1.670123 
1.659899 
1.659899 
1.659899 
1.656501 
1.679428 
1.678546 
1.660493 
1.619043 
1.549353 
1.592153 
1.667782 
1.634361 
1.630002 
1.630002 
1.677370 
1.677370 
1.637101 
1.647741 
1.674376 
1.684146 
1.762922 
1.762922 
1.753685 
1.737976 
1.737976 
1.736082 
1.736082 
1.736082 
1.748260 
1.748260 
1.748260 
1.748260 
1.670492 
1.687415 
1.699749 
1.774569 
1.764438 
1.764438 
1.767860 
1.742725 
1.725415 
1.755021 
1.755021 
1.755021 
1.755021 
1.747272 
1.747272 
1.747272 
1.760518 
1.760518 
1.760518 
1.722505 
1.720307 
1.748402 
1.799671 
1.799671 
1.799671 
1.781553 
1.781553 
1.745459 
1.749248 
1.755536 
1.756192 
1.767930 
1.767930 
1.816568 
1.788073 
1.788073 
1.778365 
1.756145 
1.756145 
1.729366 
1.737573 
1.747602 
1.730792 
1.683609 
1.683609 
1.661656 
1.685976 
1.685659 
1.685659 
1.679501 
1.664574 
1.664574 
1.664574 
1.646867 
1.646867 
1.646867 
1.649561 
1.649561 
1.649561 
1.712330 
1.756450 
1.756450 
1.699990 
1.695122 
1.733759 
1.733759 
1.726106 
1.726106 
1.756520 
1.756520 
1.763365 
1.768162 
1.768627 
1.768627 
1.773735 
1.785587 
1.774754 
1.774754 
1.774754 
1.774754 
1.804668 
1.815164 
1.815164 
1.815164 
1.769511 
1.753685 
1.748096 
1.748096 
1.748096 
1.826500 
1.826500 
1.826500 
1.811558 
1.811558 
1.822195 
1.822195 
1.822195 
1.860581 
1.860581 
1.861420 
1.836737 
1.803437 
1.826410 
1.815889 
1.804691 
1.804691 
1.804691 
1.830907 
1.840472 
1.840472 
1.781968 
1.849409 
1.849409 
1.816228 
1.790577 
1.765253 
1.765253 
1.765253 
1.739749 
1.739749 
1.739749 
1.802297 
1.802297 
1.835863 
1.802046 
1.800973 
1.800973 
1.762269 
1.762269 
1.747884 
1.792804 
1.792804 
1.761289 
1.793744 
1.794225 
1.794225 
1.794225 
1.794225 
1.830660 
1.830660 
1.823391 
1.746189 
1.746189 
1.813577 
1.813577 
1.756590 
1.756590 
1.800128 
1.767558 
1.767558 
1.814008 
1.814008 
1.823548 
1.866053 
1.866053 
1.866053 
1.831356 
1.831356 
1.831356 
1.792735 
1.808719 
1.808719 
1.809878 
1.809878 
1.809878 
1.810718 
1.810718 
1.879403 
1.879403 
1.879403 
1.879403 
1.879403 
1.879403 
1.888439 
1.888439 
1.871290 
1.871290 
1.850076 
1.850076 
1.934941 
1.934941 
1.883118 
1.832972 
1.832972 
1.832972 
1.832972 
1.832972 
1.832972 
1.832972 
1.832972 
1.832972 
1.832972 
1.832972 
1.832972 
1.798666 
1.798666 
1.775681 
1.755115 
1.755115 
1.804896 
1.794019 
1.794019 
1.794019 
1.770138 
1.770138 
1.770138 
1.736579 
1.736579 
1.736579 
1.702480 
1.732146 
1.779983 
1.818332 
1.818332 
1.818400 
1.818400 
1.852275 
1.852275 
1.826928 
1.826928 
1.822782 
1.822782 
1.822782 
1.868607 
1.887916 
1.887916 
1.887916 
1.887916 
1.918401 
1.918401 
1.883664 
1.883664 
1.883664 
1.883664 
1.883664 
1.867045 
1.867045 
1.867045 
1.867045 
1.794775 
1.794775 
1.794775 
1.794775 
1.748637 
1.757339 
1.757339 
1.770486 
1.766766 
1.768744 
1.817382 
1.817382 
1.817382 
1.817382 
1.817382 
1.817382 
1.817382 
1.817382 
1.817382 
1.782499 
1.782499 
1.782499 
1.782499 
1.774986 
1.774986 
1.774986 
1.774986 
1.796172 
1.796172 
1.796172 
1.796172 
1.796172 
1.796172 
1.796172 
1.806421 
1.806421 
1.806421 
1.806421 
1.762222 
1.762222 
1.762222 
1.762222 
1.741733 
1.741733 
1.741733 
1.741733 
1.741733 
1.741733 
1.741733 
1.741733 
1.741733 
1.746213 
1.746213 
1.746213 
1.746213 
1.746213 
1.746213 
1.746213 
1.746213 
1.746213 
1.746213 
1.746213 
1.746213 
1.746213 
1.745035 
1.745035 
1.739891 
1.739891 
1.739891 
1.739891 
1.739891 
1.704628 
1.704628 
1.730412 
1.739678 
1.739678 
1.725963 
1.725963 
1.725963 
1.733807 
1.733807 
1.733807 
1.733807 
1.733807 
1.733807 
1.733807 
1.726368 
1.726368 
1.726368 
1.726368 
1.726368 
1.726368 
1.726368 
1.726368 
1.727392 
1.727392 
1.727392 
1.727392 
1.727392 
1.727392 
1.727392 
1.727392 
1.727392 
1.727392 
1.727392 
1.727392 
1.727392 
1.744941 
1.744941 
1.744941 
1.744941 
1.744941 
1.697812 
1.697812 
1.697812 
1.697812 
1.697812 
1.697812 
1.697812 
1.697812 
1.697812 
1.697812 
1.697812 
1.721836 
1.721836 
1.721836 
1.721836 
1.721836 
1.721836 
1.721836 
1.721836 
1.721836 
1.721836 
1.700111 
1.700111 
1.700111 
1.700111 
1.695485 
1.695485 
1.695485 
1.695485 
1.695485 
1.695485 
1.695485 
1.695485 
1.711321 
1.711321 
1.677321 
1.677321 
1.677321 
1.730412 
1.753544 
1.753544 
1.753544 
1.753544 
1.753544 
1.753544 
1.717963 
1.717963 
1.720785 
1.720785 
1.720785 
1.720785 
1.720785 
1.720785 
1.736627 
1.736627 
1.736627 
1.710095 
1.660790 
1.660790 
1.660790 
1.660790 
1.660790 
1.660790 
1.660790 
1.660790 
1.660790 
1.660790 
1.660790 
1.660790 
1.694734 
1.694734 
1.694734 
1.694734 
1.694734 
1.694734 
1.694734 
1.753052 
1.753052 
1.753052 
1.753052 
1.753052 
1.753052 
1.704483 
1.746260 
1.746260 
1.746260 
1.746260 
1.746260 
1.778827 
1.749859 
1.749859 
1.749859 
1.749859 
1.749859 
1.749859 
1.749859 
1.749859 
1.749859 
1.780953 
1.780953 
1.780953 
1.780953 
1.780953 
1.780953 
1.780953 
1.780953 
1.751855 
1.751855 
1.751855 
1.751855 
1.751855 
1.751855 
1.751855 
1.751855 
1.751855 
1.751855 
1.751855 
1.751855 
1.732241 
1.732241 
1.732241 
1.732241 
1.732241 
1.732241 
1.732241 
1.732241 
1.732241 
1.732241 
1.732241 
1.732241 
1.732241 
1.732241 
1.732241 
1.734755 
1.762992 
1.762992 
1.762992 
1.762992 
1.762992 
1.762992 
1.762992 
1.762992 
1.762992 
1.762992 
1.762992 
1.762992 
1.762992 
1.762992 
1.771647 
1.771647 
1.757971 
1.757971 
1.757971 
1.757971 
1.757971 
1.757971 
1.757971 
1.757971 
1.757971 
1.757971 
1.757971 
1.757971 
1.757971 
1.757971 
1.757971 
1.757971 
1.757971 
1.754810 
1.754810 
1.754810 
1.754810 
1.754810 
1.754810 
1.754810 
1.754810 
1.782084 
1.782084 
1.782084 
1.782084 
1.782084 
1.782084 
1.782084 
1.782084 
1.782084 
1.782084 
1.793698 
1.793698 
1.793698 
1.793698 
1.793698 
1.762246 
1.762246 
1.762246 
1.762246 
1.762246 
1.762246 
1.762246 
1.762246 
1.762246 
1.762246 
1.780237 
1.780237 
1.780237 
1.780237 
1.780237 
1.780237 
1.795966 
1.795966 
1.795966 
1.795966 
1.795966 
1.795966 
1.795966 
1.795966 
1.795966 
1.795966 
1.795966 
1.795966 
1.795966 
1.795966 
1.795966 
1.795966 
1.795966 
1.795966 
1.795966 
1.795966 
1.795966 
1.795966 
1.795966 
1.795966 
1.795966 
1.795966 
1.795966 
1.795966 
1.787567 
1.787567 
1.787567 
1.787567 
1.787567 
1.787567 
1.787567 
1.787567 
1.787567 
1.787567 
1.787567 
1.787567 
1.787567 
1.787567 
1.787567 
1.787567 
1.787567 
1.787567 
1.752888 
1.752888 
1.752888 
1.752888 
1.752888 
1.752888 
1.733403 
1.733403 
1.733403 
1.733403 
1.733403 
1.733403 
1.733403 
1.733403 
1.733403 
1.733403 
1.733403 
1.733403 
1.733403 
1.733403 
1.733403 
1.733403 
1.733403 
1.733403 
1.733403 
1.733403 
1.733403 
1.733403 
1.733403 
1.733403 
1.733403 
1.733403 
1.733403 
1.733403 
1.733403 
1.733403 
1.733403 
1.733403 
1.733403 
1.733403 
1.739938 
1.739938 
1.739938 
1.739938 
1.739938 
1.739938 
1.739938 
1.739938 
1.739938 
1.739938 
1.739938 
1.739938 
1.739938 
1.739938 
1.739938 
1.739938 
1.739938 
1.739938 
1.739938 
1.739938 
1.739938 
1.739938 
1.739938 
1.739938 
1.739938 
1.739938 
1.739938 
1.739938 
1.739938 
1.739938 
1.739938 
1.739938 
1.739938 
1.739938 
1.739938 
1.739938 
1.739938 
1.739938 
1.739938 
1.779382 
1.776815 
1.776815 
1.776815 
1.776815 
1.776815 
1.776815 
1.776815 
1.776815 
1.776815 
1.776815 
1.776815 
1.776815 
1.776815 
1.775264 
1.775264 
1.775264 
1.775264 
1.775264 
1.775264 
1.775264 
1.775264 
1.775264 
1.775264 
1.775264 
1.775264 
1.775264 
1.775264 
1.775264 
1.775264 
1.775264 
1.775264 
1.775264 
1.775264 
1.824270 
1.824270 
1.824270 
1.824270 
1.824270 
1.824270 
1.824270 
1.824270 
1.824270 
1.824270 
1.824270 
1.824270 
1.824270 
1.824270 
1.824270 
1.824270 
1.824270 
1.824270 
1.824270 
1.824270 
1.824270 
1.824270 
1.824270 
1.824270 
1.824270 
1.824270 
1.824270 
1.824270 
1.824270 
1.824270 
1.824270 
1.824270 
1.824270 
1.824270 
1.824270 
1.824270 
1.824270 
1.824270 
1.824270 
1.824270 
1.824270 
1.838370 
1.838370 
1.838370 
1.838370 
1.842213 
1.842213 
1.842213 
1.842213 
1.842213 
1.842213 
1.842213 
1.842213 
1.842213 
1.842213 
1.842213 
1.842213 
1.842213 
1.842213 
1.842213 
1.842213 
1.842213 
1.842213 
1.796355 
1.796355 
1.796355 
1.796355 
1.796355 
1.796355 
