0.222131 
0.222501 
0.223423 
0.216886 
0.209361 
0.219524 
0.217832 
0.219337 
0.216126 
0.233325 
0.242486 
0.241636 
0.253268 
0.245016 
0.250164 
0.248018 
0.244848 
0.248350 
0.248350 
0.256495 
0.269472 
0.283162 
0.279214 
0.281122 
0.277293 
0.274761 
0.281852 
0.300903 
0.311380 
0.319719 
0.319719 
0.319719 
0.326212 
0.326212 
0.325960 
0.348517 
0.349459 
0.338461 
0.334305 
0.334428 
0.334428 
0.334428 
0.340882 
0.340762 
0.346030 
0.343526 
0.364547 
0.391837 
0.386980 
0.384528 
0.387298 
0.375219 
0.371585 
0.368027 
0.375438 
0.388359 
0.402092 
0.402092 
0.405756 
0.405148 
0.405148 
0.405148 
0.395597 
0.396116 
0.378927 
0.378927 
0.388464 
0.391207 
0.451969 
0.450055 
0.444632 
0.444632 
0.433677 
0.475121 
0.475381 
0.475381 
0.475381 
0.469637 
0.469637 
0.466563 
0.467443 
0.470774 
0.470425 
0.465416 
0.475554 
0.475640 
0.464708 
0.464708 
0.464708 
0.489024 
0.477538 
0.484802 
0.492293 
0.521574 
0.521574 
0.521574 
0.515548 
0.490619 
0.490619 
0.472431 
0.467707 
0.480885 
0.498682 
0.535653 
0.535653 
0.561073 
0.561073 
0.584827 
0.578607 
0.574614 
0.554660 
0.548997 
0.522519 
0.531260 
0.554957 
0.531260 
0.531260 
0.528388 
0.537875 
0.537875 
0.537875 
0.525423 
0.535960 
0.556437 
0.546971 
0.546971 
0.586863 
0.586863 
0.581160 
0.581160 
0.581160 
0.617854 
0.607586 
0.590704 
0.592233 
0.592719 
0.578252 
0.578465 
0.578465 
0.578465 
0.587983 
0.587983 
0.587983 
0.584335 
0.643157 
0.643157 
0.658322 
0.653495 
0.660069 
0.686932 
0.669102 
0.683391 
0.683391 
0.695084 
0.684112 
0.684112 
0.695911 
0.695911 
0.692357 
0.692357 
0.692357 
0.743945 
0.721840 
0.699389 
0.695793 
0.700798 
0.702673 
0.688187 
0.705185 
0.720814 
0.709139 
0.700564 
0.684533 
0.673695 
0.670759 
0.670759 
0.670759 
0.662183 
0.644435 
0.644435 
0.626052 
0.626052 
0.613245 
0.605485 
0.605485 
0.605485 
0.605485 
0.605485 
0.605485 
0.589240 
0.589240 
0.585109 
0.585109 
0.585109 
0.585109 
0.585109 
0.575972 
0.577683 
0.577683 
0.608195 
0.608195 
0.608195 
0.608195 
0.573037 
0.573037 
0.575615 
0.584265 
0.595211 
0.595211 
0.638344 
0.641301 
0.611432 
0.611432 
0.611432 
0.589659 
0.553324 
0.545466 
0.584053 
0.590425 
0.582785 
0.585811 
0.585811 
0.589938 
0.589938 
0.574971 
0.574542 
0.574542 
0.568065 
0.572247 
0.570881 
0.560339 
0.560339 
0.559972 
0.564652 
0.564652 
0.603103 
0.603103 
0.607925 
0.607925 
0.607925 
0.607925 
0.607925 
0.665652 
0.665652 
0.665652 
0.665652 
0.670453 
0.670453 
0.670453 
0.653558 
0.605553 
0.605553 
0.605553 
0.605553 
0.605553 
0.621040 
0.621040 
0.621040 
0.621040 
0.621040 
0.621040 
0.621040 
0.608668 
0.584194 
0.584194 
0.617321 
0.630633 
0.620974 
0.663982 
0.663982 
0.663982 
0.650468 
0.650468 
0.650468 
0.650468 
0.650468 
0.644116 
0.631480 
0.628477 
0.628477 
0.611633 
0.611633 
0.618053 
0.618053 
0.613915 
0.635116 
0.635116 
0.635116 
0.638859 
0.638859 
0.638859 
0.638859 
0.655317 
0.655317 
0.655317 
0.609950 
0.609950 
0.609950 
0.596040 
0.596040 
0.592233 
0.591538 
0.591538 
0.591538 
0.565889 
0.565889 
0.565889 
0.565889 
0.565889 
0.549671 
0.549671 
0.549671 
0.549671 
0.575257 
0.575257 
0.575257 
0.575257 
0.575257 
0.575257 
0.546445 
0.560046 
0.555475 
0.555475 
0.555475 
0.558207 
0.540011 
0.524561 
0.563997 
0.576186 
0.583490 
0.575472 
0.575472 
0.575472 
0.580735 
0.580735 
0.580735 
0.635116 
0.635116 
0.635116 
0.635116 
0.635116 
0.634921 
0.634921 
0.634921 
0.634921 
0.634921 
0.634921 
0.641365 
0.642518 
0.633754 
0.633754 
0.656634 
0.651731 
0.651731 
0.651731 
0.651731 
0.651731 
0.651731 
0.655004 
0.655004 
0.655004 
0.655004 
0.655004 
0.640723 
0.604805 
0.623815 
0.623815 
0.619980 
0.635051 
0.635051 
0.635051 
0.635051 
0.690454 
0.688725 
0.676010 
0.676010 
0.676010 
0.676010 
0.676010 
0.676010 
0.676010 
0.676010 
0.676010 
0.710298 
0.686872 
0.686872 
0.645964 
0.645964 
0.645964 
0.645964 
0.645964 
0.662866 
0.662866 
0.662556 
0.662556 
0.639439 
0.639439 
0.605417 
0.605417 
0.605417 
0.605417 
0.605417 
0.609613 
0.609613 
0.612708 
0.574471 
0.574471 
0.574471 
0.574471 
0.555105 
0.555105 
0.555105 
0.555105 
0.555105 
0.555105 
0.555105 
0.582150 
0.582150 
0.593135 
0.564725 
0.591816 
0.571960 
0.571960 
0.543200 
0.543200 
0.543200 
0.543200 
0.543200 
0.543200 
0.543805 
0.543805 
0.543805 
0.543805 
0.543805 
0.543805 
0.543805 
0.543805 
0.504992 
0.504992 
0.504992 
0.504992 
0.504992 
0.504992 
0.510176 
0.510176 
0.510176 
0.510176 
0.510176 
0.510176 
0.510176 
0.510176 
0.510176 
0.510176 
0.532728 
0.521889 
0.544711 
0.544711 
0.591608 
0.591608 
0.572032 
0.572032 
0.572032 
0.572032 
0.587003 
0.587003 
0.587003 
0.587003 
0.587003 
0.587003 
0.571025 
0.575257 
0.584265 
0.584265 
0.584265 
0.584265 
0.584265 
0.584265 
0.584265 
0.584265 
0.584265 
0.585179 
0.585179 
0.585179 
0.585179 
0.585179 
0.585179 
0.564434 
0.634533 
0.634533 
0.634533 
0.560413 
0.560413 
0.560413 
0.560413 
0.560413 
0.560413 
0.560413 
0.560413 
0.560413 
0.560413 
0.560413 
0.560413 
0.560413 
0.553993 
0.546068 
0.546068 
0.576828 
0.576828 
0.576828 
0.576828 
0.576828 
0.576828 
0.576828 
0.565853 
0.495124 
0.495124 
0.495124 
0.495124 
0.478098 
0.554549 
0.554549 
0.554549 
0.554549 
0.554549 
0.554549 
0.554549 
0.554549 
0.554549 
0.554549 
0.554549 
0.554549 
0.554549 
0.554549 
0.601567 
0.601567 
0.601567 
0.601567 
0.616755 
0.616755 
0.616755 
0.670667 
0.670667 
0.670667 
0.681614 
0.681614 
0.681614 
0.666269 
0.666269 
0.666269 
0.666269 
0.666269 
0.666269 
0.654847 
0.654847 
0.654847 
0.654847 
0.654847 
0.654847 
0.644148 
0.644148 
0.644148 
0.644148 
0.644148 
0.644148 
0.644148 
0.644148 
0.644148 
0.644148 
0.644148 
0.644148 
0.644148 
0.644148 
0.644148 
0.644148 
0.644148 
0.644148 
0.644148 
0.644148 
0.644148 
0.643029 
0.643029 
0.643029 
0.643029 
0.643029 
0.643029 
0.643029 
0.643029 
0.643029 
0.643029 
0.643029 
0.643029 
0.643029 
0.639181 
0.639181 
0.639181 
0.639181 
0.639181 
0.639181 
0.674641 
0.674641 
0.674641 
0.674641 
0.674641 
0.674641 
0.674641 
0.674641 
0.674641 
0.674641 
0.674641 
0.674641 
0.674641 
0.674641 
0.674641 
0.674641 
0.674641 
0.674641 
0.674641 
0.706438 
0.706438 
0.706438 
0.706438 
0.706438 
0.706438 
0.706438 
0.706438 
0.706438 
0.706438 
0.706438 
0.706438 
0.706438 
0.706438 
0.706438 
0.706438 
0.706438 
0.706438 
0.706438 
0.672412 
0.672412 
0.660971 
0.660971 
0.660971 
0.660971 
0.660971 
0.660971 
0.660971 
0.660971 
0.660971 
0.660971 
0.660971 
0.660971 
0.660971 
0.660971 
0.660971 
0.660971 
0.660971 
0.660971 
0.660971 
0.654721 
0.654721 
0.654721 
0.654721 
0.654721 
0.654721 
0.654721 
0.654721 
0.654721 
0.654721 
0.654721 
0.654721 
0.654721 
0.654721 
0.654721 
0.654721 
0.654721 
0.654721 
0.654721 
0.654721 
0.654721 
0.654721 
0.654721 
0.654721 
0.654721 
0.654721 
0.654721 
0.654721 
0.623089 
0.623089 
0.623089 
0.623089 
0.623089 
0.623089 
0.623089 
0.623089 
0.623089 
0.623089 
0.623089 
0.623089 
0.623089 
0.597280 
0.597280 
0.597280 
0.597280 
0.597280 
0.597280 
0.622957 
0.622957 
0.622957 
0.645518 
0.645518 
0.645518 
0.645518 
0.645518 
0.645518 
0.645518 
0.645518 
0.645518 
0.645518 
0.645518 
0.645518 
0.645518 
0.645518 
0.645518 
0.645518 
0.645518 
0.632780 
0.632780 
0.632780 
0.632780 
0.632780 
0.608094 
0.608094 
0.608094 
0.608094 
0.608094 
0.608094 
0.608094 
0.608094 
0.608094 
0.608094 
0.608094 
0.608094 
0.608094 
0.608094 
0.608094 
0.579814 
0.579814 
0.579814 
0.579814 
0.579814 
0.579814 
0.579814 
0.579814 
0.579814 
0.579814 
0.579814 
0.579814 
0.579814 
0.579814 
0.579814 
0.547873 
0.547873 
0.547873 
0.547873 
0.547873 
0.547873 
0.547873 
0.547873 
0.547873 
0.525188 
0.525188 
0.484759 
0.484759 
0.484759 
0.484759 
0.484759 
0.484759 
0.484759 
0.484759 
0.484759 
0.484759 
0.484759 
0.484759 
0.495871 
0.495871 
0.495871 
0.495871 
0.495871 
0.495871 
0.495871 
0.495871 
0.495871 
0.495871 
0.495871 
0.495871 
0.495871 
0.495871 
0.495871 
0.495871 
0.495871 
0.495871 
0.495871 
0.495871 
0.495871 
0.495871 
0.446708 
0.446708 
0.446708 
0.446708 
0.446708 
0.446708 
0.446708 
0.446708 
0.446708 
0.446708 
0.446708 
0.446708 
0.446708 
0.446708 
0.446708 
0.446708 
0.446708 
0.446708 
0.446708 
0.446708 
0.446708 
0.446708 
0.446708 
0.446708 
0.446708 
0.446708 
0.446708 
0.446708 
0.446708 
0.446708 
0.452742 
0.452742 
0.452742 
0.452742 
0.413585 
0.413585 
0.413585 
0.413585 
0.413585 
0.413585 
0.413585 
0.413585 
0.413585 
0.413585 
0.413585 
0.413585 
0.413585 
0.413585 
0.413585 
0.413585 
0.413585 
0.413585 
0.413585 
0.413585 
0.413585 
0.413585 
0.413585 
0.413585 
0.413585 
0.413585 
0.413585 
0.413585 
0.413585 
0.413585 
0.413585 
0.413585 
0.413585 
0.413585 
0.413585 
0.414429 
0.414429 
0.414429 
0.414429 
0.414429 
0.414429 
0.414429 
0.414429 
0.414429 
0.414429 
0.414429 
0.414429 
0.414429 
0.414429 
0.414429 
0.414429 
0.414429 
0.414429 
0.414429 
0.414429 
0.414429 
0.414429 
0.414429 
0.414429 
0.414429 
0.414429 
0.414429 
0.414429 
0.414429 
0.414429 
0.414429 
0.414429 
0.414429 
0.414429 
0.414429 
0.414429 
0.414429 
0.414429 
0.414429 
0.414429 
0.414429 
0.414429 
0.414429 
0.414429 
0.414429 
0.414429 
0.414429 
0.414429 
0.414429 
0.414429 
0.411991 
0.411991 
0.411991 
0.411991 
0.411991 
0.411991 
0.411991 
0.411991 
0.411991 
0.411991 
0.411991 
0.411991 
0.411991 
0.411991 
0.411991 
0.411991 
0.411991 
0.411991 
0.411991 
0.411991 
0.411991 
0.411991 
0.411991 
0.411991 
0.411991 
0.411991 
0.406212 
0.406212 
0.406212 
0.406212 
0.406212 
0.406212 
0.406212 
0.406212 
0.406212 
0.406212 
0.406212 
0.406212 
0.406212 
0.406212 
0.406212 
0.406212 
0.406212 
0.406212 
0.406212 
0.406212 
0.351161 
0.351161 
0.351161 
0.351161 
0.351161 
0.351161 
0.351161 
0.351161 
0.351161 
0.351161 
0.351161 
0.351161 
0.337366 
0.337366 
0.337366 
0.337366 
0.337366 
0.337366 
0.318753 
0.318753 
0.318753 
0.294480 
0.294480 
0.294480 
0.294480 
0.294480 
0.294480 
0.294480 
0.294480 
0.294480 
0.294480 
