0.578565 0.578563 
0.597803 0.597803 
0.552506 0.552506 
0.547723 0.547723 
0.588933 0.588933 
0.600327 0.600329 
0.606543 0.606543 
0.552506 0.552506 
0.533114 0.533114 
0.527656 0.527656 
0.552506 0.552506 
0.570779 0.570779 
0.609031 0.609033 
0.598243 0.598243 
0.604695 0.604697 
0.634948 0.634946 
0.622390 0.622388 
0.622390 0.622388 
0.573423 0.573425 
0.557249 0.557249 
0.564172 0.564170 
0.573425 0.573423 
0.554762 0.554765 
0.591497 0.591495 
0.633598 0.633598 
0.632039 0.632039 
0.669937 0.669937 
0.630268 0.630266 
0.599451 0.599451 
0.609571 0.609573 
0.626078 0.626076 
0.611297 0.611297 
0.628281 0.628281 
0.662829 0.662827 
0.660542 0.660542 
0.674635 0.674633 
0.682392 0.682390 
0.704403 0.704403 
0.699154 0.699154 
0.692441 0.692439 
0.677747 0.677747 
0.677068 0.677067 
0.656446 0.656446 
0.637016 0.637014 
0.637016 0.637014 
0.637738 0.637738 
0.646447 0.646447 
0.666786 0.666788 
0.662531 0.662531 
0.682390 0.682392 
0.719922 0.719924 
0.708873 0.708871 
0.730897 0.730897 
0.727288 0.727288 
0.741530 0.741531 
0.741530 0.741531 
0.741530 0.741531 
0.759067 0.759068 
0.734130 0.734130 
0.723296 0.723296 
0.706641 0.706641 
0.698118 0.698116 
0.695379 0.695379 
0.695379 0.695379 
0.704403 0.704403 
0.718185 0.718185 
0.718185 0.718185 
0.727198 0.727196 
0.727198 0.727196 
0.727198 0.727196 
0.717818 0.717818 
0.716259 0.716257 
0.721475 0.721475 
0.739487 0.739487 
0.739487 0.739487 
0.739487 0.739487 
0.739487 0.739487 
0.737974 0.737972 
0.759067 0.759068 
0.759067 0.759068 
0.759067 0.759068 
0.759067 0.759068 
0.757419 0.757419 
0.763992 0.763992 
0.743392 0.743392 
0.745070 0.745072 
0.723570 0.723568 
0.734399 0.734398 
0.751402 0.751402 
0.751402 0.751402 
0.745512 0.745513 
0.745512 0.745513 
0.739399 0.739399 
0.752538 0.752540 
0.744364 0.744364 
0.710356 0.710356 
0.720379 0.720380 
0.720379 0.720380 
0.701876 0.701878 
0.701876 0.701878 
0.681619 0.681619 
0.681619 0.681619 
0.690536 0.690538 
0.707479 0.707477 
0.704870 0.704870 
0.705151 0.705149 
0.654941 0.654941 
0.654941 0.654941 
0.654941 0.654941 
0.638562 0.638564 
0.642774 0.642774 
0.642774 0.642774 
0.654841 0.654839 
0.658947 0.658947 
0.638564 0.638562 
0.662034 0.662034 
0.665304 0.665306 
0.664415 0.664415 
0.664415 0.664415 
0.687769 0.687769 
0.660442 0.660442 
0.655343 0.655341 
0.655343 0.655341 
0.655343 0.655341 
0.651315 0.651313 
0.641851 0.641851 
0.623551 0.623551 
0.645224 0.645226 
0.656446 0.656446 
0.656446 0.656446 
0.671213 0.671211 
0.660442 0.660442 
0.653330 0.653332 
0.649290 0.649292 
0.657346 0.657348 
0.673169 0.673170 
0.661337 0.661339 
0.658047 0.658047 
0.650505 0.650505 
0.649290 0.649292 
0.649290 0.649292 
0.650000 0.650000 
0.650000 0.650000 
0.650505 0.650505 
0.650505 0.650505 
0.669248 0.669250 
0.655343 0.655341 
0.654036 0.654036 
0.651315 0.651313 
0.644307 0.644307 
0.644307 0.644307 
0.657346 0.657348 
0.624498 0.624500 
0.624498 0.624500 
0.637014 0.637016 
0.628698 0.628700 
0.627757 0.627757 
0.627757 0.627757 
0.634948 0.634946 
0.634948 0.634946 
0.631935 0.631935 
0.653330 0.653332 
0.643183 0.643181 
0.648379 0.648379 
0.648379 0.648379 
0.649290 0.649292 
0.638254 0.638254 
0.638254 0.638254 
0.658547 0.658547 
0.658547 0.658547 
0.637738 0.637738 
0.634117 0.634117 
0.634117 0.634117 
0.634117 0.634117 
0.634117 0.634117 
0.612479 0.612479 
0.600000 0.600000 
0.591163 0.591163 
0.591163 0.591163 
0.591163 0.591163 
0.591497 0.591495 
0.573423 0.573425 
0.571702 0.571699 
0.567890 0.567890 
0.567890 0.567890 
0.567890 0.567890 
0.525530 0.525533 
0.535084 0.535084 
0.539370 0.539370 
0.557721 0.557719 
0.557721 0.557719 
0.557721 0.557719 
0.557721 0.557719 
0.539370 0.539370 
0.514397 0.514397 
0.530514 0.530517 
0.530514 0.530517 
0.530514 0.530517 
0.530514 0.530517 
0.515037 0.515037 
0.519488 0.519488 
0.504714 0.504714 
0.483815 0.483818 
0.461119 0.461119 
0.461119 0.461119 
0.461119 0.461119 
0.461119 0.461119 
0.461119 0.461119 
0.461119 0.461119 
0.461119 0.461119 
0.461119 0.461119 
0.461119 0.461119 
0.461119 0.461119 
0.461119 0.461119 
0.461119 0.461119 
0.460405 0.460405 
0.461119 0.461119 
0.470722 0.470720 
0.470722 0.470720 
0.454654 0.454654 
0.454654 0.454654 
0.455808 0.455811 
0.472395 0.472395 
0.483408 0.483408 
0.483408 0.483408 
0.483408 0.483408 
0.483408 0.483408 
0.483408 0.483408 
0.493510 0.493510 
0.493510 0.493510 
0.493510 0.493510 
0.515418 0.515421 
0.515418 0.515421 
0.515418 0.515421 
0.515418 0.515421 
0.515418 0.515421 
0.520627 0.520627 
0.505103 0.505106 
0.505103 0.505106 
0.505103 0.505106 
0.483818 0.483815 
0.483818 0.483815 
0.504714 0.504714 
0.504714 0.504714 
0.489227 0.489224 
0.472395 0.472395 
0.466086 0.466086 
0.466086 0.466086 
0.470720 0.470722 
0.475035 0.475035 
0.475035 0.475035 
0.482727 0.482727 
0.472395 0.472395 
0.472395 0.472395 
0.472395 0.472395 
0.472395 0.472395 
0.461548 0.461546 
0.466086 0.466086 
0.453638 0.453641 
0.453638 0.453641 
0.455811 0.455808 
0.455955 0.455955 
0.450001 0.449998 
0.450001 0.449998 
0.450001 0.449998 
0.450001 0.449998 
0.450001 0.449998 
0.450001 0.449998 
0.438149 0.438146 
0.438149 0.438146 
0.438149 0.438146 
0.444262 0.444262 
0.444262 0.444262 
0.444262 0.444262 
0.461690 0.461690 
0.461690 0.461690 
0.461690 0.461690 
0.488822 0.488822 
0.488822 0.488822 
0.488822 0.488822 
0.488822 0.488822 
0.489224 0.489227 
0.489224 0.489227 
0.489224 0.489227 
0.489224 0.489227 
0.466086 0.466086 
0.466086 0.466086 
0.441886 0.441884 
0.441886 0.441884 
0.407816 0.407819 
0.422243 0.422243 
0.407816 0.407819 
0.407816 0.407819 
0.407816 0.407819 
0.407816 0.407819 
0.418487 0.418487 
0.409749 0.409749 
0.409749 0.409749 
0.409749 0.409749 
0.414218 0.414221 
0.414218 0.414221 
0.418487 0.418487 
0.418487 0.418487 
0.418487 0.418487 
0.434680 0.434680 
0.434680 0.434680 
0.434680 0.434680 
0.413427 0.413424 
0.413427 0.413424 
0.390681 0.390681 
0.390681 0.390681 
0.390681 0.390681 
0.390681 0.390681 
0.390681 0.390681 
0.387129 0.387126 
0.387129 0.387126 
0.376969 0.376969 
0.380271 0.380267 
0.380271 0.380267 
0.380271 0.380267 
0.380271 0.380267 
0.380271 0.380267 
0.380267 0.380271 
0.400494 0.400491 
0.400494 0.400491 
0.422399 0.422399 
0.422399 0.422399 
0.422399 0.422399 
0.430880 0.430880 
0.430880 0.430880 
0.434680 0.434680 
0.434680 0.434680 
0.434680 0.434680 
0.418487 0.418487 
0.418487 0.418487 
0.418487 0.418487 
0.422399 0.422399 
0.422399 0.422399 
0.407816 0.407819 
0.422243 0.422243 
0.411033 0.411030 
0.411033 0.411030 
0.367062 0.367066 
0.367062 0.367066 
0.349999 0.349999 
0.344884 0.344888 
0.344884 0.344888 
0.326665 0.326665 
0.326665 0.326665 
0.326665 0.326665 
0.326665 0.326665 
0.326665 0.326665 
0.326665 0.326665 
0.326665 0.326665 
0.326665 0.326665 
0.344884 0.344888 
0.339310 0.339310 
0.339310 0.339310 
0.352432 0.352436 
0.352432 0.352436 
0.352432 0.352436 
0.352432 0.352436 
0.352432 0.352436 
0.339310 0.339310 
0.339310 0.339310 
0.339310 0.339310 
0.339310 0.339310 
0.352432 0.352436 
0.361830 0.361830 
0.361830 0.361830 
0.361830 0.361830 
0.352432 0.352436 
0.352432 0.352436 
0.352432 0.352436 
0.352432 0.352436 
0.349999 0.349999 
0.349999 0.349999 
0.349999 0.349999 
0.349999 0.349999 
0.349999 0.349999 
0.349999 0.349999 
0.349999 0.349999 
0.349999 0.349999 
0.349999 0.349999 
0.349999 0.349999 
0.349999 0.349999 
0.349999 0.349999 
0.349999 0.349999 
0.362011 0.362011 
0.362011 0.362011 
0.351501 0.351498 
0.351501 0.351498 
0.355409 0.355409 
0.355409 0.355409 
0.366165 0.366169 
0.366165 0.366169 
0.366165 0.366169 
0.373286 0.373283 
0.373286 0.373283 
0.373286 0.373283 
0.373286 0.373283 
0.373286 0.373283 
0.373286 0.373283 
0.373286 0.373283 
0.373286 0.373283 
0.373286 0.373283 
0.373286 0.373283 
0.373286 0.373283 
0.373286 0.373283 
0.362011 0.362011 
0.362011 0.362011 
0.373286 0.373283 
0.373286 0.373283 
0.373286 0.373283 
0.373286 0.373283 
0.373286 0.373283 
0.373286 0.373283 
0.373286 0.373283 
0.362011 0.362011 
0.362011 0.362011 
0.362011 0.362011 
0.373286 0.373283 
0.373286 0.373283 
0.373286 0.373283 
0.369209 0.369209 
0.369209 0.369209 
0.369209 0.369209 
0.369209 0.369209 
0.369209 0.369209 
0.366169 0.366165 
0.366169 0.366165 
0.366169 0.366165 
0.366169 0.366165 
0.362738 0.362738 
0.362738 0.362738 
0.343929 0.343933 
0.343929 0.343933 
0.343929 0.343933 
0.340279 0.340279 
0.340279 0.340279 
0.340279 0.340279 
0.340279 0.340279 
0.340279 0.340279 
0.336191 0.336195 
0.336191 0.336195 
0.334624 0.334624 
0.334624 0.334624 
0.334624 0.334624 
0.334624 0.334624 
0.334624 0.334624 
0.334624 0.334624 
0.334624 0.334624 
0.334624 0.334624 
0.334624 0.334624 
0.339504 0.339504 
0.339504 0.339504 
0.339504 0.339504 
0.339504 0.339504 
0.334624 0.334624 
0.312882 0.312878 
0.312882 0.312878 
0.312882 0.312878 
0.315186 0.315186 
0.315186 0.315186 
0.312882 0.312878 
0.312882 0.312878 
0.312882 0.312878 
0.312882 0.312878 
0.312882 0.312878 
0.312882 0.312878 
0.312882 0.312878 
0.312882 0.312878 
0.312882 0.312878 
0.312882 0.312878 
0.312882 0.312878 
0.312882 0.312878 
0.312882 0.312878 
0.312882 0.312878 
0.312882 0.312878 
0.312882 0.312878 
0.312882 0.312878 
0.323427 0.323427 
0.323427 0.323427 
0.323427 0.323427 
0.323427 0.323427 
0.323427 0.323427 
0.323427 0.323427 
0.323427 0.323427 
0.323427 0.323427 
0.323427 0.323427 
0.323427 0.323427 
0.323427 0.323427 
0.323427 0.323427 
0.323427 0.323427 
0.323427 0.323427 
0.323427 0.323427 
0.323427 0.323427 
0.323427 0.323427 
0.323427 0.323427 
0.323427 0.323427 
0.323427 0.323427 
0.323427 0.323427 
0.323427 0.323427 
0.323427 0.323427 
0.323427 0.323427 
0.323427 0.323427 
0.323427 0.323427 
0.323427 0.323427 
0.323427 0.323427 
0.323427 0.323427 
0.323427 0.323427 
0.323427 0.323427 
0.323427 0.323427 
0.323427 0.323427 
0.323427 0.323427 
0.323427 0.323427 
0.323427 0.323427 
0.323427 0.323427 
0.312882 0.312878 
0.312882 0.312878 
0.310135 0.310135 
0.310135 0.310135 
0.310135 0.310135 
0.310135 0.310135 
0.310135 0.310135 
0.295582 0.295578 
0.295582 0.295578 
0.279803 0.279803 
0.277205 0.277200 
0.277205 0.277200 
0.277205 0.277200 
0.277205 0.277200 
0.277205 0.277200 
0.277205 0.277200 
0.277205 0.277200 
0.277205 0.277200 
0.277205 0.277200 
0.277205 0.277200 
0.277205 0.277200 
0.277205 0.277200 
0.279803 0.279803 
0.279803 0.279803 
0.279803 0.279803 
0.279803 0.279803 
0.279803 0.279803 
0.279803 0.279803 
0.279803 0.279803 
0.279803 0.279803 
0.262574 0.262579 
0.262574 0.262579 
0.262574 0.262579 
0.262574 0.262579 
0.262574 0.262579 
0.262574 0.262579 
0.262574 0.262579 
0.262574 0.262579 
0.262574 0.262579 
0.262574 0.262579 
0.262574 0.262579 
0.262574 0.262579 
0.262574 0.262579 
0.239242 0.239242 
0.239242 0.239242 
0.239242 0.239242 
0.239242 0.239242 
0.239242 0.239242 
0.247089 0.247084 
0.247089 0.247084 
0.247089 0.247084 
0.247089 0.247084 
0.247089 0.247084 
0.247089 0.247084 
0.247089 0.247084 
0.247089 0.247084 
0.247089 0.247084 
0.247089 0.247084 
0.247089 0.247084 
0.250000 0.250000 
0.250000 0.250000 
0.250000 0.250000 
0.250000 0.250000 
0.250000 0.250000 
0.250000 0.250000 
0.250000 0.250000 
0.250000 0.250000 
0.250000 0.250000 
0.250000 0.250000 
0.250000 0.250000 
0.250000 0.250000 
0.250000 0.250000 
0.250000 0.250000 
0.272412 0.272417 
0.272412 0.272417 
0.272412 0.272417 
0.272412 0.272417 
0.272412 0.272417 
0.272412 0.272417 
0.272412 0.272417 
0.272412 0.272417 
0.272412 0.272417 
0.272412 0.272417 
0.272412 0.272417 
0.272412 0.272417 
0.272412 0.272417 
0.272412 0.272417 
0.260314 0.260314 
0.260314 0.260314 
0.260314 0.260314 
0.260314 0.260314 
0.260314 0.260314 
0.260314 0.260314 
0.272412 0.272417 
0.272412 0.272417 
0.272412 0.272417 
0.272412 0.272417 
0.272412 0.272417 
0.272412 0.272417 
0.272412 0.272417 
0.272412 0.272417 
0.274100 0.274100 
0.274100 0.274100 
0.274100 0.274100 
0.262574 0.262579 
0.254175 0.254175 
0.254175 0.254175 
0.254175 0.254175 
0.254175 0.254175 
0.254175 0.254175 
0.254175 0.254175 
0.254175 0.254175 
0.254175 0.254175 
0.254175 0.254175 
0.254175 0.254175 
0.254175 0.254175 
0.254175 0.254175 
0.252353 0.252358 
0.252353 0.252358 
0.252353 0.252358 
0.252353 0.252358 
0.252353 0.252358 
0.252353 0.252358 
0.252353 0.252358 
0.252353 0.252358 
0.252353 0.252358 
0.252353 0.252358 
0.252353 0.252358 
0.252353 0.252358 
0.252353 0.252358 
0.252353 0.252358 
0.252353 0.252358 
0.252353 0.252358 
0.252353 0.252358 
0.252353 0.252358 
0.252353 0.252358 
0.239242 0.239242 
0.239242 0.239242 
0.239242 0.239242 
0.239242 0.239242 
0.239242 0.239242 
0.239242 0.239242 
0.239242 0.239242 
0.239242 0.239242 
0.239242 0.239242 
0.239242 0.239242 
0.239242 0.239242 
0.239242 0.239242 
0.239242 0.239242 
0.239242 0.239242 
0.239242 0.239242 
0.239242 0.239242 
0.239242 0.239242 
0.239242 0.239242 
0.239242 0.239242 
0.239242 0.239242 
0.239242 0.239242 
0.239242 0.239242 
0.239242 0.239242 
0.239242 0.239242 
0.239242 0.239242 
0.239242 0.239242 
0.239242 0.239242 
0.239242 0.239242 
0.239242 0.239242 
0.239242 0.239242 
0.239242 0.239242 
0.239242 0.239242 
0.239242 0.239242 
0.239242 0.239242 
0.239242 0.239242 
0.239242 0.239242 
0.239242 0.239242 
0.239242 0.239242 
0.239242 0.239242 
0.239242 0.239242 
0.239242 0.239242 
0.239242 0.239242 
0.239242 0.239242 
0.239242 0.239242 
0.239242 0.239242 
0.239242 0.239242 
0.230556 0.230561 
0.230556 0.230561 
0.230556 0.230561 
0.230556 0.230561 
0.230556 0.230561 
0.230556 0.230561 
0.230556 0.230561 
0.230556 0.230561 
0.230556 0.230561 
0.230556 0.230561 
0.230556 0.230561 
0.230556 0.230561 
0.230556 0.230561 
0.230556 0.230561 
0.230556 0.230561 
0.230556 0.230561 
0.220942 0.220942 
0.220942 0.220942 
0.220942 0.220942 
0.220942 0.220942 
0.220942 0.220942 
0.220942 0.220942 
0.220942 0.220942 
0.220942 0.220942 
0.220942 0.220942 
0.220942 0.220942 
0.220942 0.220942 
0.220942 0.220942 
0.220942 0.220942 
0.220942 0.220942 
0.220942 0.220942 
0.220942 0.220942 
0.220942 0.220942 
0.193304 0.193310 
0.193304 0.193310 
0.193304 0.193310 
0.193304 0.193310 
0.193304 0.193310 
0.193304 0.193310 
0.193304 0.193310 
0.193304 0.193310 
0.193304 0.193310 
0.193304 0.193310 
0.193304 0.193310 
0.193304 0.193310 
0.193304 0.193310 
0.193304 0.193310 
0.193304 0.193310 
0.193304 0.193310 
0.193304 0.193310 
0.193304 0.193310 
0.166621 0.166621 
0.166621 0.166621 
0.166621 0.166621 
0.166621 0.166621 
0.166621 0.166621 
0.166621 0.166621 
0.166621 0.166621 
0.166621 0.166621 
0.166621 0.166621 
0.166621 0.166621 
0.166621 0.166621 
0.166621 0.166621 
0.166621 0.166621 
0.166621 0.166621 
0.166621 0.166621 
0.152176 0.152176 
0.152176 0.152176 
0.152176 0.152176 
0.152176 0.152176 
0.152176 0.152176 
0.152176 0.152176 
0.152176 0.152176 
0.152176 0.152176 
0.152176 0.152176 
0.152176 0.152176 
0.152176 0.152176 
0.152176 0.152176 
0.152176 0.152176 
0.152176 0.152176 
0.152176 0.152176 
0.152176 0.152176 
0.152176 0.152176 
0.152176 0.152176 
0.152176 0.152176 
0.152176 0.152176 
0.152176 0.152176 
0.152176 0.152176 
0.152176 0.152176 
0.152176 0.152176 
0.152176 0.152176 
0.152176 0.152176 
0.152176 0.152176 
0.152176 0.152176 
0.152176 0.152176 
0.152176 0.152176 
0.152176 0.152176 
0.152176 0.152176 
0.152176 0.152176 
0.152176 0.152176 
0.153470 0.153462 
0.153470 0.153462 
0.153470 0.153462 
0.153470 0.153462 
0.153470 0.153462 
0.153470 0.153462 
0.153470 0.153462 
0.153470 0.153462 
0.153470 0.153462 
0.153470 0.153462 
0.153470 0.153462 
0.153470 0.153462 
0.153470 0.153462 
0.153470 0.153462 
0.153470 0.153462 
0.153470 0.153462 
0.153470 0.153462 
0.153470 0.153462 
0.135724 0.135724 
0.135724 0.135724 
0.135724 0.135724 
0.135724 0.135724 
0.135724 0.135724 
0.135724 0.135724 
0.135724 0.135724 
0.135724 0.135724 
0.135724 0.135724 
0.135724 0.135724 
0.135724 0.135724 
0.135724 0.135724 
0.135724 0.135724 
0.135724 0.135724 
0.135724 0.135724 
0.135724 0.135724 
0.135724 0.135724 
0.135724 0.135724 
0.135724 0.135724 
0.135724 0.135724 
0.135724 0.135724 
0.135724 0.135724 
0.135724 0.135724 
0.135724 0.135724 
0.135724 0.135724 
0.135724 0.135724 
0.135724 0.135724 
0.135724 0.135724 
0.135724 0.135724 
0.135724 0.135724 
0.135724 0.135724 
0.135724 0.135724 
0.135724 0.135724 
0.135724 0.135724 
0.135724 0.135724 
0.135724 0.135724 
0.135724 0.135724 
0.135724 0.135724 
0.135724 0.135724 
0.135724 0.135724 
0.135724 0.135724 
0.135724 0.135724 
0.135724 0.135724 
0.135724 0.135724 
0.135724 0.135724 
0.135724 0.135724 
0.135724 0.135724 
0.135724 0.135724 
0.135724 0.135724 
0.135724 0.135724 
0.135724 0.135724 
0.135724 0.135724 
0.135724 0.135724 
0.135724 0.135724 
0.135724 0.135724 
0.135724 0.135724 
0.135724 0.135724 
0.135724 0.135724 
0.135724 0.135724 
0.135724 0.135724 
0.135724 0.135724 
0.135724 0.135724 
0.135724 0.135724 
0.135724 0.135724 
0.135724 0.135724 
0.135724 0.135724 
0.135724 0.135724 
0.135724 0.135724 
0.135724 0.135724 
0.135724 0.135724 
0.135724 0.135724 
0.135724 0.135724 
0.135724 0.135724 
0.135724 0.135724 
0.135724 0.135724 
0.135724 0.135724 
0.135724 0.135724 
0.135724 0.135724 
0.135724 0.135724 
0.135724 0.135724 
0.114135 0.114124 
0.114135 0.114124 
0.114135 0.114124 
0.114135 0.114124 
0.114135 0.114124 
0.114135 0.114124 
0.114135 0.114124 
0.114135 0.114124 
0.114135 0.114124 
0.114135 0.114124 
0.114135 0.114124 
0.114135 0.114124 
0.114135 0.114124 
0.114708 0.114708 
0.114708 0.114708 
0.114708 0.114708 
0.114708 0.114708 
0.114708 0.114708 
0.114708 0.114708 
0.114708 0.114708 
0.114708 0.114708 
0.114708 0.114708 
0.114708 0.114708 
0.114708 0.114708 
0.114708 0.114708 
0.114708 0.114708 
0.114708 0.114708 
0.114708 0.114708 
0.114708 0.114708 
0.114708 0.114708 
0.114708 0.114708 
0.114708 0.114708 
0.114708 0.114708 
0.114124 0.114135 
0.114124 0.114135 
0.114124 0.114135 
0.114124 0.114135 
0.114124 0.114135 
0.114124 0.114135 
0.114124 0.114135 
0.114124 0.114135 
0.114124 0.114135 
0.114124 0.114135 
0.114124 0.114135 
0.114124 0.114135 
0.114124 0.114135 
0.114124 0.114135 
0.114124 0.114135 
0.114124 0.114135 
0.114124 0.114135 
0.114124 0.114135 
0.114124 0.114135 
0.114124 0.114135 
0.114124 0.114135 
0.114124 0.114135 
0.114124 0.114135 
0.114124 0.114135 
0.114124 0.114135 
0.114124 0.114135 
0.114124 0.114135 
0.114124 0.114135 
0.114124 0.114135 
0.114124 0.114135 
0.114124 0.114135 
0.114124 0.114135 
0.114124 0.114135 
0.114124 0.114135 
0.114124 0.114135 
0.114124 0.114135 
0.114124 0.114135 
0.114124 0.114135 
0.114124 0.114135 
0.114124 0.114135 
0.114124 0.114135 
0.109422 0.109422 
0.109422 0.109422 
0.109422 0.109422 
0.109422 0.109422 
0.109422 0.109422 
0.109422 0.109422 
0.109422 0.109422 
0.109422 0.109422 
0.109422 0.109422 
0.109422 0.109422 
0.109422 0.109422 
0.109422 0.109422 
0.109422 0.109422 
0.109422 0.109422 
0.109422 0.109422 
0.109422 0.109422 
0.109422 0.109422 
0.109422 0.109422 
0.109422 0.109422 
0.109422 0.109422 
0.109422 0.109422 
0.109422 0.109422 
0.105134 0.105122 
0.105134 0.105122 
0.105134 0.105122 
0.105134 0.105122 
0.105134 0.105122 
0.105134 0.105122 
