0.127733 0.183533 
0.153897 0.142810 
0.163836 0.153469 
0.091766 0.150000 
0.114133 0.232549 
0.127733 0.206474 
0.081918 0.133771 
0.153469 0.169752 
0.150000 0.181731 
0.142810 0.175844 
0.050000 0.170139 
0.114133 0.166623 
0.112390 0.142810 
0.116980 0.175844 
0.091766 0.160181 
0.105131 0.216430 
0.135724 0.281911 
0.105131 0.217643 
0.152177 0.250263 
0.091766 0.271448 
0.135239 0.190221 
0.127733 0.261574 
0.152177 0.212751 
0.127733 0.181731 
0.105131 0.203586 
0.169752 0.234801 
0.091766 0.264326 
0.150000 0.184961 
0.153897 0.175844 
0.131289 0.181731 
0.131289 0.186378 
0.105131 0.190567 
0.131289 0.184605 
0.099340 0.241704 
0.081918 0.245753 
0.109424 0.193309 
0.105131 0.150000 
0.068825 0.232549 
0.099340 0.212751 
0.099340 0.283540 
0.127733 0.216430 
0.146898 0.160591 
0.099340 0.240613 
0.091766 0.190567 
0.099340 0.216430 
0.127733 0.264326 
0.135239 0.175844 
0.133771 0.245753 
0.109424 0.254176 
0.105131 0.216430 
0.123010 0.228266 
0.169752 0.216430 
0.068825 0.252357 
0.123010 0.217643 
0.109424 0.234801 
0.091766 0.216430 
0.109424 0.232549 
0.099340 0.270477 
0.099340 0.137649 
0.184605 0.186378 
0.099340 0.243602 
0.109424 0.211200 
0.109424 0.193309 
0.150000 0.239517 
0.146898 0.186378 
0.123010 0.193309 
0.135239 0.228266 
0.170139 0.228266 
0.116980 0.176218 
0.116980 0.198348 
0.153897 0.176218 
0.099340 0.211200 
0.109424 0.234801 
0.127733 0.256238 
0.131289 0.176218 
0.081918 0.234801 
0.133771 0.260566 
0.123010 0.228266 
0.131289 0.216430 
0.091766 0.217643 
0.109424 0.195677 
0.068825 0.272416 
0.068825 0.240613 
0.068825 0.200000 
0.091766 0.184605 
0.081918 0.181731 
0.123010 0.229416 
0.153469 0.190567 
0.068825 0.228266 
0.123010 0.217643 
0.155597 0.181731 
0.179179 0.177705 
0.127733 0.203586 
0.068825 0.198348 
0.181731 0.212751 
0.068825 0.195677 
0.105131 0.205196 
0.081918 0.257519 
0.131289 0.125656 
0.105131 0.190221 
0.146898 0.254176 
0.091766 0.239517 
0.081918 0.236198 
0.091766 0.152177 
0.170139 0.153469 
0.099340 0.266310 
0.099340 0.195677 
0.135239 0.228266 
0.105131 0.197351 
0.127733 0.240613 
0.153469 0.190221 
0.081918 0.198348 
0.105131 0.169752 
0.099340 0.160181 
0.091766 0.181731 
0.152177 0.150000 
0.127733 0.203586 
0.133771 0.217643 
0.099340 0.233959 
0.091766 0.220943 
0.116980 0.184605 
0.112390 0.184605 
0.114133 0.203586 
0.135239 0.186378 
0.131289 0.211200 
0.105131 0.236198 
0.099340 0.254176 
0.105131 0.247088 
0.105131 0.285390 
0.109424 0.255467 
0.099340 0.228266 
0.135239 0.234801 
0.099340 0.228266 
0.081918 0.279803 
0.152177 0.234801 
0.198348 0.289055 
0.133771 0.177705 
0.099340 0.254176 
0.099340 0.266310 
0.081918 0.224781 
0.091766 0.186378 
0.099340 0.294466 
0.099340 0.153469 
0.135239 0.171679 
0.050000 0.169752 
0.105131 0.228266 
0.081918 0.223312 
0.091766 0.195677 
0.109424 0.232549 
0.123010 0.224781 
0.123010 0.190567 
0.116980 0.212751 
0.170139 0.245753 
0.091766 0.190567 
0.112390 0.186378 
0.091766 0.153469 
0.105131 0.186378 
0.166623 0.160181 
0.123010 0.169752 
0.131289 0.181731 
0.133771 0.220943 
0.135724 0.222427 
0.091766 0.266310 
0.109424 0.169752 
0.153469 0.239517 
0.091766 0.227977 
0.168585 0.232549 
0.105131 0.205196 
0.168585 0.229416 
0.131289 0.166623 
0.099340 0.203586 
0.131289 0.224781 
0.105131 0.170139 
0.133771 0.285390 
0.091766 0.285390 
0.123010 0.181731 
0.127733 0.216126 
0.109424 0.240613 
0.099340 0.270477 
0.184961 0.205196 
0.091766 0.186378 
0.131289 0.205196 
0.068825 0.233959 
0.150000 0.265568 
0.150000 0.220943 
0.163836 0.286540 
0.068825 0.217643 
0.150000 0.184605 
0.198680 0.239242 
0.123010 0.216430 
0.109424 0.208693 
0.133771 0.150000 
0.131289 0.190567 
0.127733 0.203909 
0.153897 0.198348 
0.168585 0.217643 
0.099340 0.243602 
0.135239 0.250000 
0.135239 0.184605 
0.168585 0.193309 
0.123010 0.169752 
0.127733 0.230560 
0.123010 0.198348 
0.112390 0.220943 
0.133771 0.234801 
0.109424 0.176218 
0.183533 0.211200 
0.170139 0.223312 
0.068825 0.250263 
0.116980 0.190567 
0.135239 0.169752 
0.068825 0.190567 
0.166623 0.247088 
0.131289 0.181731 
0.150000 0.239517 
0.099340 0.232549 
0.153897 0.211200 
0.133771 0.292674 
0.123010 0.260566 
0.099340 0.276015 
0.135239 0.198348 
0.127733 0.197351 
0.152177 0.211200 
0.081918 0.190221 
0.135724 0.240613 
0.131289 0.276015 
0.116980 0.240613 
0.109424 0.169752 
0.127733 0.223312 
0.109424 0.216430 
0.105131 0.190567 
0.116980 0.223312 
0.068825 0.250263 
0.131289 0.245753 
0.109424 0.275299 
0.109424 0.277204 
0.123010 0.216430 
0.127733 0.181731 
0.081918 0.145095 
0.135724 0.327671 
0.091766 0.272416 
0.099340 0.205196 
0.160181 0.218849 
0.099340 0.228266 
0.123010 0.208693 
0.112390 0.212751 
0.133771 0.190567 
0.091766 0.205196 
0.099340 0.232549 
0.081918 0.283540 
0.050000 0.275299 
0.142810 0.266310 
0.100000 0.195677 
0.068825 0.255467 
0.091766 0.233959 
0.099340 0.272416 
0.081918 0.216430 
0.091766 0.291096 
0.000000 0.208693 
0.146898 0.244949 
0.123010 0.270234 
0.081918 0.216430 
0.152177 0.218849 
0.123010 0.208693 
0.123010 0.203909 
0.131289 0.247088 
0.116980 0.190221 
0.091766 0.220943 
0.068825 0.262578 
0.081918 0.206474 
0.081918 0.222427 
0.109424 0.260314 
0.068825 0.254176 
0.091766 0.208693 
0.123010 0.216430 
0.000000 0.250000 
0.081918 0.234801 
0.091766 0.193309 
0.081918 0.271448 
0.091766 0.203586 
0.091766 0.227977 
0.091766 0.285390 
0.099340 0.223312 
0.153897 0.271448 
0.116980 0.208693 
0.099340 0.232549 
0.099340 0.294466 
0.105131 0.310136 
0.068825 0.244949 
0.091766 0.289282 
0.100000 0.294467 
0.091766 0.291096 
0.081918 0.206474 
0.099340 0.208693 
0.099340 0.223312 
0.146898 0.223312 
0.081918 0.262578 
0.068825 0.247088 
0.105131 0.195677 
0.099340 0.146898 
0.131289 0.166623 
0.133771 0.260314 
0.091766 0.254176 
0.081918 0.193309 
0.123010 0.216430 
0.099340 0.260566 
0.081918 0.195677 
0.105131 0.181731 
0.116980 0.184605 
0.146898 0.184605 
0.091766 0.267542 
0.099340 0.256238 
0.131289 0.371873 
0.050000 0.320156 
0.050000 0.191943 
0.081918 0.176218 
0.131289 0.193309 
0.168585 0.190221 
0.091766 0.211200 
0.091766 0.198348 
0.109424 0.169752 
0.127733 0.266310 
0.133771 0.212751 
0.081918 0.181731 
0.116980 0.325253 
0.068825 0.272416 
0.099340 0.244949 
0.068825 0.244949 
0.109424 0.294467 
0.099340 0.216126 
0.109424 0.224781 
0.099340 0.228266 
0.150000 0.224781 
0.112390 0.145095 
0.166623 0.203909 
0.091766 0.184605 
0.091766 0.184961 
0.105131 0.281911 
0.081918 0.232549 
0.109424 0.256238 
0.109424 0.190567 
0.081918 0.198348 
0.081918 0.208693 
0.081918 0.267542 
0.127733 0.256238 
0.123010 0.205196 
0.081918 0.234801 
0.131289 0.234801 
0.127733 0.254176 
0.099340 0.184605 
0.099340 0.234801 
0.105131 0.265568 
0.150000 0.292674 
0.099340 0.234801 
0.099340 0.177705 
0.081918 0.142810 
0.116980 0.220943 
0.099340 0.177705 
0.133771 0.160181 
0.123010 0.175844 
0.131289 0.183533 
0.099340 0.230560 
0.105131 0.220943 
0.099340 0.232549 
0.105131 0.234801 
0.081918 0.325253 
0.166623 0.304354 
0.099340 0.217643 
0.116980 0.197351 
0.131289 0.234801 
0.133771 0.190221 
0.133771 0.255467 
0.099340 0.255467 
0.091766 0.230560 
0.116980 0.295582 
0.109424 0.280976 
0.135239 0.217643 
0.131289 0.254176 
0.099340 0.286540 
0.152177 0.227977 
0.150000 0.239242 
0.133771 0.236198 
0.068825 0.261574 
0.135239 0.218849 
0.099340 0.184605 
0.109424 0.244949 
0.131289 0.274101 
0.109424 0.323631 
0.109424 0.254176 
0.153469 0.285620 
0.152177 0.252357 
0.127733 0.256238 
0.131289 0.256238 
0.099340 0.241704 
0.137649 0.234801 
0.135239 0.229416 
0.081918 0.184961 
0.099340 0.184961 
0.099340 0.206474 
0.105131 0.228266 
0.127733 0.211511 
0.112390 0.212751 
0.181731 0.200000 
0.105131 0.205196 
0.150000 0.239517 
0.091766 0.203909 
0.099340 0.234801 
0.068825 0.227977 
0.112390 0.160181 
0.099340 0.211200 
0.170139 0.257519 
0.091766 0.251312 
0.105131 0.292674 
0.116980 0.276253 
0.109424 0.208693 
0.091766 0.243602 
0.091766 0.264326 
0.105131 0.195677 
0.091766 0.275299 
0.081918 0.266310 
0.109424 0.285390 
0.131289 0.265568 
0.150000 0.283540 
0.099340 0.254176 
0.152177 0.274101 
0.150000 0.190221 
0.099340 0.190567 
0.105131 0.205196 
0.081918 0.279803 
0.081918 0.245753 
0.099340 0.251312 
0.109424 0.232549 
0.099340 0.292674 
0.133771 0.254176 
0.131289 0.137649 
0.105131 0.166623 
0.100000 0.181731 
0.099340 0.256238 
0.153469 0.233959 
0.150000 0.294466 
0.109424 0.184605 
0.152177 0.260566 
0.109424 0.295581 
0.135239 0.245753 
0.112390 0.208693 
0.091766 0.255467 
0.153897 0.271448 
0.105131 0.216430 
0.105131 0.224781 
0.135239 0.223312 
0.133771 0.212751 
0.114133 0.211200 
0.116980 0.247088 
0.131289 0.220943 
0.153897 0.229416 
0.109424 0.184605 
0.168585 0.223312 
0.105131 0.245753 
0.109424 0.261574 
0.131289 0.280038 
0.109424 0.318508 
0.153469 0.265568 
0.131289 0.206474 
0.114133 0.220943 
0.109424 0.160181 
0.081918 0.160591 
0.105131 0.198348 
0.081918 0.184605 
0.105131 0.266310 
0.163836 0.284697 
0.091766 0.270234 
0.109424 0.283540 
0.105131 0.315186 
0.081918 0.343358 
0.127733 0.220943 
0.127733 0.236198 
0.109424 0.190567 
0.105131 0.243602 
0.081918 0.310136 
0.127733 0.281911 
0.109424 0.200000 
0.168585 0.250263 
0.081918 0.211200 
0.170139 0.252357 
0.133771 0.216126 
0.091766 0.175844 
0.127733 0.276015 
0.091766 0.311828 
0.133771 0.198348 
0.133771 0.398021 
0.105131 0.348682 
0.050000 0.334625 
0.112390 0.294690 
0.068825 0.266310 
0.109424 0.331464 
0.050000 0.250000 
0.105131 0.211200 
0.135724 0.294467 
0.081918 0.250263 
0.105131 0.289282 
0.123010 0.223312 
0.091766 0.301531 
0.105131 0.271448 
0.091766 0.276253 
0.146898 0.261574 
0.099340 0.266557 
0.091766 0.289055 
0.123010 0.223312 
0.091766 0.245753 
0.091766 0.212751 
0.123010 0.277204 
0.116980 0.177705 
0.184961 0.250000 
0.068825 0.275299 
0.099340 0.292674 
0.109424 0.232549 
0.116980 0.281911 
0.127733 0.216126 
0.099340 0.293795 
0.099340 0.285390 
0.116980 0.346979 
0.150000 0.230560 
0.133771 0.244949 
0.131289 0.233959 
0.150000 0.264326 
0.081918 0.277204 
0.109424 0.276015 
0.099340 0.211200 
0.068825 0.335606 
0.099340 0.186378 
0.091766 0.246021 
0.135239 0.195677 
0.091766 0.357440 
0.114133 0.240613 
0.150000 0.310136 
0.133771 0.265568 
0.109424 0.256238 
0.099340 0.261574 
0.133771 0.343358 
0.068825 0.195677 
0.112390 0.260566 
0.131289 0.243602 
0.099340 0.239242 
0.099340 0.211200 
0.091766 0.247088 
0.105131 0.223312 
0.152177 0.247088 
0.135239 0.331464 
0.109424 0.266310 
0.131289 0.227977 
0.123010 0.321182 
0.133771 0.272416 
0.127733 0.250000 
0.116980 0.235081 
0.091766 0.294466 
0.081918 0.203909 
0.099340 0.195677 
0.050000 0.186378 
0.081918 0.281911 
0.127733 0.254176 
0.099340 0.264326 
0.135239 0.275299 
0.135239 0.246021 
0.105131 0.220943 
0.105131 0.220943 
0.123010 0.292674 
0.081918 0.261574 
0.135239 0.203586 
0.109424 0.239242 
0.081918 0.210263 
0.099340 0.286540 
0.135724 0.228266 
0.099340 0.239242 
0.133771 0.169752 
0.184605 0.176218 
0.127733 0.216126 
0.123010 0.206474 
0.091766 0.270234 
0.131289 0.264326 
0.091766 0.277204 
0.153469 0.256238 
0.133771 0.232549 
0.105131 0.224781 
0.081918 0.300000 
0.116980 0.320156 
0.109424 0.229416 
0.152177 0.216430 
0.184605 0.245753 
0.127733 0.266310 
0.170139 0.153469 
0.091766 0.220943 
0.081918 0.195677 
0.170139 0.230560 
0.168585 0.284697 
0.114133 0.169752 
0.123010 0.317059 
0.099340 0.195677 
0.099340 0.160591 
0.081918 0.272416 
0.131289 0.227977 
0.099340 0.334625 
0.050000 0.315186 
0.109424 0.411032 
0.068825 0.220943 
0.152177 0.197351 
0.146898 0.328273 
0.169752 0.244949 
0.099340 0.150000 
0.081918 0.191943 
0.091766 0.160591 
0.091766 0.203586 
0.127733 0.234801 
0.109424 0.223312 
0.105131 0.283540 
0.131289 0.260314 
0.091766 0.245753 
0.091766 0.300000 
0.105131 0.203909 
0.105131 0.254176 
0.131289 0.212751 
0.146898 0.234801 
0.127733 0.261574 
0.081918 0.294467 
0.131289 0.232549 
0.081918 0.169752 
0.133771 0.303272 
0.169752 0.200000 
0.105131 0.281911 
0.135239 0.222427 
0.131289 0.217643 
0.127733 0.250000 
0.099340 0.223312 
0.099340 0.216126 
0.133771 0.275299 
0.109424 0.218849 
0.091766 0.169752 
0.123010 0.284697 
0.146898 0.295581 
0.109424 0.323427 
0.109424 0.301531 
0.127733 0.203909 
0.155597 0.210263 
0.091766 0.276015 
0.131289 0.211200 
0.109424 0.294690 
0.146898 0.216430 
0.127733 0.216126 
0.131289 0.223312 
0.099340 0.267542 
0.131289 0.239517 
0.153897 0.267542 
0.123010 0.274101 
0.123010 0.301531 
0.109424 0.232549 
0.099340 0.254176 
0.114133 0.301531 
0.099340 0.203586 
0.099340 0.234801 
0.109424 0.220943 
0.166623 0.216126 
0.068825 0.250263 
0.091766 0.232549 
0.100000 0.257519 
0.099340 0.294467 
0.091766 0.203586 
0.099340 0.236198 
0.109424 0.203586 
0.123010 0.224781 
0.091766 0.274101 
0.123010 0.208693 
0.127733 0.206474 
0.091766 0.234801 
0.127733 0.217643 
0.105131 0.223312 
0.116980 0.270477 
0.109424 0.283540 
0.184605 0.203909 
0.081918 0.250263 
0.099340 0.283540 
0.166623 0.320156 
0.099340 0.250000 
0.135724 0.256238 
0.116980 0.271448 
0.133771 0.247088 
0.131289 0.251312 
0.091766 0.275299 
0.105131 0.252357 
0.131289 0.331464 
0.099340 0.311828 
0.163836 0.335606 
0.109424 0.265568 
0.127733 0.232549 
0.100000 0.267542 
0.152177 0.276015 
0.127733 0.205196 
0.123010 0.267542 
0.099340 0.272416 
0.168585 0.274101 
0.068825 0.216430 
0.135239 0.223312 
0.131289 0.211200 
0.135239 0.236198 
0.068825 0.220943 
0.050000 0.243602 
0.091766 0.264326 
0.133771 0.243602 
0.091766 0.233959 
0.091766 0.243602 
0.068825 0.216430 
0.099340 0.190221 
0.091766 0.210263 
0.211511 0.220943 
0.127733 0.250263 
0.166623 0.205196 
0.135239 0.232549 
0.127733 0.298020 
0.105131 0.256495 
0.127733 0.245753 
0.099340 0.195677 
0.050000 0.216430 
0.127733 0.223312 
0.091766 0.222427 
0.105131 0.212751 
0.123010 0.310136 
0.105131 0.270234 
0.112390 0.236198 
0.109424 0.230560 
0.099340 0.298020 
0.081918 0.250000 
0.127733 0.298020 
0.135239 0.293795 
0.166623 0.227977 
0.050000 0.279803 
0.127733 0.274101 
0.068825 0.260314 
0.091766 0.260314 
0.068825 0.315186 
0.105131 0.317059 
0.081918 0.239242 
0.127733 0.272416 
0.116980 0.254176 
0.150000 0.289282 
0.169752 0.223312 
0.081918 0.311828 
0.091766 0.255467 
0.109424 0.247088 
0.081918 0.216430 
0.068825 0.206474 
0.123010 0.328273 
0.099340 0.222427 
0.091766 0.183533 
0.131289 0.181731 
0.183533 0.247088 
0.099340 0.208693 
0.099340 0.255467 
0.133771 0.245753 
0.127733 0.234801 
0.068825 0.232549 
0.099340 0.243602 
0.131289 0.208693 
0.099340 0.256238 
0.081918 0.250263 
0.068825 0.193309 
0.099340 0.257519 
0.099340 0.208693 
0.133771 0.234801 
0.091766 0.211200 
0.133771 0.166623 
0.169752 0.328273 
0.099340 0.318508 
0.105131 0.143270 
0.133771 0.234801 
0.099340 0.181731 
0.081918 0.190567 
0.150000 0.223312 
0.099340 0.190567 
0.091766 0.234801 
0.050000 0.277204 
0.099340 0.223312 
0.131289 0.283540 
0.081918 0.235081 
0.091766 0.216126 
0.127733 0.220943 
0.068825 0.250000 
0.105131 0.254176 
0.133771 0.243602 
0.135239 0.220943 
0.131289 0.265568 
0.131289 0.245753 
0.135239 0.181731 
0.135724 0.206474 
0.152177 0.211200 
0.127733 0.160591 
0.160181 0.366168 
0.091766 0.318508 
0.170139 0.227977 
0.116980 0.236198 
0.131289 0.265568 
0.105131 0.224781 
0.131289 0.210263 
0.123010 0.223607 
0.091766 0.245753 
0.091766 0.223607 
0.131289 0.318508 
0.116980 0.308647 
0.116980 0.303272 
0.105131 0.293795 
0.112390 0.289055 
0.123010 0.310136 
0.131289 0.364728 
0.127733 0.240613 
0.099340 0.241704 
0.099340 0.169752 
0.133771 0.256238 
0.068825 0.285390 
0.123010 0.319539 
0.091766 0.270477 
0.133771 0.223312 
0.105131 0.239242 
0.135239 0.240613 
0.081918 0.276015 
0.091766 0.195677 
0.109424 0.232549 
0.123010 0.212751 
0.081918 0.276015 
0.127733 0.293795 
0.099340 0.160591 
0.091766 0.184605 
0.116980 0.239517 
0.131289 0.169752 
0.091766 0.220943 
0.112390 0.217643 
0.131289 0.169752 
0.105131 0.232549 
0.081918 0.208693 
0.068825 0.193309 
0.091766 0.222427 
0.109424 0.212751 
0.091766 0.276015 
0.081918 0.250000 
0.099340 0.270234 
0.123010 0.274101 
0.127733 0.298240 
0.081918 0.171679 
0.091766 0.169752 
0.109424 0.239517 
0.133771 0.261574 
0.166623 0.311828 
0.099340 0.260566 
0.081918 0.343932 
0.133771 0.292674 
0.091766 0.230560 
0.123010 0.220943 
0.127733 0.304354 
0.050000 0.169752 
0.091766 0.286540 
0.099340 0.301531 
0.123010 0.271448 
0.091766 0.344124 
0.116980 0.392529 
0.127733 0.266557 
0.114133 0.243602 
0.099340 0.291096 
0.123010 0.298020 
0.170139 0.351501 
0.153469 0.274101 
0.150000 0.283540 
0.099340 0.203909 
0.131289 0.256238 
0.150000 0.276015 
0.099340 0.218849 
0.099340 0.256495 
0.150000 0.195677 
0.131289 0.294466 
0.114133 0.169752 
0.105131 0.224781 
0.081918 0.244949 
0.116980 0.254176 
0.131289 0.323427 
0.127733 0.264326 
0.091766 0.227977 
0.081918 0.245753 
0.091766 0.298020 
0.099340 0.310136 
0.091766 0.232549 
0.099340 0.222427 
0.153469 0.256238 
0.081918 0.220943 
0.081918 0.276015 
0.127733 0.252357 
0.081918 0.265568 
0.091766 0.212751 
0.127733 0.301531 
0.091766 0.239242 
0.099340 0.232549 
0.127733 0.312039 
0.068825 0.326666 
0.109424 0.292674 
0.081918 0.247088 
0.099340 0.256495 
0.081918 0.206474 
0.081918 0.274101 
0.068825 0.175844 
0.105131 0.318508 
0.081918 0.276015 
0.091766 0.166623 
0.081918 0.216430 
0.123010 0.203909 
0.109424 0.243602 
0.112390 0.311828 
0.181731 0.247088 
0.091766 0.257519 
0.091766 0.358909 
0.150000 0.267542 
0.133771 0.245753 
0.116980 0.208693 
0.146898 0.200000 
0.112390 0.302620 
0.112390 0.260314 
0.127733 0.247088 
0.099340 0.303272 
0.105131 0.321182 
0.133771 0.193309 
0.105131 0.384571 
0.168585 0.327671 
0.168585 0.236198 
0.135239 0.181731 
0.169752 0.232549 
0.211511 0.241704 
0.099340 0.303488 
0.112390 0.303272 
0.123010 0.250263 
0.127733 0.160181 
0.112390 0.245753 
0.131289 0.216430 
0.131289 0.243602 
0.109424 0.223312 
0.068825 0.229416 
0.109424 0.184605 
0.081918 0.274101 
0.091766 0.176218 
0.105131 0.208693 
0.131289 0.208693 
0.123010 0.203909 
0.068825 0.176218 
0.099340 0.254176 
0.050000 0.312039 
0.131289 0.220943 
0.123010 0.262578 
0.127733 0.262578 
0.137649 0.223312 
0.099340 0.205196 
0.068825 0.256238 
0.105131 0.211200 
0.099340 0.186378 
0.127733 0.236198 
0.091766 0.195677 
0.050000 0.143270 
0.160181 0.220943 
0.099340 0.183533 
0.081918 0.257519 
0.081918 0.293795 
0.133771 0.343358 
0.169752 0.256238 
0.091766 0.262578 
0.127733 0.265568 
0.123010 0.300000 
0.099340 0.234801 
0.181731 0.243602 
0.091766 0.220943 
0.131289 0.234801 
0.099340 0.223312 
0.109424 0.220943 
0.091766 0.245753 
0.109424 0.266310 
0.105131 0.236198 
0.081918 0.224781 
0.112390 0.323631 
0.105131 0.191943 
0.105131 0.220943 
0.099340 0.272416 
0.099340 0.311828 
0.091766 0.254176 
0.081918 0.222427 
0.099340 0.302620 
0.099340 0.311828 
0.133771 0.311828 
0.116980 0.210263 
0.109424 0.318508 
0.081918 0.223312 
0.133771 0.270477 
0.099340 0.276253 
0.068825 0.244949 
0.105131 0.216430 
0.146898 0.274101 
0.123010 0.236198 
0.127733 0.169752 
0.081918 0.234801 
0.123010 0.247088 
0.099340 0.211511 
