0.362711 0.298349 0.362711 0.298349 
0.371000 0.295545 0.371000 0.295545 
0.364596 0.297486 0.364597 0.297486 
0.356811 0.302156 0.356811 0.302155 
0.366606 0.305394 0.366606 0.305394 
0.363655 0.299128 0.363655 0.299128 
0.377543 0.298144 0.377543 0.298144 
0.382260 0.304000 0.382260 0.304000 
0.378224 0.297211 0.378223 0.297211 
0.375798 0.295393 0.375798 0.295393 
0.387098 0.297266 0.387098 0.297266 
0.389337 0.294175 0.389337 0.294175 
0.393457 0.295890 0.393457 0.295890 
0.395732 0.295324 0.395732 0.295324 
0.403899 0.296868 0.403899 0.296868 
0.396937 0.301574 0.396937 0.301574 
0.395165 0.302385 0.395165 0.302385 
0.388203 0.293174 0.388204 0.293174 
0.392543 0.298349 0.392543 0.298349 
0.388708 0.300258 0.388708 0.300258 
0.383582 0.300490 0.383581 0.300489 
0.373500 0.301019 0.373500 0.301019 
0.373500 0.297143 0.373500 0.297143 
0.365100 0.293105 0.365100 0.293104 
0.371033 0.297047 0.371033 0.297046 
0.371033 0.297047 0.371033 0.297046 
0.373620 0.295393 0.373620 0.295393 
0.372482 0.293619 0.372482 0.293619 
0.372482 0.294771 0.372482 0.294771 
0.372482 0.293118 0.372482 0.293118 
0.374721 0.294216 0.374722 0.294216 
0.372526 0.288967 0.372526 0.288967 
0.374100 0.294174 0.374100 0.294175 
0.375538 0.298855 0.375537 0.298855 
0.378137 0.303718 0.378137 0.303718 
0.377110 0.307047 0.377110 0.307046 
0.383326 0.309378 0.383326 0.309377 
0.384273 0.307737 0.384272 0.307737 
0.386306 0.313453 0.386306 0.313453 
0.384984 0.312580 0.384984 0.312580 
0.382569 0.307724 0.382569 0.307724 
0.382644 0.309786 0.382644 0.309786 
0.379732 0.311429 0.379732 0.311429 
0.380644 0.311429 0.380644 0.311429 
0.380804 0.307777 0.380805 0.307777 
0.376882 0.305647 0.376883 0.305647 
0.372044 0.313974 0.372043 0.313974 
0.375374 0.313974 0.375375 0.313974 
0.370207 0.320828 0.370207 0.320828 
0.368294 0.314558 0.368294 0.314558 
0.372701 0.310694 0.372701 0.310694 
0.372701 0.314558 0.372701 0.314558 
0.372098 0.317079 0.372098 0.317078 
0.384433 0.319439 0.384432 0.319438 
0.382568 0.315271 0.382569 0.315271 
0.378709 0.316151 0.378709 0.316150 
0.382944 0.316151 0.382942 0.316150 
0.385280 0.317914 0.385280 0.317914 
0.383848 0.313714 0.383847 0.313714 
0.379043 0.315180 0.379043 0.315180 
0.377976 0.314298 0.377975 0.314299 
0.369986 0.314298 0.369986 0.314299 
0.360906 0.314298 0.360906 0.314299 
0.357782 0.306940 0.357782 0.306940 
0.359182 0.307046 0.359183 0.307047 
0.356216 0.307047 0.356216 0.307046 
0.356216 0.304845 0.356216 0.304845 
0.354437 0.301506 0.354435 0.301506 
0.351092 0.303302 0.351092 0.303301 
0.352530 0.299660 0.352530 0.299658 
0.353686 0.302425 0.353686 0.302424 
0.354746 0.302425 0.354746 0.302424 
0.354562 0.308055 0.354562 0.308056 
0.357873 0.308055 0.357874 0.308056 
0.354113 0.313779 0.354113 0.313779 
0.360554 0.313779 0.360555 0.313779 
0.364283 0.315271 0.364283 0.315271 
0.366215 0.310221 0.366216 0.310221 
0.365178 0.309324 0.365178 0.309326 
0.368128 0.312005 0.368128 0.312005 
0.370151 0.314558 0.370152 0.314557 
0.366439 0.315789 0.366439 0.315789 
0.367551 0.316988 0.367551 0.316988 
0.370283 0.312841 0.370284 0.312840 
0.362350 0.316563 0.362351 0.316563 
0.359920 0.314857 0.359921 0.314857 
0.360907 0.314857 0.360906 0.314857 
0.360056 0.310418 0.360057 0.310419 
0.356411 0.313362 0.356411 0.313361 
0.356857 0.313362 0.356857 0.313361 
0.352438 0.311677 0.352438 0.311679 
0.347880 0.307312 0.347880 0.307312 
0.341772 0.310838 0.341772 0.310838 
0.345098 0.312997 0.345100 0.312997 
0.345098 0.312514 0.345100 0.312516 
0.344769 0.316666 0.344768 0.316666 
0.349050 0.312984 0.349051 0.312984 
0.349050 0.310904 0.349051 0.310904 
0.349050 0.308836 0.349051 0.308836 
0.342632 0.308571 0.342631 0.308570 
0.344388 0.307737 0.344389 0.307737 
0.351893 0.307737 0.351893 0.307737 
0.351103 0.307737 0.351103 0.307737 
0.353224 0.305981 0.353224 0.305981 
0.353224 0.305981 0.353224 0.305981 
0.349238 0.306394 0.349238 0.306393 
0.347541 0.299060 0.347539 0.299060 
0.344627 0.298349 0.344626 0.298348 
0.346987 0.300000 0.346987 0.300001 
0.346987 0.289630 0.346987 0.289630 
0.333979 0.294286 0.333980 0.294286 
0.336865 0.284583 0.336864 0.284585 
0.339700 0.284641 0.339700 0.284641 
0.335260 0.284641 0.335261 0.284641 
0.337205 0.284627 0.337203 0.284626 
0.331736 0.288854 0.331736 0.288853 
0.331736 0.277010 0.331736 0.277010 
0.324558 0.268951 0.324559 0.268951 
0.326715 0.268404 0.326715 0.268403 
0.324622 0.263477 0.324622 0.263479 
0.320982 0.264668 0.320981 0.264668 
0.309364 0.252805 0.309364 0.252803 
0.299660 0.258236 0.299660 0.258236 
0.299508 0.258236 0.299510 0.258236 
0.302048 0.260314 0.302047 0.260313 
0.300490 0.258157 0.300489 0.258158 
0.301356 0.247172 0.301357 0.247171 
0.296979 0.247436 0.296978 0.247436 
0.301776 0.247436 0.301777 0.247436 
0.301776 0.251510 0.301777 0.251509 
0.302373 0.253691 0.302372 0.253691 
0.297418 0.250127 0.297418 0.250124 
0.296936 0.258725 0.296937 0.258724 
0.299441 0.266205 0.299442 0.266205 
0.305007 0.263478 0.305006 0.263476 
0.305007 0.265345 0.305006 0.265347 
0.305007 0.265899 0.305006 0.265899 
0.299660 0.266497 0.299660 0.266497 
0.299660 0.263555 0.299660 0.263555 
0.298238 0.266742 0.298240 0.266742 
0.300801 0.268343 0.300802 0.268345 
0.301033 0.266864 0.301032 0.266864 
0.294660 0.263803 0.294660 0.263803 
0.294660 0.257476 0.294660 0.257474 
0.290937 0.257476 0.290938 0.257474 
0.292769 0.257476 0.292770 0.257474 
0.291780 0.255806 0.291778 0.255806 
0.291780 0.250713 0.291778 0.250713 
0.292157 0.248900 0.292156 0.248897 
0.292157 0.248900 0.292156 0.248897 
0.292157 0.248900 0.292156 0.248897 
0.288613 0.248440 0.288614 0.248441 
0.290321 0.251429 0.290320 0.251428 
0.290321 0.250404 0.290320 0.250405 
0.291036 0.248358 0.291036 0.248357 
0.285714 0.248029 0.285714 0.248030 
0.285714 0.246841 0.285714 0.246842 
0.281526 0.246841 0.281526 0.246842 
0.281758 0.247848 0.281758 0.247848 
0.275889 0.251510 0.275888 0.251510 
0.280073 0.249080 0.280073 0.249080 
0.279942 0.248243 0.279942 0.248243 
0.279942 0.246461 0.279942 0.246461 
0.276658 0.246461 0.276656 0.246461 
0.279373 0.246461 0.279372 0.246461 
0.279123 0.246461 0.279124 0.246461 
0.277378 0.252740 0.277378 0.252740 
0.264961 0.248029 0.264961 0.248030 
0.264961 0.248029 0.264961 0.248030 
0.264961 0.246262 0.264961 0.246264 
0.268039 0.246262 0.268039 0.246264 
0.268039 0.243377 0.268039 0.243379 
0.265345 0.243377 0.265345 0.243379 
0.266437 0.249146 0.266435 0.249144 
0.261861 0.249800 0.261861 0.249801 
0.261066 0.253948 0.261065 0.253948 
0.261066 0.258978 0.261065 0.258978 
0.259119 0.259056 0.259119 0.259058 
0.256570 0.259056 0.256571 0.259058 
0.260315 0.259056 0.260314 0.259058 
0.254527 0.259056 0.254526 0.259058 
0.255054 0.257524 0.255055 0.257524 
0.255054 0.257476 0.255055 0.257474 
0.253948 0.257397 0.253948 0.257397 
0.252805 0.258867 0.252805 0.258867 
0.252805 0.258725 0.252805 0.258725 
0.253241 0.258725 0.253240 0.258725 
0.255615 0.256968 0.255615 0.256966 
0.251429 0.258109 0.251429 0.258110 
0.253321 0.259419 0.253321 0.259418 
0.250322 0.259119 0.250322 0.259118 
0.250322 0.253643 0.250322 0.253644 
0.250322 0.254847 0.250322 0.254846 
0.250535 0.254847 0.250534 0.254846 
0.252336 0.257603 0.252336 0.257601 
0.257285 0.261861 0.257286 0.261863 
0.254287 0.266021 0.254286 0.266022 
0.252724 0.263973 0.252724 0.263973 
0.252724 0.266512 0.252724 0.266511 
0.257539 0.266512 0.257539 0.266511 
0.255934 0.266512 0.255934 0.266511 
0.255934 0.267475 0.255934 0.267476 
0.252675 0.267475 0.252675 0.267476 
0.250974 0.265345 0.250974 0.265345 
0.252336 0.265345 0.252336 0.265345 
0.242033 0.265345 0.242032 0.265345 
0.246509 0.260047 0.246510 0.260047 
0.241171 0.262624 0.241171 0.262624 
0.241171 0.261861 0.241171 0.261861 
0.241171 0.261861 0.241171 0.261861 
0.241694 0.261065 0.241695 0.261066 
0.241694 0.256205 0.241695 0.256205 
0.233867 0.256205 0.233867 0.256205 
0.233867 0.255295 0.233867 0.255295 
0.229801 0.259733 0.229800 0.259731 
0.227426 0.256125 0.227426 0.256126 
0.223168 0.256125 0.223168 0.256126 
0.222492 0.256650 0.222491 0.256649 
0.217293 0.246262 0.217293 0.246264 
0.212834 0.250404 0.212833 0.250403 
0.211891 0.250404 0.211891 0.250403 
0.212834 0.252740 0.212833 0.252742 
0.212834 0.249800 0.212833 0.249801 
0.212680 0.248440 0.212680 0.248441 
0.211583 0.247040 0.211583 0.247039 
0.212372 0.247040 0.212372 0.247039 
0.212372 0.249080 0.212372 0.249080 
0.212372 0.249227 0.212372 0.249227 
0.213120 0.249227 0.213121 0.249227 
0.213120 0.247700 0.213121 0.247700 
0.209977 0.247782 0.209976 0.247784 
0.210656 0.247782 0.210655 0.247784 
0.210656 0.254350 0.210655 0.254350 
0.215121 0.259056 0.215122 0.259056 
0.213809 0.257397 0.213809 0.257397 
0.213809 0.252482 0.213809 0.252481 
0.212968 0.252158 0.212967 0.252157 
0.209586 0.255167 0.209587 0.255168 
0.210034 0.251704 0.210034 0.251705 
0.212372 0.251704 0.212372 0.251705 
0.212372 0.251704 0.212372 0.251705 
0.212372 0.251428 0.212372 0.251428 
0.212372 0.252740 0.212372 0.252740 
0.212372 0.243796 0.212372 0.243797 
0.211139 0.238293 0.211139 0.238293 
0.211891 0.238293 0.211891 0.238293 
0.208179 0.237332 0.208180 0.237332 
0.206449 0.240221 0.206447 0.240222 
0.204519 0.234495 0.204520 0.234495 
0.204519 0.237349 0.204520 0.237349 
0.204361 0.234982 0.204361 0.234983 
0.204361 0.234982 0.204361 0.234983 
0.202212 0.234982 0.202212 0.234983 
0.200000 0.228286 0.200000 0.228285 
0.200000 0.228286 0.200000 0.228285 
0.199775 0.226707 0.199775 0.226708 
0.199511 0.225859 0.199510 0.225859 
0.199511 0.221313 0.199510 0.221313 
0.199511 0.222857 0.199510 0.222857 
0.198853 0.211911 0.198854 0.211912 
0.195959 0.211911 0.195959 0.211912 
0.195959 0.215122 0.195959 0.215121 
0.193381 0.214362 0.193380 0.214362 
0.188570 0.207630 0.188571 0.207629 
0.188570 0.204121 0.188571 0.204121 
0.188570 0.204540 0.188571 0.204540 
0.189521 0.204540 0.189521 0.204540 
0.191003 0.202918 0.191002 0.202918 
0.191003 0.197453 0.191002 0.197453 
0.191003 0.201808 0.191002 0.201809 
0.190296 0.200000 0.190295 0.200000 
0.193801 0.200489 0.193802 0.200490 
0.193022 0.200489 0.193021 0.200490 
0.193022 0.202515 0.193021 0.202515 
0.192195 0.202515 0.192195 0.202515 
0.192195 0.202515 0.192195 0.202515 
0.192195 0.202515 0.192195 0.202515 
0.192195 0.206447 0.192195 0.206447 
0.193443 0.209956 0.193444 0.209956 
0.194643 0.209956 0.194643 0.209956 
0.194643 0.209956 0.194643 0.209956 
0.194643 0.207787 0.194643 0.207786 
0.188420 0.207787 0.188420 0.207786 
0.189521 0.207787 0.189521 0.207786 
0.186239 0.205556 0.186241 0.205557 
0.186239 0.205257 0.186241 0.205258 
0.184811 0.205257 0.184811 0.205258 
0.184811 0.206901 0.184811 0.206900 
0.184811 0.206901 0.184811 0.206900 
0.187899 0.206901 0.187899 0.206900 
0.187899 0.206526 0.187899 0.206526 
0.186569 0.206526 0.186569 0.206526 
0.186569 0.206526 0.186569 0.206526 
0.185188 0.206526 0.185186 0.206526 
0.185188 0.210034 0.185186 0.210034 
0.185188 0.211525 0.185186 0.211526 
0.180702 0.214875 0.180702 0.214875 
0.174473 0.211891 0.174473 0.211891 
0.173887 0.211891 0.173887 0.211891 
0.173887 0.211891 0.173887 0.211891 
0.174825 0.211293 0.174824 0.211294 
0.174825 0.211293 0.174824 0.211294 
0.174825 0.211293 0.174824 0.211294 
0.177535 0.211293 0.177534 0.211294 
0.177535 0.211293 0.177534 0.211294 
0.177535 0.211293 0.177534 0.211294 
0.173228 0.206743 0.173229 0.206744 
0.173228 0.206743 0.173229 0.206744 
0.173228 0.206051 0.173229 0.206051 
0.168767 0.206051 0.168765 0.206051 
0.168767 0.203319 0.168765 0.203321 
0.168767 0.203319 0.168765 0.203321 
0.168767 0.203319 0.168765 0.203321 
0.169031 0.203319 0.169031 0.203321 
0.171642 0.203319 0.171643 0.203321 
0.171642 0.203319 0.171643 0.203321 
0.171642 0.203319 0.171643 0.203321 
0.171642 0.196396 0.171643 0.196396 
0.171642 0.185076 0.171643 0.185078 
0.171642 0.185076 0.171643 0.185078 
0.171642 0.184036 0.171643 0.184037 
0.164654 0.184036 0.164652 0.184037 
0.164654 0.184036 0.164652 0.184037 
0.162255 0.185164 0.162255 0.185164 
0.162255 0.185164 0.162255 0.185164 
0.157115 0.185164 0.157117 0.185164 
0.157115 0.186241 0.157117 0.186242 
0.157115 0.186241 0.157117 0.186242 
0.151618 0.186241 0.151617 0.186242 
0.148158 0.179364 0.148159 0.179364 
0.148158 0.179364 0.148159 0.179364 
0.148158 0.179364 0.148159 0.179364 
0.148158 0.179364 0.148159 0.179364 
0.148158 0.176149 0.148159 0.176151 
0.148158 0.174637 0.148159 0.174637 
0.145014 0.174637 0.145012 0.174637 
0.145014 0.174637 0.145012 0.174637 
0.147386 0.174637 0.147385 0.174637 
0.146912 0.173064 0.146914 0.173062 
0.146912 0.173064 0.146914 0.173062 
0.146912 0.179705 0.146914 0.179706 
0.146912 0.179705 0.146914 0.179706 
0.146912 0.179705 0.146914 0.179706 
0.146912 0.179705 0.146914 0.179706 
0.150673 0.183036 0.150672 0.183036 
0.150673 0.183036 0.150672 0.183036 
0.140814 0.183503 0.140814 0.183503 
0.140814 0.186504 0.140814 0.186505 
0.140814 0.186504 0.140814 0.186505 
0.140814 0.186832 0.140814 0.186831 
0.139971 0.186832 0.139971 0.186831 
0.139971 0.186832 0.139971 0.186831 
0.139971 0.186832 0.139971 0.186831 
0.139971 0.189284 0.139971 0.189286 
0.139971 0.189284 0.139971 0.189286 
0.139971 0.192003 0.139971 0.192004 
0.135105 0.194223 0.135104 0.194225 
0.135105 0.194223 0.135104 0.194225 
0.135105 0.198463 0.135104 0.198463 
0.135105 0.200489 0.135104 0.200488 
0.135105 0.200489 0.135104 0.200488 
0.135105 0.194223 0.135104 0.194223 
0.134042 0.187704 0.134042 0.187704 
0.134042 0.187704 0.134042 0.187704 
0.134042 0.189715 0.134042 0.189715 
0.134042 0.189715 0.134042 0.189715 
0.134042 0.189715 0.134042 0.189715 
0.134042 0.189715 0.134042 0.189715 
0.134042 0.187355 0.134042 0.187355 
0.134042 0.187116 0.134042 0.187115 
0.134042 0.187116 0.134042 0.187115 
0.134042 0.187116 0.134042 0.187115 
0.134042 0.188680 0.134042 0.188680 
0.134042 0.188680 0.134042 0.188680 
0.134042 0.188312 0.134042 0.188310 
0.135949 0.188312 0.135947 0.188310 
0.135949 0.189608 0.135947 0.189608 
0.135949 0.189608 0.135947 0.189608 
0.135949 0.189608 0.135947 0.189608 
0.135949 0.189608 0.135947 0.189608 
0.135949 0.189608 0.135947 0.189608 
0.137766 0.189608 0.137766 0.189608 
0.137766 0.189608 0.137766 0.189608 
0.137766 0.182522 0.137766 0.182523 
0.137766 0.180000 0.137766 0.180001 
0.137766 0.180000 0.137766 0.180001 
0.137766 0.180000 0.137766 0.180001 
0.136546 0.180724 0.136546 0.180724 
0.136546 0.180724 0.136546 0.180724 
0.136546 0.180724 0.136546 0.180724 
0.136546 0.179887 0.136546 0.179888 
0.136546 0.179887 0.136546 0.179888 
0.136546 0.183503 0.136546 0.183503 
0.136546 0.183503 0.136546 0.183503 
0.138240 0.183503 0.138240 0.183503 
0.138240 0.184811 0.138240 0.184811 
0.138240 0.181625 0.138240 0.181626 
0.138240 0.181625 0.138240 0.181626 
0.138240 0.177258 0.138240 0.177259 
0.138240 0.177258 0.138240 0.177256 
0.138240 0.176033 0.138240 0.176031 
0.138240 0.174753 0.138240 0.174754 
0.138240 0.174753 0.138240 0.174754 
0.133893 0.178999 0.133890 0.178999 
0.133893 0.178999 0.133890 0.178999 
0.135497 0.178999 0.135496 0.178999 
0.135497 0.178999 0.135496 0.178999 
0.135497 0.179887 0.135496 0.179886 
0.134012 0.177718 0.134012 0.177717 
0.134012 0.177718 0.134012 0.177717 
0.134012 0.177718 0.134012 0.177717 
0.134012 0.177718 0.134012 0.177717 
0.132447 0.177718 0.132449 0.177717 
0.132447 0.178429 0.132449 0.178429 
0.132447 0.178429 0.132449 0.178429 
0.133887 0.178429 0.133890 0.178429 
0.136546 0.178429 0.136546 0.178429 
0.137766 0.179091 0.137766 0.179091 
0.137766 0.179091 0.137766 0.179091 
0.137766 0.179705 0.137766 0.179706 
0.137766 0.179705 0.137766 0.179706 
0.138916 0.179705 0.138917 0.179706 
0.138916 0.179705 0.138917 0.179706 
0.138916 0.179705 0.138917 0.179706 
0.134045 0.179705 0.134042 0.179706 
0.134045 0.179705 0.134042 0.179706 
0.132049 0.179705 0.132048 0.179706 
0.132049 0.179705 0.132048 0.179706 
0.132049 0.179705 0.132048 0.179706 
0.132049 0.179705 0.132048 0.179706 
0.132049 0.179705 0.132048 0.179706 
0.129959 0.179705 0.129961 0.179706 
0.129959 0.179705 0.129961 0.179706 
0.129959 0.179705 0.129961 0.179706 
0.129959 0.179705 0.129961 0.179706 
0.127775 0.175685 0.127775 0.175684 
0.127775 0.176219 0.127775 0.176219 
0.127775 0.176219 0.127775 0.176219 
0.127775 0.177879 0.127775 0.177878 
0.127775 0.177879 0.127775 0.177878 
0.127775 0.177879 0.127775 0.177878 
0.127775 0.177879 0.127775 0.177878 
0.127775 0.177879 0.127775 0.177878 
0.122191 0.177879 0.122191 0.177878 
0.122191 0.177879 0.122191 0.177878 
0.122191 0.175871 0.122191 0.175872 
0.122191 0.175871 0.122191 0.175872 
0.122191 0.175871 0.122191 0.175872 
0.122191 0.175871 0.122191 0.175872 
0.122191 0.171429 0.122191 0.171429 
0.122191 0.171429 0.122191 0.171429 
0.122191 0.171429 0.122191 0.171429 
0.122191 0.169248 0.122191 0.169248 
0.122191 0.169248 0.122191 0.169248 
0.122191 0.169248 0.122191 0.169248 
0.122191 0.169248 0.122191 0.169248 
0.122191 0.169248 0.122191 0.169248 
0.122191 0.169248 0.122191 0.169248 
0.122191 0.169248 0.122191 0.169248 
0.122191 0.169248 0.122191 0.169248 
0.122191 0.169248 0.122191 0.169248 
0.122191 0.169248 0.122191 0.169248 
0.122191 0.169417 0.122191 0.169417 
0.122191 0.169417 0.122191 0.169417 
0.122191 0.169417 0.122191 0.169417 
0.122191 0.164652 0.122191 0.164654 
0.116270 0.162229 0.116269 0.162230 
0.114429 0.162229 0.114428 0.162230 
0.114429 0.162229 0.114428 0.162230 
0.114429 0.162255 0.114428 0.162255 
0.115175 0.162255 0.115175 0.162255 
0.115175 0.162255 0.115175 0.162255 
0.115175 0.159694 0.115175 0.159692 
0.115175 0.159694 0.115175 0.159692 
0.115175 0.151752 0.115175 0.151749 
0.115175 0.151752 0.115175 0.151749 
0.115175 0.151752 0.115175 0.151749 
0.115175 0.151752 0.115175 0.151749 
0.115175 0.151752 0.115175 0.151749 
0.112269 0.151752 0.112268 0.151749 
0.112269 0.151752 0.112268 0.151749 
0.112269 0.151752 0.112268 0.151749 
0.112886 0.151752 0.112884 0.151749 
0.112886 0.151752 0.112884 0.151749 
0.112886 0.151752 0.112884 0.151749 
0.113424 0.151752 0.113425 0.151749 
0.113424 0.151752 0.113425 0.151749 
0.114286 0.151752 0.114286 0.151749 
0.114286 0.151752 0.114286 0.151749 
0.114286 0.151752 0.114286 0.151749 
0.114286 0.151752 0.114286 0.151749 
0.114286 0.151617 0.114286 0.151618 
0.114286 0.151617 0.114286 0.151618 
0.114286 0.151617 0.114286 0.151618 
0.114286 0.151429 0.114286 0.151428 
0.114286 0.151429 0.114286 0.151428 
0.114286 0.151429 0.114286 0.151428 
0.114286 0.151186 0.114286 0.151186 
0.114286 0.151186 0.114286 0.151186 
0.114286 0.150536 0.114286 0.150538 
0.114286 0.150536 0.114286 0.150538 
0.114286 0.150129 0.114286 0.150130 
0.114606 0.150129 0.114607 0.150130 
0.114606 0.150129 0.114607 0.150130 
0.114606 0.150129 0.114607 0.150130 
0.111246 0.149666 0.111245 0.149665 
0.111246 0.149666 0.111245 0.149665 
0.111246 0.149666 0.111245 0.149665 
0.111246 0.149666 0.111245 0.149665 
0.111246 0.149666 0.111245 0.149665 
0.111246 0.149147 0.111245 0.149147 
0.111246 0.145798 0.111245 0.145798 
0.111246 0.145798 0.111245 0.145798 
0.111246 0.145798 0.111245 0.145798 
0.111246 0.145798 0.111245 0.145798 
0.111246 0.145798 0.111245 0.145798 
0.111432 0.145798 0.111429 0.145798 
0.111432 0.145798 0.111429 0.145798 
0.111432 0.145798 0.111429 0.145798 
0.111432 0.136457 0.111429 0.136458 
0.111432 0.138682 0.111429 0.138681 
0.111432 0.138682 0.111429 0.138681 
0.111432 0.138682 0.111429 0.138681 
0.111432 0.138682 0.111429 0.138681 
0.111432 0.138682 0.111429 0.138681 
0.111432 0.138682 0.111429 0.138681 
0.111432 0.138682 0.111429 0.138681 
0.111432 0.138682 0.111429 0.138681 
0.100000 0.138682 0.100000 0.138681 
0.095786 0.138682 0.095789 0.138681 
0.095786 0.140814 0.095789 0.140814 
0.095786 0.140814 0.095789 0.140814 
0.095786 0.140814 0.095789 0.140814 
0.095786 0.140814 0.095789 0.140814 
0.095786 0.136097 0.095789 0.136098 
0.095786 0.136097 0.095789 0.136098 
0.095657 0.136097 0.095661 0.136098 
0.095657 0.136097 0.095661 0.136098 
0.095657 0.136097 0.095661 0.136098 
0.095657 0.136097 0.095661 0.136098 
0.095657 0.136097 0.095661 0.136098 
0.095657 0.138092 0.095661 0.138093 
0.095657 0.138092 0.095661 0.138093 
0.095657 0.138092 0.095661 0.138093 
0.095657 0.138092 0.095661 0.138093 
0.095657 0.135947 0.095661 0.135949 
0.095657 0.135947 0.095661 0.135949 
0.095657 0.135947 0.095661 0.135949 
0.095657 0.135947 0.095661 0.135949 
0.095657 0.135947 0.095661 0.135949 
0.095657 0.135947 0.095661 0.135949 
0.095657 0.128571 0.095661 0.128571 
0.091071 0.128571 0.091071 0.128571 
0.091071 0.128571 0.091071 0.128571 
0.091071 0.128571 0.091071 0.128571 
0.091071 0.128571 0.091071 0.128571 
0.091071 0.128571 0.091071 0.128571 
0.091071 0.130431 0.091071 0.130431 
0.091071 0.130431 0.091071 0.130431 
0.091071 0.132203 0.091071 0.132203 
0.091071 0.132203 0.091071 0.132203 
0.091071 0.132203 0.091071 0.132203 
0.091071 0.133890 0.091071 0.133893 
0.091071 0.133890 0.091071 0.133893 
0.091071 0.126136 0.091071 0.126136 
0.091071 0.124540 0.091071 0.124540 
0.091071 0.124540 0.091071 0.124540 
0.091071 0.124540 0.091071 0.124540 
0.091071 0.124540 0.091071 0.124540 
0.091071 0.124540 0.091071 0.124540 
0.091071 0.124540 0.091071 0.124540 
0.091071 0.124540 0.091071 0.124540 
0.091071 0.124540 0.091071 0.124540 
0.091071 0.122857 0.091071 0.122855 
0.091071 0.122857 0.091071 0.122855 
0.091071 0.122857 0.091071 0.122855 
0.090756 0.122857 0.090756 0.122855 
0.090756 0.122857 0.090756 0.122855 
0.090756 0.121084 0.090756 0.121080 
0.090756 0.121084 0.090756 0.121080 
0.090756 0.119215 0.090756 0.119216 
0.090756 0.119215 0.090756 0.119216 
0.090756 0.119215 0.090756 0.119216 
0.090756 0.117247 0.090756 0.117247 
0.090756 0.117247 0.090756 0.117247 
0.090756 0.117247 0.090756 0.117247 
0.090756 0.117247 0.090756 0.117247 
0.090756 0.117247 0.090756 0.117247 
0.090756 0.117247 0.090756 0.117247 
0.090756 0.117247 0.090756 0.117247 
0.090756 0.117247 0.090756 0.117247 
0.090756 0.117247 0.090756 0.117247 
0.090756 0.117247 0.090756 0.117247 
0.090756 0.117247 0.090756 0.117247 
0.090756 0.117247 0.090756 0.117247 
0.090756 0.117247 0.090756 0.117247 
0.090756 0.117247 0.090756 0.117247 
0.090756 0.117247 0.090756 0.117247 
0.090756 0.117247 0.090756 0.117247 
0.090756 0.111575 0.090756 0.111575 
0.090756 0.111575 0.090756 0.111575 
0.090756 0.111575 0.090756 0.111575 
0.090756 0.111575 0.090756 0.111575 
0.090756 0.111575 0.090756 0.111575 
0.090756 0.105521 0.090756 0.105520 
0.090756 0.105521 0.090756 0.105520 
0.090756 0.105521 0.090756 0.105520 
0.090756 0.105521 0.090756 0.105520 
0.090756 0.105521 0.090756 0.105520 
0.090756 0.105521 0.090756 0.105520 
0.090756 0.105521 0.090756 0.105520 
0.090756 0.105521 0.090756 0.105520 
0.090351 0.105521 0.090351 0.105520 
0.090351 0.105521 0.090351 0.105520 
0.090351 0.105521 0.090351 0.105520 
0.085187 0.105521 0.085189 0.105520 
0.085187 0.106943 0.085189 0.106946 
0.085187 0.106943 0.085189 0.106946 
0.079595 0.106943 0.079591 0.106946 
0.078820 0.106943 0.078818 0.106946 
0.078820 0.106943 0.078818 0.106946 
0.078820 0.106943 0.078818 0.106946 
0.078820 0.106943 0.078818 0.106946 
0.078820 0.106943 0.078818 0.106946 
0.077930 0.106943 0.077932 0.106946 
0.077930 0.106943 0.077932 0.106946 
0.077930 0.108270 0.077932 0.108272 
0.077930 0.108270 0.077932 0.108272 
0.071429 0.105714 0.071429 0.105712 
0.071429 0.105714 0.071429 0.105712 
0.071429 0.103016 0.071429 0.103016 
0.071429 0.103016 0.071429 0.103016 
0.071429 0.103016 0.071429 0.103016 
0.071429 0.103016 0.071429 0.103016 
0.064143 0.103016 0.064143 0.103016 
0.064143 0.103016 0.064143 0.103016 
0.064143 0.104158 0.064143 0.104159 
0.064143 0.104158 0.064143 0.104159 
0.064143 0.105211 0.064143 0.105213 
0.064143 0.105211 0.064143 0.105213 
0.064143 0.105211 0.064143 0.105213 
0.064143 0.105211 0.064143 0.105213 
0.064143 0.105211 0.064143 0.105213 
0.064143 0.102260 0.064143 0.102258 
0.064143 0.103174 0.064143 0.103174 
0.064143 0.100000 0.064143 0.100000 
0.064143 0.100773 0.064143 0.100774 
0.064143 0.101459 0.064143 0.101460 
0.064143 0.101459 0.064143 0.101460 
0.064143 0.101459 0.064143 0.101460 
0.064143 0.102060 0.064143 0.102059 
0.064143 0.102060 0.064143 0.102059 
0.064143 0.102060 0.064143 0.102059 
0.064143 0.102060 0.064143 0.102059 
0.064143 0.102060 0.064143 0.102059 
0.064143 0.102060 0.064143 0.102059 
0.064143 0.102060 0.064143 0.102059 
0.064143 0.102060 0.064143 0.102059 
0.064143 0.102060 0.064143 0.102059 
0.064143 0.102060 0.064143 0.102059 
0.064143 0.095148 0.064143 0.095147 
0.064143 0.095148 0.064143 0.095147 
0.064143 0.095148 0.064143 0.095147 
0.064143 0.095148 0.064143 0.095147 
0.064143 0.095148 0.064143 0.095147 
0.064143 0.095148 0.064143 0.095147 
0.064143 0.095148 0.064143 0.095147 
0.064143 0.095148 0.064143 0.095147 
0.064143 0.095148 0.064143 0.095147 
0.064143 0.095148 0.064143 0.095147 
0.064143 0.095447 0.064143 0.095448 
0.064143 0.095447 0.064143 0.095448 
0.064143 0.095447 0.064143 0.095448 
0.064143 0.095447 0.064143 0.095448 
0.062666 0.095447 0.062662 0.095448 
0.062666 0.095447 0.062662 0.095448 
0.062666 0.086709 0.062662 0.086713 
0.062666 0.086709 0.062662 0.086713 
0.062666 0.086709 0.062662 0.086713 
0.062666 0.086709 0.062662 0.086713 
0.062666 0.086709 0.062662 0.086713 
0.062666 0.086709 0.062662 0.086713 
0.062666 0.086709 0.062662 0.086713 
0.061009 0.086709 0.061012 0.086713 
0.061009 0.086709 0.061012 0.086713 
0.061009 0.086709 0.061012 0.086713 
0.061009 0.086709 0.061012 0.086713 
0.061009 0.086709 0.061012 0.086713 
0.061009 0.086850 0.061012 0.086851 
0.061009 0.086850 0.061012 0.086851 
0.061009 0.086850 0.061012 0.086851 
0.061009 0.086850 0.061012 0.086851 
0.061009 0.086850 0.061012 0.086851 
0.061009 0.086850 0.061012 0.086851 
0.061009 0.086850 0.061012 0.086851 
0.061009 0.086850 0.061012 0.086851 
0.061009 0.086850 0.061012 0.086851 
0.059178 0.086850 0.059178 0.086851 
0.059178 0.086850 0.059178 0.086851 
0.059178 0.086850 0.059178 0.086851 
0.059178 0.086850 0.059178 0.086851 
0.059178 0.086850 0.059178 0.086851 
0.059178 0.086850 0.059178 0.086851 
0.059178 0.086850 0.059178 0.086851 
0.059178 0.086850 0.059178 0.086851 
0.059178 0.086850 0.059178 0.086851 
0.059178 0.086850 0.059178 0.086851 
0.059178 0.086850 0.059178 0.086851 
0.059178 0.086850 0.059178 0.086851 
0.059178 0.086897 0.059178 0.086897 
0.059178 0.086897 0.059178 0.086897 
0.059178 0.086897 0.059178 0.086897 
0.059178 0.086897 0.059178 0.086897 
0.059178 0.086897 0.059178 0.086897 
0.059178 0.086897 0.059178 0.086897 
0.059178 0.086897 0.059178 0.086897 
0.059178 0.086897 0.059178 0.086897 
0.059178 0.086897 0.059178 0.086897 
0.059178 0.086897 0.059178 0.086897 
0.059178 0.086897 0.059178 0.086897 
0.059178 0.086897 0.059178 0.086897 
0.059178 0.086897 0.059178 0.086897 
0.059178 0.086897 0.059178 0.086897 
0.059178 0.086897 0.059178 0.086897 
0.059178 0.086897 0.059178 0.086897 
0.059178 0.086897 0.059178 0.086897 
0.059178 0.086897 0.059178 0.086897 
0.057143 0.086897 0.057143 0.086897 
0.057143 0.086897 0.057143 0.086897 
0.057143 0.086897 0.057143 0.086897 
0.057143 0.086897 0.057143 0.086897 
0.057143 0.086897 0.057143 0.086897 
0.057143 0.086897 0.057143 0.086897 
0.057143 0.086897 0.057143 0.086897 
0.054887 0.086897 0.054884 0.086897 
0.054887 0.086897 0.054884 0.086897 
0.054887 0.086897 0.054884 0.086897 
0.054887 0.086897 0.054884 0.086897 
0.054887 0.086897 0.054884 0.086897 
0.054887 0.086897 0.054884 0.086897 
0.054887 0.086897 0.054884 0.086897 
0.054887 0.086897 0.054884 0.086897 
0.054887 0.082015 0.054884 0.082012 
0.054887 0.082015 0.054884 0.082012 
0.054887 0.082015 0.054884 0.082012 
0.054887 0.082015 0.054884 0.082012 
0.054887 0.082015 0.054884 0.082012 
0.054887 0.082015 0.054884 0.082012 
0.054887 0.082015 0.054884 0.082012 
0.054887 0.082015 0.054884 0.082012 
0.054887 0.076718 0.054884 0.076713 
0.054887 0.076718 0.054884 0.076713 
0.054887 0.076718 0.054884 0.076713 
0.054887 0.076718 0.054884 0.076713 
0.054887 0.076718 0.054884 0.076713 
0.054887 0.076718 0.054884 0.076713 
0.054887 0.076718 0.054884 0.076713 
0.054887 0.076718 0.054884 0.076713 
0.054887 0.076452 0.054884 0.076453 
0.054887 0.076452 0.054884 0.076453 
0.054887 0.076452 0.054884 0.076453 
0.052375 0.076452 0.052372 0.076453 
0.052375 0.076452 0.052372 0.076453 
0.049568 0.076452 0.049570 0.076453 
0.049568 0.076077 0.049570 0.076076 
0.049568 0.076077 0.049570 0.076076 
0.049568 0.075593 0.049570 0.075593 
0.049568 0.075593 0.049570 0.075593 
0.049568 0.075593 0.049570 0.075593 
0.049568 0.075593 0.049570 0.075593 
0.049568 0.075593 0.049570 0.075593 
0.049568 0.075593 0.049570 0.075593 
0.049568 0.075593 0.049570 0.075593 
0.049568 0.075593 0.049570 0.075593 
0.049568 0.075593 0.049570 0.075593 
0.049568 0.075593 0.049570 0.075593 
0.049568 0.075593 0.049570 0.075593 
0.049568 0.075593 0.049570 0.075593 
0.049568 0.075593 0.049570 0.075593 
0.049568 0.075593 0.049570 0.075593 
0.049568 0.075593 0.049570 0.075593 
0.046429 0.075593 0.046423 0.075593 
0.046429 0.075593 0.046423 0.075593 
0.046429 0.075593 0.046423 0.075593 
0.046429 0.075593 0.046423 0.075593 
0.046429 0.075593 0.046423 0.075593 
0.046429 0.075593 0.046423 0.075593 
0.046429 0.075593 0.046423 0.075593 
0.046429 0.075593 0.046423 0.075593 
0.046429 0.075593 0.046423 0.075593 
0.046429 0.075593 0.046423 0.075593 
0.046429 0.075593 0.046423 0.075593 
0.046429 0.075593 0.046423 0.075593 
0.046429 0.075593 0.046423 0.075593 
0.046429 0.074997 0.046423 0.074995 
0.046429 0.074997 0.046423 0.074995 
0.046429 0.074997 0.046423 0.074995 
0.046429 0.074997 0.046423 0.074995 
0.046429 0.074997 0.046423 0.074995 
0.046429 0.074997 0.046423 0.074995 
0.046429 0.074997 0.046423 0.074995 
0.046429 0.074286 0.046423 0.074290 
0.046429 0.074286 0.046423 0.074290 
0.046429 0.074286 0.046423 0.074290 
0.046429 0.074286 0.046423 0.074290 
0.046429 0.074286 0.046423 0.074290 
0.046429 0.074286 0.046423 0.074290 
0.046429 0.074286 0.046423 0.074290 
0.046429 0.074286 0.046423 0.074290 
0.046429 0.074286 0.046423 0.074290 
0.046429 0.074286 0.046423 0.074290 
0.046429 0.074286 0.046423 0.074290 
0.046429 0.074286 0.046423 0.074290 
0.046429 0.073457 0.046423 0.073459 
0.046429 0.073457 0.046423 0.073459 
0.046429 0.073457 0.046423 0.073459 
0.046429 0.073457 0.046423 0.073459 
0.046429 0.073457 0.046423 0.073459 
0.046429 0.073457 0.046423 0.073459 
0.046429 0.073457 0.046423 0.073459 
0.046429 0.073457 0.046423 0.073459 
0.042857 0.073457 0.042857 0.073459 
0.042857 0.066639 0.042857 0.066636 
0.042857 0.066639 0.042857 0.066636 
0.042857 0.066639 0.042857 0.066636 
0.042857 0.066639 0.042857 0.066636 
0.042857 0.066639 0.042857 0.066636 
0.042857 0.066639 0.042857 0.066636 
0.042857 0.065465 0.042857 0.065465 
0.042857 0.065465 0.042857 0.065465 
0.042857 0.065465 0.042857 0.065465 
0.042857 0.065465 0.042857 0.065465 
0.042857 0.064143 0.042857 0.064143 
0.042857 0.064143 0.042857 0.064143 
0.042857 0.064143 0.042857 0.064143 
0.042857 0.064143 0.042857 0.064143 
0.042857 0.064143 0.042857 0.064143 
0.042857 0.064143 0.042857 0.064143 
0.042857 0.064143 0.042857 0.064143 
0.042857 0.064143 0.042857 0.064143 
0.042857 0.064143 0.042857 0.064143 
0.042857 0.064143 0.042857 0.064143 
0.042857 0.064143 0.042857 0.064143 
0.042857 0.064143 0.042857 0.064143 
0.042857 0.064143 0.042857 0.064143 
0.042857 0.064143 0.042857 0.064143 
0.042857 0.064143 0.042857 0.064143 
0.042857 0.064143 0.042857 0.064143 
0.042857 0.064143 0.042857 0.064143 
0.042857 0.064143 0.042857 0.064143 
0.042857 0.064143 0.042857 0.064143 
0.042857 0.064143 0.042857 0.064143 
0.042857 0.064143 0.042857 0.064143 
0.042857 0.064143 0.042857 0.064143 
0.042857 0.064143 0.042857 0.064143 
0.042857 0.064143 0.042857 0.064143 
0.042857 0.064143 0.042857 0.064143 
0.042857 0.064143 0.042857 0.064143 
0.042857 0.064143 0.042857 0.064143 
0.042857 0.064143 0.042857 0.064143 
0.042857 0.064143 0.042857 0.064143 
0.042857 0.064143 0.042857 0.064143 
0.042857 0.064143 0.042857 0.064143 
0.042857 0.064143 0.042857 0.064143 
0.042857 0.064143 0.042857 0.064143 
0.042857 0.064143 0.042857 0.064143 
0.042857 0.064143 0.042857 0.064143 
0.042857 0.064143 0.042857 0.064143 
0.042857 0.064143 0.042857 0.064143 
0.038755 0.062662 0.038756 0.062666 
0.038755 0.062662 0.038756 0.062666 
0.038755 0.062662 0.038756 0.062666 
0.038755 0.062662 0.038756 0.062666 
0.038755 0.062662 0.038756 0.062666 
0.038755 0.062662 0.038756 0.062666 
0.038755 0.062662 0.038756 0.062666 
0.038755 0.062662 0.038756 0.062666 
0.038755 0.062662 0.038756 0.062666 
0.038755 0.062662 0.038756 0.062666 
0.038755 0.062662 0.038756 0.062666 
0.038755 0.062662 0.038756 0.062666 
0.038755 0.062662 0.038756 0.062666 
0.038755 0.062662 0.038756 0.062666 
0.038755 0.062662 0.038756 0.062666 
0.038755 0.062662 0.038756 0.062666 
0.038755 0.062662 0.038756 0.062666 
0.038755 0.062662 0.038756 0.062666 
0.038755 0.061012 0.038756 0.061009 
0.038755 0.061012 0.038756 0.061009 
0.038755 0.061012 0.038756 0.061009 
0.033917 0.061012 0.033927 0.061009 
0.033917 0.061012 0.033927 0.061009 
0.033917 0.061012 0.033927 0.061009 
0.033917 0.061012 0.033927 0.061009 
0.033917 0.061012 0.033927 0.061009 
0.033917 0.061012 0.033927 0.061009 
0.033917 0.061012 0.033927 0.061009 
0.033917 0.061012 0.033927 0.061009 
0.033917 0.061012 0.033927 0.061009 
0.033917 0.061012 0.033927 0.061009 
0.033917 0.061012 0.033927 0.061009 
0.033917 0.061012 0.033927 0.061009 
0.033917 0.061012 0.033927 0.061009 
0.033917 0.061012 0.033927 0.061009 
0.033917 0.061012 0.033927 0.061009 
0.033917 0.061012 0.033927 0.061009 
0.033917 0.061012 0.033927 0.061009 
0.033917 0.061012 0.033927 0.061009 
0.033917 0.061012 0.033927 0.061009 
0.033917 0.061012 0.033927 0.061009 
0.033917 0.059178 0.033927 0.059178 
0.033917 0.059178 0.033927 0.059178 
0.033917 0.059178 0.033927 0.059178 
0.033917 0.059178 0.033927 0.059178 
0.033917 0.059178 0.033927 0.059178 
0.033917 0.059178 0.033927 0.059178 
0.033917 0.059178 0.033927 0.059178 
0.033917 0.059178 0.033927 0.059178 
0.033917 0.059178 0.033927 0.059178 
0.033917 0.059178 0.033927 0.059178 
0.033917 0.059178 0.033927 0.059178 
0.033917 0.059178 0.033927 0.059178 
0.033917 0.059178 0.033927 0.059178 
0.033917 0.059178 0.033927 0.059178 
0.033917 0.059178 0.033927 0.059178 
0.033917 0.059178 0.033927 0.059178 
0.033917 0.059178 0.033927 0.059178 
0.033917 0.059178 0.033927 0.059178 
0.033917 0.059178 0.033927 0.059178 
0.033917 0.059178 0.033927 0.059178 
0.033917 0.059178 0.033927 0.059178 
0.033917 0.059178 0.033927 0.059178 
0.033917 0.059178 0.033927 0.059178 
0.033917 0.059178 0.033927 0.059178 
0.033917 0.059178 0.033927 0.059178 
0.033917 0.057143 0.033927 0.057143 
0.033917 0.057143 0.033927 0.057143 
0.033917 0.057143 0.033927 0.057143 
0.033917 0.057143 0.033927 0.057143 
0.033917 0.057143 0.033927 0.057143 
0.033917 0.057143 0.033927 0.057143 
0.033917 0.057143 0.033927 0.057143 
0.033917 0.057143 0.033927 0.057143 
0.033917 0.057143 0.033927 0.057143 
0.033917 0.057143 0.033927 0.057143 
0.033917 0.057143 0.033927 0.057143 
0.033917 0.057143 0.033927 0.057143 
0.033917 0.057143 0.033927 0.057143 
0.033917 0.057143 0.033927 0.057143 
0.033917 0.057143 0.033927 0.057143 
0.033917 0.057143 0.033927 0.057143 
0.033917 0.057143 0.033927 0.057143 
0.033917 0.057143 0.033927 0.057143 
0.033917 0.057143 0.033927 0.057143 
0.033917 0.057143 0.033927 0.057143 
0.033917 0.057143 0.033927 0.057143 
0.033917 0.057143 0.033927 0.057143 
0.033917 0.057143 0.033927 0.057143 
0.033917 0.057143 0.033927 0.057143 
0.033917 0.057143 0.033927 0.057143 
0.033917 0.057143 0.033927 0.057143 
0.033917 0.057143 0.033927 0.057143 
0.033917 0.054884 0.033927 0.054887 
0.033917 0.054884 0.033927 0.054887 
0.033917 0.054884 0.033927 0.054887 
0.033917 0.054884 0.033927 0.054887 
0.033917 0.054884 0.033927 0.054887 
0.033917 0.054884 0.033927 0.054887 
0.033917 0.054884 0.033927 0.054887 
0.033917 0.054884 0.033927 0.054887 
0.033917 0.054884 0.033927 0.054887 
0.033917 0.054884 0.033927 0.054887 
0.033917 0.054884 0.033927 0.054887 
0.033917 0.054884 0.033927 0.054887 
0.033917 0.054884 0.033927 0.054887 
0.033917 0.054884 0.033927 0.054887 
0.033917 0.054884 0.033927 0.054887 
0.028008 0.054884 0.027994 0.054887 
0.028008 0.054884 0.027994 0.054887 
0.028008 0.054884 0.027994 0.054887 
0.028008 0.054884 0.027994 0.054887 
0.028008 0.054884 0.027994 0.054887 
0.028008 0.054884 0.027994 0.054887 
0.028008 0.054884 0.027994 0.054887 
0.028008 0.054884 0.027994 0.054887 
0.028008 0.054884 0.027994 0.054887 
0.028008 0.054884 0.027994 0.054887 
0.028008 0.054884 0.027994 0.054887 
0.028008 0.054884 0.027994 0.054887 
0.028008 0.054884 0.027994 0.054887 
0.028008 0.054884 0.027994 0.054887 
0.028008 0.054884 0.027994 0.054887 
0.028008 0.054884 0.027994 0.054887 
0.028008 0.054884 0.027994 0.054887 
0.028008 0.054884 0.027994 0.054887 
0.028008 0.054884 0.027994 0.054887 
0.028008 0.054884 0.027994 0.054887 
0.028008 0.054884 0.027994 0.054887 
0.028008 0.054884 0.027994 0.054887 
0.028008 0.054884 0.027994 0.054887 
