2.587421 2.587411 
2.673454 2.673454 
2.470883 2.470883 
2.449490 2.449490 
2.633787 2.633787 
2.684745 2.684754 
2.712542 2.712542 
2.470883 2.470883 
2.384158 2.384158 
2.359748 2.359748 
2.470883 2.470883 
2.552603 2.552603 
2.723670 2.723680 
2.675424 2.675424 
2.704278 2.704287 
2.839572 2.839563 
2.783411 2.783402 
2.783411 2.783402 
2.564425 2.564435 
2.492093 2.492093 
2.523054 2.523043 
2.564435 2.564425 
2.480972 2.480982 
2.645256 2.645246 
2.833538 2.833538 
2.826564 2.826564 
2.996048 2.996048 
2.818643 2.818634 
2.680827 2.680827 
2.726085 2.726094 
2.799908 2.799899 
2.733804 2.733804 
2.809757 2.809757 
2.964262 2.964254 
2.954032 2.954032 
3.017058 3.017050 
3.051748 3.051740 
3.150186 3.150186 
3.126710 3.126710 
3.096689 3.096681 
3.030979 3.030979 
3.027942 3.027933 
2.935715 2.935715 
2.848824 2.848815 
2.848824 2.848815 
2.852052 2.852052 
2.891001 2.891001 
2.981956 2.981965 
2.962927 2.962927 
3.051740 3.051748 
3.219588 3.219596 
3.170175 3.170167 
3.268671 3.268671 
3.252529 3.252529 
3.316222 3.316230 
3.316222 3.316230 
3.316222 3.316230 
3.394649 3.394657 
3.283129 3.283129 
3.234679 3.234679 
3.160197 3.160197 
3.122079 3.122071 
3.109832 3.109832 
3.109832 3.109832 
3.150186 3.150186 
3.211820 3.211820 
3.211820 3.211820 
3.252126 3.252119 
3.252126 3.252119 
3.252126 3.252119 
3.210180 3.210180 
3.203207 3.203199 
3.226533 3.226533 
3.307088 3.307088 
3.307088 3.307088 
3.307088 3.307088 
3.307088 3.307088 
3.300321 3.300313 
3.394649 3.394657 
3.394649 3.394657 
3.394649 3.394657 
3.394649 3.394657 
3.387283 3.387283 
3.416676 3.416676 
3.324550 3.324550 
3.332055 3.332063 
3.235902 3.235894 
3.284334 3.284327 
3.360371 3.360371 
3.360371 3.360371 
3.334029 3.334037 
3.334029 3.334037 
3.306692 3.306692 
3.365453 3.365461 
3.328899 3.328899 
3.176807 3.176807 
3.221631 3.221639 
3.221631 3.221639 
3.138884 3.138892 
3.138884 3.138892 
3.048294 3.048294 
3.048294 3.048294 
3.088171 3.088179 
3.163943 3.163935 
3.152274 3.152274 
3.153529 3.153521 
2.928984 2.928984 
2.928984 2.928984 
2.928984 2.928984 
2.855735 2.855744 
2.874571 2.874571 
2.874571 2.874571 
2.928536 2.928528 
2.946898 2.946898 
2.855744 2.855735 
2.960706 2.960706 
2.975330 2.975339 
2.971354 2.971354 
2.971354 2.971354 
3.075797 3.075797 
2.953588 2.953588 
2.930782 2.930773 
2.930782 2.930773 
2.930782 2.930773 
2.912769 2.912760 
2.870446 2.870446 
2.788605 2.788605 
2.885529 2.885537 
2.935715 2.935715 
2.935715 2.935715 
3.001755 3.001747 
2.953588 2.953588 
2.921780 2.921789 
2.903711 2.903720 
2.939739 2.939748 
3.010501 3.010510 
2.957588 2.957597 
2.942875 2.942875 
2.909149 2.909149 
2.903711 2.903720 
2.903711 2.903720 
2.906887 2.906887 
2.906887 2.906887 
2.909149 2.909149 
2.909149 2.909149 
2.992967 2.992976 
2.930782 2.930773 
2.924936 2.924936 
2.912769 2.912760 
2.881429 2.881429 
2.881429 2.881429 
2.939739 2.939748 
2.792841 2.792850 
2.792841 2.792850 
2.848815 2.848824 
2.811623 2.811632 
2.807415 2.807415 
2.807415 2.807415 
2.839572 2.839563 
2.839572 2.839563 
2.826100 2.826100 
2.921780 2.921789 
2.876403 2.876394 
2.899637 2.899637 
2.899637 2.899637 
2.903711 2.903720 
2.854358 2.854358 
2.854358 2.854358 
2.945110 2.945110 
2.945110 2.945110 
2.852052 2.852052 
2.835859 2.835859 
2.835859 2.835859 
2.835859 2.835859 
2.835859 2.835859 
2.739091 2.739091 
2.683280 2.683280 
2.643759 2.643759 
2.643759 2.643759 
2.643759 2.643759 
2.645256 2.645246 
2.564425 2.564435 
2.556727 2.556717 
2.539683 2.539683 
2.539683 2.539683 
2.539683 2.539683 
2.350243 2.350254 
2.392970 2.392970 
2.412138 2.412138 
2.494206 2.494195 
2.494206 2.494195 
2.494206 2.494195 
2.494206 2.494195 
2.412138 2.412138 
2.300455 2.300455 
2.372532 2.372542 
2.372532 2.372542 
2.372532 2.372542 
2.372532 2.372542 
2.303313 2.303313 
2.323221 2.323221 
2.257150 2.257150 
2.163686 2.163698 
2.062188 2.062188 
2.062188 2.062188 
2.062188 2.062188 
2.062188 2.062188 
2.062188 2.062188 
2.062188 2.062188 
2.062188 2.062188 
2.062188 2.062188 
2.062188 2.062188 
2.062188 2.062188 
2.062188 2.062188 
2.062188 2.062188 
2.058996 2.058996 
2.062188 2.062188 
2.105134 2.105122 
2.105134 2.105122 
2.033273 2.033273 
2.033273 2.033273 
2.038436 2.038449 
2.112616 2.112616 
2.161868 2.161868 
2.161868 2.161868 
2.161868 2.161868 
2.161868 2.161868 
2.161868 2.161868 
2.207044 2.207044 
2.207044 2.207044 
2.207044 2.207044 
2.305020 2.305031 
2.305020 2.305031 
2.305020 2.305031 
2.305020 2.305031 
2.305020 2.305031 
2.328315 2.328315 
2.258891 2.258903 
2.258891 2.258903 
2.258891 2.258903 
2.163698 2.163686 
2.163698 2.163686 
2.257150 2.257150 
2.257150 2.257150 
2.187888 2.187876 
2.112616 2.112616 
2.084401 2.084401 
2.084401 2.084401 
2.105122 2.105134 
2.124419 2.124419 
2.124419 2.124419 
2.158823 2.158823 
2.112616 2.112616 
2.112616 2.112616 
2.112616 2.112616 
2.112616 2.112616 
2.064107 2.064094 
2.084401 2.084401 
2.028731 2.028744 
2.028731 2.028744 
2.038449 2.038436 
2.039092 2.039092 
2.012464 2.012451 
2.012464 2.012451 
2.012464 2.012451 
2.012464 2.012451 
2.012464 2.012451 
2.012464 2.012451 
1.959460 1.959447 
1.959460 1.959447 
1.959460 1.959447 
1.986799 1.986799 
1.986799 1.986799 
1.986799 1.986799 
2.064742 2.064742 
2.064742 2.064742 
2.064742 2.064742 
2.186078 2.186078 
2.186078 2.186078 
2.186078 2.186078 
2.186078 2.186078 
2.187876 2.187888 
2.187876 2.187888 
2.187876 2.187888 
2.187876 2.187888 
2.084401 2.084401 
2.084401 2.084401 
1.976177 1.976164 
1.976177 1.976164 
1.823808 1.823822 
1.888330 1.888330 
1.823808 1.823822 
1.823808 1.823822 
1.823808 1.823822 
1.823808 1.823822 
1.871529 1.871529 
1.832453 1.832453 
1.832453 1.832453 
1.832453 1.832453 
1.852441 1.852455 
1.852441 1.852455 
1.871529 1.871529 
1.871529 1.871529 
1.871529 1.871529 
1.943949 1.943949 
1.943949 1.943949 
1.943949 1.943949 
1.848900 1.848886 
1.848900 1.848886 
1.747178 1.747178 
1.747178 1.747178 
1.747178 1.747178 
1.747178 1.747178 
1.747178 1.747178 
1.731294 1.731279 
1.731294 1.731279 
1.685854 1.685854 
1.700622 1.700607 
1.700622 1.700607 
1.700622 1.700607 
1.700622 1.700607 
1.700622 1.700607 
1.700607 1.700622 
1.791063 1.791048 
1.791063 1.791048 
1.889024 1.889024 
1.889024 1.889024 
1.889024 1.889024 
1.926953 1.926953 
1.926953 1.926953 
1.943949 1.943949 
1.943949 1.943949 
1.943949 1.943949 
1.871529 1.871529 
1.871529 1.871529 
1.871529 1.871529 
1.889024 1.889024 
1.889024 1.889024 
1.823808 1.823822 
1.888330 1.888330 
1.838194 1.838180 
1.838194 1.838180 
1.641553 1.641569 
1.641553 1.641569 
1.565244 1.565244 
1.542370 1.542387 
1.542370 1.542387 
1.460890 1.460890 
1.460890 1.460890 
1.460890 1.460890 
1.460890 1.460890 
1.460890 1.460890 
1.460890 1.460890 
1.460890 1.460890 
1.460890 1.460890 
1.542370 1.542387 
1.517442 1.517442 
1.517442 1.517442 
1.576125 1.576141 
1.576125 1.576141 
1.576125 1.576141 
1.576125 1.576141 
1.576125 1.576141 
1.517442 1.517442 
1.517442 1.517442 
1.517442 1.517442 
1.517442 1.517442 
1.576125 1.576141 
1.618154 1.618154 
1.618154 1.618154 
1.618154 1.618154 
1.576125 1.576141 
1.576125 1.576141 
1.576125 1.576141 
1.576125 1.576141 
1.565244 1.565244 
1.565244 1.565244 
1.565244 1.565244 
1.565244 1.565244 
1.565244 1.565244 
1.565244 1.565244 
1.565244 1.565244 
1.565244 1.565244 
1.565244 1.565244 
1.565244 1.565244 
1.565244 1.565244 
1.565244 1.565244 
1.565244 1.565244 
1.618963 1.618963 
1.618963 1.618963 
1.571962 1.571945 
1.571962 1.571945 
1.589439 1.589439 
1.589439 1.589439 
1.637540 1.637556 
1.637540 1.637556 
1.637540 1.637556 
1.669387 1.669371 
1.669387 1.669371 
1.669387 1.669371 
1.669387 1.669371 
1.669387 1.669371 
1.669387 1.669371 
1.669387 1.669371 
1.669387 1.669371 
1.669387 1.669371 
1.669387 1.669371 
1.669387 1.669371 
1.669387 1.669371 
1.618963 1.618963 
1.618963 1.618963 
1.669387 1.669371 
1.669387 1.669371 
1.669387 1.669371 
1.669387 1.669371 
1.669387 1.669371 
1.669387 1.669371 
1.669387 1.669371 
1.618963 1.618963 
1.618963 1.618963 
1.618963 1.618963 
1.669387 1.669371 
1.669387 1.669371 
1.669387 1.669371 
1.651153 1.651153 
1.651153 1.651153 
1.651153 1.651153 
1.651153 1.651153 
1.651153 1.651153 
1.637556 1.637540 
1.637556 1.637540 
1.637556 1.637540 
1.637556 1.637540 
1.622214 1.622214 
1.622214 1.622214 
1.538099 1.538116 
1.538099 1.538116 
1.538099 1.538116 
1.521772 1.521772 
1.521772 1.521772 
1.521772 1.521772 
1.521772 1.521772 
1.521772 1.521772 
1.503491 1.503508 
1.503491 1.503508 
1.496484 1.496484 
1.496484 1.496484 
1.496484 1.496484 
1.496484 1.496484 
1.496484 1.496484 
1.496484 1.496484 
1.496484 1.496484 
1.496484 1.496484 
1.496484 1.496484 
1.518306 1.518306 
1.518306 1.518306 
1.518306 1.518306 
1.518306 1.518306 
1.496484 1.496484 
1.399252 1.399233 
1.399252 1.399233 
1.399252 1.399233 
1.409554 1.409554 
1.409554 1.409554 
1.399252 1.399233 
1.399252 1.399233 
1.399252 1.399233 
1.399252 1.399233 
1.399252 1.399233 
1.399252 1.399233 
1.399252 1.399233 
1.399252 1.399233 
1.399252 1.399233 
1.399252 1.399233 
1.399252 1.399233 
1.399252 1.399233 
1.399252 1.399233 
1.399252 1.399233 
1.399252 1.399233 
1.399252 1.399233 
1.399252 1.399233 
1.446411 1.446411 
1.446411 1.446411 
1.446411 1.446411 
1.446411 1.446411 
1.446411 1.446411 
1.446411 1.446411 
1.446411 1.446411 
1.446411 1.446411 
1.446411 1.446411 
1.446411 1.446411 
1.446411 1.446411 
1.446411 1.446411 
1.446411 1.446411 
1.446411 1.446411 
1.446411 1.446411 
1.446411 1.446411 
1.446411 1.446411 
1.446411 1.446411 
1.446411 1.446411 
1.446411 1.446411 
1.446411 1.446411 
1.446411 1.446411 
1.446411 1.446411 
1.446411 1.446411 
1.446411 1.446411 
1.446411 1.446411 
1.446411 1.446411 
1.446411 1.446411 
1.446411 1.446411 
1.446411 1.446411 
1.446411 1.446411 
1.446411 1.446411 
1.446411 1.446411 
1.446411 1.446411 
1.446411 1.446411 
1.446411 1.446411 
1.446411 1.446411 
1.399252 1.399233 
1.399252 1.399233 
1.386966 1.386966 
1.386966 1.386966 
1.386966 1.386966 
1.386966 1.386966 
1.386966 1.386966 
1.321885 1.321865 
1.321885 1.321865 
1.251315 1.251315 
1.239699 1.239678 
1.239699 1.239678 
1.239699 1.239678 
1.239699 1.239678 
1.239699 1.239678 
1.239699 1.239678 
1.239699 1.239678 
1.239699 1.239678 
1.239699 1.239678 
1.239699 1.239678 
1.239699 1.239678 
1.239699 1.239678 
1.251315 1.251315 
1.251315 1.251315 
1.251315 1.251315 
1.251315 1.251315 
1.251315 1.251315 
1.251315 1.251315 
1.251315 1.251315 
1.251315 1.251315 
1.174268 1.174290 
1.174268 1.174290 
1.174268 1.174290 
1.174268 1.174290 
1.174268 1.174290 
1.174268 1.174290 
1.174268 1.174290 
1.174268 1.174290 
1.174268 1.174290 
1.174268 1.174290 
1.174268 1.174290 
1.174268 1.174290 
1.174268 1.174290 
1.069924 1.069924 
1.069924 1.069924 
1.069924 1.069924 
1.069924 1.069924 
1.069924 1.069924 
1.105017 1.104994 
1.105017 1.104994 
1.105017 1.104994 
1.105017 1.104994 
1.105017 1.104994 
1.105017 1.104994 
1.105017 1.104994 
1.105017 1.104994 
1.105017 1.104994 
1.105017 1.104994 
1.105017 1.104994 
1.118034 1.118034 
1.118034 1.118034 
1.118034 1.118034 
1.118034 1.118034 
1.118034 1.118034 
1.118034 1.118034 
1.118034 1.118034 
1.118034 1.118034 
1.118034 1.118034 
1.118034 1.118034 
1.118034 1.118034 
1.118034 1.118034 
1.118034 1.118034 
1.118034 1.118034 
1.218265 1.218286 
1.218265 1.218286 
1.218265 1.218286 
1.218265 1.218286 
1.218265 1.218286 
1.218265 1.218286 
1.218265 1.218286 
1.218265 1.218286 
1.218265 1.218286 
1.218265 1.218286 
1.218265 1.218286 
1.218265 1.218286 
1.218265 1.218286 
1.218265 1.218286 
1.164158 1.164158 
1.164158 1.164158 
1.164158 1.164158 
1.164158 1.164158 
1.164158 1.164158 
1.164158 1.164158 
1.218265 1.218286 
1.218265 1.218286 
1.218265 1.218286 
1.218265 1.218286 
1.218265 1.218286 
1.218265 1.218286 
1.218265 1.218286 
1.218265 1.218286 
1.225815 1.225815 
1.225815 1.225815 
1.225815 1.225815 
1.174268 1.174290 
1.136704 1.136704 
1.136704 1.136704 
1.136704 1.136704 
1.136704 1.136704 
1.136704 1.136704 
1.136704 1.136704 
1.136704 1.136704 
1.136704 1.136704 
1.136704 1.136704 
1.136704 1.136704 
1.136704 1.136704 
1.136704 1.136704 
1.128558 1.128581 
1.128558 1.128581 
1.128558 1.128581 
1.128558 1.128581 
1.128558 1.128581 
1.128558 1.128581 
1.128558 1.128581 
1.128558 1.128581 
1.128558 1.128581 
1.128558 1.128581 
1.128558 1.128581 
1.128558 1.128581 
1.128558 1.128581 
1.128558 1.128581 
1.128558 1.128581 
1.128558 1.128581 
1.128558 1.128581 
1.128558 1.128581 
1.128558 1.128581 
1.069924 1.069924 
1.069924 1.069924 
1.069924 1.069924 
1.069924 1.069924 
1.069924 1.069924 
1.069924 1.069924 
1.069924 1.069924 
1.069924 1.069924 
1.069924 1.069924 
1.069924 1.069924 
1.069924 1.069924 
1.069924 1.069924 
1.069924 1.069924 
1.069924 1.069924 
1.069924 1.069924 
1.069924 1.069924 
1.069924 1.069924 
1.069924 1.069924 
1.069924 1.069924 
1.069924 1.069924 
1.069924 1.069924 
1.069924 1.069924 
1.069924 1.069924 
1.069924 1.069924 
1.069924 1.069924 
1.069924 1.069924 
1.069924 1.069924 
1.069924 1.069924 
1.069924 1.069924 
1.069924 1.069924 
1.069924 1.069924 
1.069924 1.069924 
1.069924 1.069924 
1.069924 1.069924 
1.069924 1.069924 
1.069924 1.069924 
1.069924 1.069924 
1.069924 1.069924 
1.069924 1.069924 
1.069924 1.069924 
1.069924 1.069924 
1.069924 1.069924 
1.069924 1.069924 
1.069924 1.069924 
1.069924 1.069924 
1.069924 1.069924 
1.031076 1.031101 
1.031076 1.031101 
1.031076 1.031101 
1.031076 1.031101 
1.031076 1.031101 
1.031076 1.031101 
1.031076 1.031101 
1.031076 1.031101 
1.031076 1.031101 
1.031076 1.031101 
1.031076 1.031101 
1.031076 1.031101 
1.031076 1.031101 
1.031076 1.031101 
1.031076 1.031101 
1.031076 1.031101 
0.988082 0.988082 
0.988082 0.988082 
0.988082 0.988082 
0.988082 0.988082 
0.988082 0.988082 
0.988082 0.988082 
0.988082 0.988082 
0.988082 0.988082 
0.988082 0.988082 
0.988082 0.988082 
0.988082 0.988082 
0.988082 0.988082 
0.988082 0.988082 
0.988082 0.988082 
0.988082 0.988082 
0.988082 0.988082 
0.988082 0.988082 
0.864481 0.864511 
0.864481 0.864511 
0.864481 0.864511 
0.864481 0.864511 
0.864481 0.864511 
0.864481 0.864511 
0.864481 0.864511 
0.864481 0.864511 
0.864481 0.864511 
0.864481 0.864511 
0.864481 0.864511 
0.864481 0.864511 
0.864481 0.864511 
0.864481 0.864511 
0.864481 0.864511 
0.864481 0.864511 
0.864481 0.864511 
0.864481 0.864511 
0.745153 0.745153 
0.745153 0.745153 
0.745153 0.745153 
0.745153 0.745153 
0.745153 0.745153 
0.745153 0.745153 
0.745153 0.745153 
0.745153 0.745153 
0.745153 0.745153 
0.745153 0.745153 
0.745153 0.745153 
0.745153 0.745153 
0.745153 0.745153 
0.745153 0.745153 
0.745153 0.745153 
0.680550 0.680550 
0.680550 0.680550 
0.680550 0.680550 
0.680550 0.680550 
0.680550 0.680550 
0.680550 0.680550 
0.680550 0.680550 
0.680550 0.680550 
0.680550 0.680550 
0.680550 0.680550 
0.680550 0.680550 
0.680550 0.680550 
0.680550 0.680550 
0.680550 0.680550 
0.680550 0.680550 
0.680550 0.680550 
0.680550 0.680550 
0.680550 0.680550 
0.680550 0.680550 
0.680550 0.680550 
0.680550 0.680550 
0.680550 0.680550 
0.680550 0.680550 
0.680550 0.680550 
0.680550 0.680550 
0.680550 0.680550 
0.680550 0.680550 
0.680550 0.680550 
0.680550 0.680550 
0.680550 0.680550 
0.680550 0.680550 
0.680550 0.680550 
0.680550 0.680550 
0.680550 0.680550 
0.686340 0.686303 
0.686340 0.686303 
0.686340 0.686303 
0.686340 0.686303 
0.686340 0.686303 
0.686340 0.686303 
0.686340 0.686303 
0.686340 0.686303 
0.686340 0.686303 
0.686340 0.686303 
0.686340 0.686303 
0.686340 0.686303 
0.686340 0.686303 
0.686340 0.686303 
0.686340 0.686303 
0.686340 0.686303 
0.686340 0.686303 
0.686340 0.686303 
0.606977 0.606977 
0.606977 0.606977 
0.606977 0.606977 
0.606977 0.606977 
0.606977 0.606977 
0.606977 0.606977 
0.606977 0.606977 
0.606977 0.606977 
0.606977 0.606977 
0.606977 0.606977 
0.606977 0.606977 
0.606977 0.606977 
0.606977 0.606977 
0.606977 0.606977 
0.606977 0.606977 
0.606977 0.606977 
0.606977 0.606977 
0.606977 0.606977 
0.606977 0.606977 
0.606977 0.606977 
0.606977 0.606977 
0.606977 0.606977 
0.606977 0.606977 
0.606977 0.606977 
0.606977 0.606977 
0.606977 0.606977 
0.606977 0.606977 
0.606977 0.606977 
0.606977 0.606977 
0.606977 0.606977 
0.606977 0.606977 
0.606977 0.606977 
0.606977 0.606977 
0.606977 0.606977 
0.606977 0.606977 
0.606977 0.606977 
0.606977 0.606977 
0.606977 0.606977 
0.606977 0.606977 
0.606977 0.606977 
0.606977 0.606977 
0.606977 0.606977 
0.606977 0.606977 
0.606977 0.606977 
0.606977 0.606977 
0.606977 0.606977 
0.606977 0.606977 
0.606977 0.606977 
0.606977 0.606977 
0.606977 0.606977 
0.606977 0.606977 
0.606977 0.606977 
0.606977 0.606977 
0.606977 0.606977 
0.606977 0.606977 
0.606977 0.606977 
0.606977 0.606977 
0.606977 0.606977 
0.606977 0.606977 
0.606977 0.606977 
0.606977 0.606977 
0.606977 0.606977 
0.606977 0.606977 
0.606977 0.606977 
0.606977 0.606977 
0.606977 0.606977 
0.606977 0.606977 
0.606977 0.606977 
0.606977 0.606977 
0.606977 0.606977 
0.606977 0.606977 
0.606977 0.606977 
0.606977 0.606977 
0.606977 0.606977 
0.606977 0.606977 
0.606977 0.606977 
0.606977 0.606977 
0.606977 0.606977 
0.606977 0.606977 
0.606977 0.606977 
0.510428 0.510378 
0.510428 0.510378 
0.510428 0.510378 
0.510428 0.510378 
0.510428 0.510378 
0.510428 0.510378 
0.510428 0.510378 
0.510428 0.510378 
0.510428 0.510378 
0.510428 0.510378 
0.510428 0.510378 
0.510428 0.510378 
0.510428 0.510378 
0.512989 0.512989 
0.512989 0.512989 
0.512989 0.512989 
0.512989 0.512989 
0.512989 0.512989 
0.512989 0.512989 
0.512989 0.512989 
0.512989 0.512989 
0.512989 0.512989 
0.512989 0.512989 
0.512989 0.512989 
0.512989 0.512989 
0.512989 0.512989 
0.512989 0.512989 
0.512989 0.512989 
0.512989 0.512989 
0.512989 0.512989 
0.512989 0.512989 
0.512989 0.512989 
0.512989 0.512989 
0.510378 0.510428 
0.510378 0.510428 
0.510378 0.510428 
0.510378 0.510428 
0.510378 0.510428 
0.510378 0.510428 
0.510378 0.510428 
0.510378 0.510428 
0.510378 0.510428 
0.510378 0.510428 
0.510378 0.510428 
0.510378 0.510428 
0.510378 0.510428 
0.510378 0.510428 
0.510378 0.510428 
0.510378 0.510428 
0.510378 0.510428 
0.510378 0.510428 
0.510378 0.510428 
0.510378 0.510428 
0.510378 0.510428 
0.510378 0.510428 
0.510378 0.510428 
0.510378 0.510428 
0.510378 0.510428 
0.510378 0.510428 
0.510378 0.510428 
0.510378 0.510428 
0.510378 0.510428 
0.510378 0.510428 
0.510378 0.510428 
0.510378 0.510428 
0.510378 0.510428 
0.510378 0.510428 
0.510378 0.510428 
0.510378 0.510428 
0.510378 0.510428 
0.510378 0.510428 
0.510378 0.510428 
0.510378 0.510428 
0.510378 0.510428 
0.489350 0.489350 
0.489350 0.489350 
0.489350 0.489350 
0.489350 0.489350 
0.489350 0.489350 
0.489350 0.489350 
0.489350 0.489350 
0.489350 0.489350 
0.489350 0.489350 
0.489350 0.489350 
0.489350 0.489350 
0.489350 0.489350 
0.489350 0.489350 
0.489350 0.489350 
0.489350 0.489350 
0.489350 0.489350 
0.489350 0.489350 
0.489350 0.489350 
0.489350 0.489350 
0.489350 0.489350 
0.489350 0.489350 
0.489350 0.489350 
0.470173 0.470119 
0.470173 0.470119 
0.470173 0.470119 
0.470173 0.470119 
0.470173 0.470119 
0.470173 0.470119 
