1.904978999999999978e+00 2.406131999999999938e+00
1.935810999999999948e+00 2.416500000000000092e+00
2.077447999999999961e+00 2.386363999999999930e+00
1.970836999999999950e+00 2.300457999999999892e+00
1.970836999999999950e+00 2.087558000000000025e+00
2.048747999999999791e+00 2.028739999999999988e+00
2.007220999999999922e+00 2.048747999999999791e+00
1.957443000000000044e+00 1.980830000000000091e+00
2.013114999999999988e+00 1.980830000000000091e+00
2.002629000000000214e+00 2.026145000000000085e+00
2.049390999999999963e+00 2.023546000000000067e+00
2.000000000000000000e+00 2.023546000000000067e+00
1.997363999999999917e+00 2.015727000000000046e+00
2.002629000000000214e+00 1.926955999999999891e+00
1.957446000000000019e+00 1.926955999999999891e+00
1.904981999999999953e+00 1.930363999999999969e+00
1.877143999999999924e+00 1.932409999999999961e+00
1.930363999999999969e+00 1.849609000000000059e+00
1.926960000000000006e+00 1.877146999999999899e+00
2.041666999999999899e+00 1.902906999999999904e+00
2.109500000000000153e+00 1.949357999999999924e+00
2.139228999999999825e+00 1.860249000000000041e+00
1.962814999999999976e+00 1.926955999999999891e+00
1.888330000000000064e+00 1.904978999999999978e+00
1.894587000000000021e+00 1.904978999999999978e+00
1.871528999999999998e+00 1.904978999999999978e+00
1.930371000000000059e+00 1.863782000000000050e+00
1.960129000000000010e+00 1.832457000000000003e+00
2.062187999999999910e+00 1.843193999999999999e+00
2.154557000000000055e+00 1.888330000000000064e+00
2.154557000000000055e+00 1.888330000000000064e+00
2.154557000000000055e+00 1.888330000000000064e+00
2.154557000000000055e+00 1.984147000000000105e+00
2.154557000000000055e+00 1.984147000000000105e+00
2.092589999999999950e+00 1.904978999999999978e+00
2.187888000000000055e+00 1.960129000000000010e+00
2.152109999999999967e+00 1.960129000000000010e+00
2.100122999999999962e+00 1.986137000000000041e+00
2.092589999999999950e+00 1.986137000000000041e+00
2.092589999999999950e+00 1.930366999999999944e+00
2.092589999999999950e+00 1.930366999999999944e+00
2.092589999999999950e+00 1.930366999999999944e+00
2.149051000000000045e+00 1.930366999999999944e+00
2.134304000000000201e+00 1.871531000000000056e+00
2.186084000000000138e+00 1.871531000000000056e+00
2.186084000000000138e+00 1.894589999999999996e+00
2.211806999999999856e+00 1.935813000000000006e+00
2.211806999999999856e+00 2.049389000000000127e+00
2.212404999999999955e+00 2.012459999999999916e+00
2.139235000000000220e+00 2.012459999999999916e+00
2.139235000000000220e+00 1.932412000000000019e+00
2.059001999999999999e+00 1.932412000000000019e+00
1.976169999999999982e+00 1.932412000000000019e+00
1.976169999999999982e+00 1.843193999999999999e+00
1.976169999999999982e+00 1.831738000000000088e+00
1.976169999999999982e+00 1.922171000000000074e+00
2.041673999999999989e+00 1.922171000000000074e+00
2.041673999999999989e+00 1.922171000000000074e+00
1.970844000000000040e+00 1.954078999999999899e+00
1.932406999999999986e+00 1.954078999999999899e+00
1.932406999999999986e+00 1.954078999999999899e+00
1.932406999999999986e+00 1.954078999999999899e+00
1.932406999999999986e+00 1.932409999999999961e+00
1.932406999999999986e+00 1.960129000000000010e+00
1.919429999999999970e+00 1.932412000000000019e+00
1.919429999999999970e+00 1.932412000000000019e+00
1.919429999999999970e+00 1.954077000000000064e+00
1.814419999999999922e+00 2.002629000000000214e+00
1.860249000000000041e+00 2.099498999999999782e+00
1.860249000000000041e+00 2.117595999999999812e+00
1.755439999999999889e+00 2.117595999999999812e+00
1.755439999999999889e+00 2.117595999999999812e+00
1.759190999999999949e+00 2.058999000000000024e+00
1.877143999999999924e+00 2.023544999999999927e+00
1.877143999999999924e+00 1.986134999999999984e+00
1.877143999999999924e+00 1.986134999999999984e+00
1.877143999999999924e+00 1.986134999999999984e+00
1.877143999999999924e+00 1.919429999999999970e+00
1.877143999999999924e+00 1.919429999999999970e+00
1.877849000000000101e+00 1.919429999999999970e+00
1.904981999999999953e+00 1.919429999999999970e+00
1.957438999999999929e+00 1.959457999999999922e+00
1.954082000000000097e+00 1.959457999999999922e+00
1.894587000000000021e+00 1.970839000000000008e+00
1.785169999999999924e+00 1.970839000000000008e+00
1.785169999999999924e+00 1.871532999999999891e+00
1.785169999999999924e+00 1.852451000000000070e+00
1.785169999999999924e+00 1.852451000000000070e+00
1.785169999999999924e+00 1.852451000000000070e+00
1.774086999999999970e+00 2.002631000000000050e+00
1.731287000000000020e+00 2.002631000000000050e+00
1.731287000000000020e+00 2.033275000000000166e+00
1.761432000000000109e+00 2.033275000000000166e+00
1.725205000000000100e+00 2.064103999999999939e+00
1.725205000000000100e+00 2.064103999999999939e+00
1.725205000000000100e+00 2.064103999999999939e+00
1.725205000000000100e+00 2.013114999999999988e+00
1.725205000000000100e+00 1.984147000000000105e+00
1.725205000000000100e+00 1.984147000000000105e+00
1.641561000000000048e+00 1.980830000000000091e+00
1.641561000000000048e+00 1.976172999999999957e+00
1.681947000000000081e+00 1.976172999999999957e+00
1.814413000000000054e+00 1.976172999999999957e+00
1.902910000000000101e+00 2.048747999999999791e+00
1.902910000000000101e+00 2.048747999999999791e+00
1.902910000000000101e+00 2.142307000000000183e+00
1.902910000000000101e+00 2.142307000000000183e+00
1.960129000000000010e+00 2.149662999999999879e+00
1.960129000000000010e+00 2.187885000000000080e+00
1.959459999999999980e+00 2.187885000000000080e+00
1.871536000000000088e+00 2.187885000000000080e+00
1.802775999999999934e+00 2.187885000000000080e+00
1.814413000000000054e+00 2.211810999999999972e+00
1.860959999999999948e+00 2.211810999999999972e+00
1.932406999999999986e+00 2.211810999999999972e+00
1.919429999999999970e+00 2.174008999999999858e+00
1.919429999999999970e+00 2.174008999999999858e+00
1.932412999999999936e+00 2.174008999999999858e+00
1.932412999999999936e+00 2.183069000000000148e+00
1.932412999999999936e+00 2.183069000000000148e+00
1.932412999999999936e+00 2.183069000000000148e+00
1.916682999999999915e+00 2.183069000000000148e+00
1.852448000000000095e+00 2.183069000000000148e+00
1.852448000000000095e+00 2.261810999999999794e+00
1.852448000000000095e+00 2.291288000000000213e+00
1.852448000000000095e+00 2.291288000000000213e+00
1.773341000000000056e+00 2.412139999999999951e+00
1.773341000000000056e+00 2.412139999999999951e+00
1.719856000000000051e+00 2.326054000000000066e+00
1.719856000000000051e+00 2.326054000000000066e+00
1.719856000000000051e+00 2.326054000000000066e+00
1.719856000000000051e+00 2.416500000000000092e+00
1.725197000000000092e+00 2.416500000000000092e+00
1.761424000000000101e+00 2.459674999999999834e+00
1.761424000000000101e+00 2.412139999999999951e+00
1.701392999999999933e+00 2.412139999999999951e+00
1.759184000000000081e+00 2.412139999999999951e+00
1.694423000000000012e+00 2.386363999999999930e+00
1.694423000000000012e+00 2.386363999999999930e+00
1.694423000000000012e+00 2.386363999999999930e+00
1.694423000000000012e+00 2.446801999999999921e+00
1.694423000000000012e+00 2.446801999999999921e+00
1.694423000000000012e+00 2.446801999999999921e+00
1.657513999999999932e+00 2.446801999999999921e+00
1.743408999999999986e+00 2.525657999999999959e+00
1.743408999999999986e+00 2.525657999999999959e+00
1.704485999999999946e+00 2.525657999999999959e+00
1.704485999999999946e+00 2.531902000000000097e+00
1.725197000000000092e+00 2.531902000000000097e+00
1.700614999999999988e+00 2.531902000000000097e+00
1.700614999999999988e+00 2.523051000000000155e+00
1.777047000000000043e+00 2.523051000000000155e+00
1.777047000000000043e+00 2.523051000000000155e+00
1.777047000000000043e+00 2.533980000000000121e+00
1.700622000000000078e+00 2.533980000000000121e+00
1.700622000000000078e+00 2.533980000000000121e+00
1.755446999999999980e+00 2.459674999999999834e+00
1.755446999999999980e+00 2.459674999999999834e+00
1.755446999999999980e+00 2.403944000000000081e+00
1.755446999999999980e+00 2.403944000000000081e+00
1.755446999999999980e+00 2.403944000000000081e+00
1.838194000000000106e+00 2.403944000000000081e+00
1.785169999999999924e+00 2.403944000000000081e+00
1.759184000000000081e+00 2.403944000000000081e+00
1.761417000000000010e+00 2.412139999999999951e+00
1.731294000000000111e+00 2.412139999999999951e+00
1.759184000000000081e+00 2.412139999999999951e+00
1.694415000000000004e+00 2.412139999999999951e+00
1.719840999999999953e+00 2.412139999999999951e+00
1.773341000000000056e+00 2.412139999999999951e+00
1.794731999999999994e+00 2.412139999999999951e+00
1.755439999999999889e+00 2.412139999999999951e+00
1.682727000000000084e+00 2.412139999999999951e+00
1.669370999999999938e+00 2.412139999999999951e+00
1.669370999999999938e+00 2.419220999999999844e+00
1.669370999999999938e+00 2.419220999999999844e+00
1.669370999999999938e+00 2.419220999999999844e+00
1.618962999999999930e+00 2.419220999999999844e+00
1.565244000000000080e+00 2.419220999999999844e+00
1.565244000000000080e+00 2.419220999999999844e+00
1.507859999999999978e+00 2.419220999999999844e+00
1.507859999999999978e+00 2.419220999999999844e+00
1.446410999999999891e+00 2.419220999999999844e+00
1.446410999999999891e+00 2.446801999999999921e+00
1.446410999999999891e+00 2.446801999999999921e+00
1.446410999999999891e+00 2.446801999999999921e+00
1.446410999999999891e+00 2.446801999999999921e+00
1.446410999999999891e+00 2.446801999999999921e+00
1.446410999999999891e+00 2.446801999999999921e+00
1.417934000000000028e+00 2.446801999999999921e+00
1.417934000000000028e+00 2.446801999999999921e+00
1.417934000000000028e+00 2.408319000000000099e+00
1.417934000000000028e+00 2.408319000000000099e+00
1.417934000000000028e+00 2.408319000000000099e+00
1.417934000000000028e+00 2.408319000000000099e+00
1.417934000000000028e+00 2.408319000000000099e+00
1.417934000000000028e+00 2.323224000000000178e+00
1.417934000000000028e+00 2.350251000000000090e+00
1.417934000000000028e+00 2.350251000000000090e+00
1.460890000000000022e+00 2.350251000000000090e+00
1.460890000000000022e+00 2.350251000000000090e+00
1.460890000000000022e+00 2.350251000000000090e+00
1.460890000000000022e+00 2.350251000000000090e+00
1.429019000000000039e+00 2.350251000000000090e+00
1.429019000000000039e+00 2.350251000000000090e+00
1.429019000000000039e+00 2.259482999999999908e+00
1.429019000000000039e+00 2.282080999999999804e+00
1.429019000000000039e+00 2.280351000000000017e+00
1.429019000000000039e+00 2.280351000000000017e+00
1.429019000000000039e+00 2.368098999999999954e+00
1.429019000000000039e+00 2.430073999999999845e+00
1.431767999999999930e+00 2.430073999999999845e+00
1.431767999999999930e+00 2.430073999999999845e+00
1.431767999999999930e+00 2.430073999999999845e+00
1.395480999999999971e+00 2.430073999999999845e+00
1.465386999999999995e+00 2.430073999999999845e+00
1.460890000000000022e+00 2.430073999999999845e+00
1.525212999999999930e+00 2.430073999999999845e+00
1.446410999999999891e+00 2.430073999999999845e+00
1.446410999999999891e+00 2.403397000000000006e+00
1.446410999999999891e+00 2.330575000000000063e+00
1.446410999999999891e+00 2.330575000000000063e+00
1.507876999999999912e+00 2.330575000000000063e+00
1.507876999999999912e+00 2.330575000000000063e+00
1.507876999999999912e+00 2.323224000000000178e+00
1.507876999999999912e+00 2.359750000000000014e+00
1.507876999999999912e+00 2.359750000000000014e+00
1.424407999999999896e+00 2.359750000000000014e+00
1.394524000000000097e+00 2.359750000000000014e+00
1.394524000000000097e+00 2.372539999999999871e+00
1.414214000000000082e+00 2.372539999999999871e+00
1.414214000000000082e+00 2.372539999999999871e+00
1.414214000000000082e+00 2.427907999999999955e+00
1.414214000000000082e+00 2.468751999999999835e+00
1.414214000000000082e+00 2.468751999999999835e+00
1.372662000000000049e+00 2.455391999999999797e+00
1.372662000000000049e+00 2.455391999999999797e+00
1.372662000000000049e+00 2.336777000000000104e+00
1.372662000000000049e+00 2.336777000000000104e+00
1.372662000000000049e+00 2.336777000000000104e+00
1.372662000000000049e+00 2.336777000000000104e+00
1.372662000000000049e+00 2.336777000000000104e+00
1.472542000000000018e+00 2.336777000000000104e+00
1.472542000000000018e+00 2.336777000000000104e+00
1.472542000000000018e+00 2.336777000000000104e+00
1.472542000000000018e+00 2.336777000000000104e+00
1.409553999999999974e+00 2.336777000000000104e+00
1.409553999999999974e+00 2.336777000000000104e+00
1.409553999999999974e+00 2.336777000000000104e+00
1.341644999999999976e+00 2.336777000000000104e+00
1.308872999999999953e+00 2.336777000000000104e+00
1.308872999999999953e+00 2.336777000000000104e+00
1.308872999999999953e+00 2.336777000000000104e+00
1.308872999999999953e+00 2.336777000000000104e+00
1.308872999999999953e+00 2.336777000000000104e+00
1.273201999999999945e+00 2.336777000000000104e+00
1.273201999999999945e+00 2.336777000000000104e+00
1.273201999999999945e+00 2.336777000000000104e+00
1.273201999999999945e+00 2.336777000000000104e+00
1.273201999999999945e+00 2.336777000000000104e+00
1.273201999999999945e+00 2.336777000000000104e+00
1.273201999999999945e+00 2.336777000000000104e+00
1.273201999999999945e+00 2.364206999999999947e+00
1.234358999999999984e+00 2.364206999999999947e+00
1.234358999999999984e+00 2.364206999999999947e+00
1.235441999999999929e+00 2.364206999999999947e+00
1.316897999999999902e+00 2.345769000000000215e+00
1.313890000000000002e+00 2.257153000000000187e+00
1.348484999999999934e+00 2.236067999999999945e+00
1.348484999999999934e+00 2.236067999999999945e+00
1.348484999999999934e+00 2.236067999999999945e+00
1.348484999999999934e+00 2.235479999999999912e+00
1.348484999999999934e+00 2.235479999999999912e+00
1.348484999999999934e+00 2.235479999999999912e+00
1.348484999999999934e+00 2.235479999999999912e+00
1.348484999999999934e+00 2.235479999999999912e+00
1.341625000000000068e+00 2.235479999999999912e+00
1.341625000000000068e+00 2.137385999999999786e+00
1.251314999999999955e+00 2.137385999999999786e+00
1.251314999999999955e+00 2.137385999999999786e+00
1.251314999999999955e+00 2.058997999999999884e+00
1.251314999999999955e+00 2.058997999999999884e+00
1.196490000000000054e+00 2.058997999999999884e+00
1.196490000000000054e+00 2.058997999999999884e+00
1.136703999999999937e+00 2.079978999999999800e+00
1.136703999999999937e+00 2.124419000000000057e+00
1.136703999999999937e+00 2.124419000000000057e+00
1.136703999999999937e+00 2.124419000000000057e+00
1.136703999999999937e+00 2.142306000000000044e+00
1.136703999999999937e+00 2.142306000000000044e+00
1.136703999999999937e+00 2.142306000000000044e+00
1.136703999999999937e+00 2.142306000000000044e+00
1.165283000000000069e+00 2.074913000000000007e+00
1.165283000000000069e+00 2.074913000000000007e+00
1.165283000000000069e+00 2.074913000000000007e+00
1.145912999999999959e+00 2.074913000000000007e+00
1.145912999999999959e+00 2.074913000000000007e+00
1.145912999999999959e+00 2.074913000000000007e+00
1.145912999999999959e+00 2.012461000000000055e+00
1.145912999999999959e+00 2.012461000000000055e+00
1.145912999999999959e+00 1.946657000000000082e+00
1.145912999999999959e+00 1.904978999999999978e+00
1.145912999999999959e+00 1.904978999999999978e+00
1.145912999999999959e+00 1.904978999999999978e+00
1.145912999999999959e+00 1.926955999999999891e+00
1.145912999999999959e+00 1.926955999999999891e+00
1.145912999999999959e+00 1.926955999999999891e+00
1.145912999999999959e+00 1.926955999999999891e+00
1.145912999999999959e+00 1.926955999999999891e+00
1.145912999999999959e+00 1.852451999999999988e+00
1.145912999999999959e+00 1.852451999999999988e+00
1.145912999999999959e+00 1.852451999999999988e+00
1.145912999999999959e+00 1.852451999999999988e+00
1.145912999999999959e+00 1.831738000000000088e+00
1.145912999999999959e+00 1.831738000000000088e+00
1.145912999999999959e+00 1.831738000000000088e+00
1.145912999999999959e+00 1.831738000000000088e+00
1.145912999999999959e+00 1.831738000000000088e+00
1.145912999999999959e+00 1.831738000000000088e+00
1.169794999999999918e+00 1.831738000000000088e+00
1.145936000000000066e+00 1.831738000000000088e+00
1.145936000000000066e+00 1.838190999999999908e+00
1.145936000000000066e+00 1.838190999999999908e+00
1.145936000000000066e+00 1.838190999999999908e+00
1.145936000000000066e+00 1.814416000000000029e+00
1.145936000000000066e+00 1.759187000000000056e+00
1.145936000000000066e+00 1.731290999999999913e+00
1.165283000000000069e+00 1.731290999999999913e+00
1.089417999999999997e+00 1.731290999999999913e+00
1.056289999999999951e+00 1.731290999999999913e+00
1.069924000000000097e+00 1.731290999999999913e+00
1.069924000000000097e+00 1.731290999999999913e+00
1.069924000000000097e+00 1.731290999999999913e+00
1.031101000000000045e+00 1.731290999999999913e+00
1.031101000000000045e+00 1.731290999999999913e+00
1.031101000000000045e+00 1.731290999999999913e+00
9.947179999999999911e-01 1.731290999999999913e+00
9.947179999999999911e-01 1.731290999999999913e+00
9.947179999999999911e-01 1.731290999999999913e+00
9.947179999999999911e-01 1.731290999999999913e+00
9.947179999999999911e-01 1.731290999999999913e+00
9.947179999999999911e-01 1.605909999999999949e+00
9.947179999999999911e-01 1.605909999999999949e+00
9.947179999999999911e-01 1.605909999999999949e+00
9.947179999999999911e-01 1.605909999999999949e+00
9.947179999999999911e-01 1.605909999999999949e+00
9.947179999999999911e-01 1.605909999999999949e+00
9.947179999999999911e-01 1.605089999999999906e+00
9.947179999999999911e-01 1.635140000000000038e+00
9.947179999999999911e-01 1.565247999999999973e+00
9.947179999999999911e-01 1.565247999999999973e+00
9.986629999999999674e-01 1.565247999999999973e+00
9.986629999999999674e-01 1.525225999999999971e+00
9.986629999999999674e-01 1.525225999999999971e+00
9.986629999999999674e-01 1.525225999999999971e+00
9.986629999999999674e-01 1.525225999999999971e+00
9.986629999999999674e-01 1.525225999999999971e+00
9.986629999999999674e-01 1.525225999999999971e+00
9.986629999999999674e-01 1.517441999999999958e+00
9.986629999999999674e-01 1.517441999999999958e+00
9.986629999999999674e-01 1.517441999999999958e+00
9.986629999999999674e-01 1.517441999999999958e+00
9.986629999999999674e-01 1.517441999999999958e+00
9.986629999999999674e-01 1.507873999999999937e+00
9.459049999999999958e-01 1.507873999999999937e+00
9.445189999999999975e-01 1.507873999999999937e+00
9.445189999999999975e-01 1.507873999999999937e+00
9.403190000000000159e-01 1.507873999999999937e+00
9.403190000000000159e-01 1.531252999999999975e+00
9.403190000000000159e-01 1.531252999999999975e+00
9.403190000000000159e-01 1.531252999999999975e+00
9.403190000000000159e-01 1.531252999999999975e+00
9.880820000000000158e-01 1.531252999999999975e+00
9.880820000000000158e-01 1.410487000000000046e+00
9.880820000000000158e-01 1.316894000000000009e+00
9.880820000000000158e-01 1.316894000000000009e+00
9.880820000000000158e-01 1.316894000000000009e+00
9.880820000000000158e-01 1.316894000000000009e+00
9.880820000000000158e-01 1.316894000000000009e+00
9.880820000000000158e-01 1.316894000000000009e+00
9.880820000000000158e-01 1.316894000000000009e+00
9.880820000000000158e-01 1.316894000000000009e+00
9.880820000000000158e-01 1.316894000000000009e+00
9.787000000000000144e-01 1.316894000000000009e+00
9.787000000000000144e-01 1.256561999999999957e+00
9.787000000000000144e-01 1.256561999999999957e+00
9.104649999999999688e-01 1.256561999999999957e+00
9.104649999999999688e-01 1.256561999999999957e+00
9.104649999999999688e-01 1.256561999999999957e+00
9.104649999999999688e-01 1.256561999999999957e+00
9.104649999999999688e-01 1.256561999999999957e+00
9.104649999999999688e-01 1.234375999999999918e+00
9.104649999999999688e-01 1.234375999999999918e+00
9.104649999999999688e-01 1.119210000000000038e+00
9.104649999999999688e-01 1.119210000000000038e+00
9.104649999999999688e-01 1.196485999999999938e+00
9.104649999999999688e-01 1.196485999999999938e+00
8.944330000000000336e-01 1.196485999999999938e+00
8.944330000000000336e-01 1.196485999999999938e+00
8.944330000000000336e-01 1.196485999999999938e+00
8.944330000000000336e-01 1.196485999999999938e+00
8.944330000000000336e-01 1.196485999999999938e+00
8.750879999999999770e-01 1.196485999999999938e+00
8.750879999999999770e-01 1.196485999999999938e+00
8.750879999999999770e-01 1.118033999999999972e+00
8.750879999999999770e-01 1.182102999999999904e+00
8.750879999999999770e-01 1.182102999999999904e+00
8.750879999999999770e-01 1.182102999999999904e+00
8.750879999999999770e-01 1.182102999999999904e+00
8.750879999999999770e-01 1.095445000000000002e+00
8.750879999999999770e-01 1.095445000000000002e+00
8.750879999999999770e-01 1.095445000000000002e+00
8.750879999999999770e-01 1.095445000000000002e+00
8.750879999999999770e-01 1.095445000000000002e+00
8.750879999999999770e-01 1.095445000000000002e+00
8.750879999999999770e-01 1.095445000000000002e+00
8.750879999999999770e-01 1.145931000000000033e+00
8.750879999999999770e-01 1.145931000000000033e+00
7.181779999999999831e-01 1.145931000000000033e+00
7.181779999999999831e-01 1.050062999999999969e+00
7.181779999999999831e-01 1.046297000000000033e+00
7.591280000000000250e-01 1.046297000000000033e+00
7.591280000000000250e-01 1.046297000000000033e+00
7.591280000000000250e-01 1.039989999999999970e+00
7.591280000000000250e-01 1.039989999999999970e+00
7.591280000000000250e-01 1.039989999999999970e+00
7.591280000000000250e-01 1.039989999999999970e+00
7.591280000000000250e-01 1.039989999999999970e+00
7.591280000000000250e-01 1.039989999999999970e+00
7.591280000000000250e-01 9.665460000000000163e-01
7.591280000000000250e-01 9.665460000000000163e-01
7.591280000000000250e-01 9.665460000000000163e-01
7.591280000000000250e-01 9.665460000000000163e-01
7.591280000000000250e-01 9.665460000000000163e-01
7.591280000000000250e-01 9.665460000000000163e-01
7.591280000000000250e-01 9.665460000000000163e-01
7.591280000000000250e-01 9.665460000000000163e-01
7.254760000000000097e-01 9.665460000000000163e-01
7.254760000000000097e-01 9.665460000000000163e-01
7.254760000000000097e-01 9.665460000000000163e-01
7.254760000000000097e-01 9.665460000000000163e-01
7.254760000000000097e-01 9.665460000000000163e-01
7.254760000000000097e-01 9.665460000000000163e-01
7.254760000000000097e-01 8.944269999999999721e-01
7.254760000000000097e-01 8.944269999999999721e-01
7.254760000000000097e-01 8.944269999999999721e-01
7.254760000000000097e-01 8.944269999999999721e-01
7.254760000000000097e-01 8.944269999999999721e-01
7.254760000000000097e-01 8.944269999999999721e-01
7.254760000000000097e-01 8.944269999999999721e-01
7.254760000000000097e-01 8.944269999999999721e-01
7.254760000000000097e-01 8.944269999999999721e-01
7.254760000000000097e-01 8.944269999999999721e-01
6.048139999999999628e-01 8.944269999999999721e-01
6.048139999999999628e-01 8.750940000000000385e-01
6.407150000000000345e-01 8.750940000000000385e-01
6.407150000000000345e-01 8.750940000000000385e-01
5.871340000000000447e-01 8.750940000000000385e-01
5.871340000000000447e-01 8.750940000000000385e-01
5.871340000000000447e-01 9.119099999999999984e-01
5.871340000000000447e-01 9.119099999999999984e-01
5.871340000000000447e-01 9.119099999999999984e-01
5.871340000000000447e-01 9.119099999999999984e-01
6.155540000000000456e-01 9.119099999999999984e-01
6.155540000000000456e-01 9.119099999999999984e-01
6.155540000000000456e-01 9.119099999999999984e-01
6.155540000000000456e-01 9.119099999999999984e-01
6.155540000000000456e-01 9.119099999999999984e-01
6.155540000000000456e-01 9.119099999999999984e-01
6.155540000000000456e-01 8.870409999999999684e-01
6.155540000000000456e-01 9.176630000000000065e-01
6.386659999999999560e-01 9.176630000000000065e-01
6.386659999999999560e-01 9.176630000000000065e-01
6.386659999999999560e-01 9.176630000000000065e-01
6.386659999999999560e-01 9.176630000000000065e-01
6.386659999999999560e-01 9.176630000000000065e-01
6.386659999999999560e-01 9.176630000000000065e-01
6.386659999999999560e-01 9.176630000000000065e-01
6.386659999999999560e-01 9.176630000000000065e-01
6.386659999999999560e-01 9.176630000000000065e-01
6.386659999999999560e-01 9.445130000000000470e-01
6.386659999999999560e-01 9.445130000000000470e-01
6.386659999999999560e-01 9.445130000000000470e-01
6.386659999999999560e-01 9.445130000000000470e-01
6.386659999999999560e-01 9.445130000000000470e-01
6.386659999999999560e-01 9.445130000000000470e-01
6.386659999999999560e-01 9.119099999999999984e-01
6.386659999999999560e-01 1.005249999999999977e+00
6.386659999999999560e-01 1.005249999999999977e+00
6.386659999999999560e-01 1.005249999999999977e+00
5.712500000000000355e-01 1.005249999999999977e+00
5.712500000000000355e-01 1.005249999999999977e+00
5.712500000000000355e-01 1.005249999999999977e+00
5.712500000000000355e-01 1.005249999999999977e+00
5.712500000000000355e-01 1.005249999999999977e+00
5.712500000000000355e-01 1.005249999999999977e+00
5.712500000000000355e-01 1.005249999999999977e+00
5.712500000000000355e-01 1.005249999999999977e+00
5.712500000000000355e-01 1.005249999999999977e+00
5.712500000000000355e-01 1.005249999999999977e+00
5.712500000000000355e-01 1.005249999999999977e+00
5.712500000000000355e-01 1.005249999999999977e+00
5.712500000000000355e-01 1.005249999999999977e+00
5.712500000000000355e-01 1.019546000000000063e+00
5.712500000000000355e-01 1.031095000000000095e+00
5.712500000000000355e-01 1.031095000000000095e+00
5.871340000000000447e-01 1.031095000000000095e+00
5.871340000000000447e-01 1.031095000000000095e+00
5.871340000000000447e-01 1.031095000000000095e+00
5.871340000000000447e-01 1.031095000000000095e+00
5.871340000000000447e-01 1.031095000000000095e+00
5.871340000000000447e-01 1.031095000000000095e+00
5.871340000000000447e-01 1.031095000000000095e+00
5.871340000000000447e-01 1.039989999999999970e+00
5.982340000000000435e-01 1.039989999999999970e+00
5.982340000000000435e-01 1.039989999999999970e+00
5.982340000000000435e-01 1.039989999999999970e+00
5.982340000000000435e-01 1.039989999999999970e+00
5.103779999999999983e-01 1.039989999999999970e+00
5.129890000000000283e-01 1.039989999999999970e+00
5.129890000000000283e-01 1.039989999999999970e+00
5.129890000000000283e-01 1.039989999999999970e+00
5.129890000000000283e-01 1.039989999999999970e+00
5.129890000000000283e-01 1.039989999999999970e+00
5.129890000000000283e-01 1.039989999999999970e+00
5.129890000000000283e-01 1.039989999999999970e+00
5.129890000000000283e-01 1.039989999999999970e+00
5.129890000000000283e-01 1.039989999999999970e+00
5.129890000000000283e-01 1.039989999999999970e+00
5.129890000000000283e-01 1.039989999999999970e+00
5.129890000000000283e-01 1.039989999999999970e+00
5.129890000000000283e-01 1.039989999999999970e+00
5.129890000000000283e-01 1.039989999999999970e+00
5.129890000000000283e-01 1.099042999999999992e+00
5.129890000000000283e-01 1.099042999999999992e+00
5.129890000000000283e-01 1.099042999999999992e+00
5.129890000000000283e-01 1.099042999999999992e+00
5.129890000000000283e-01 1.100238999999999967e+00
5.129890000000000283e-01 1.100238999999999967e+00
5.129890000000000283e-01 1.100238999999999967e+00
5.104279999999999928e-01 1.100238999999999967e+00
5.104279999999999928e-01 1.100238999999999967e+00
5.104279999999999928e-01 1.100238999999999967e+00
5.104279999999999928e-01 1.099042999999999992e+00
5.104279999999999928e-01 1.099042999999999992e+00
5.104279999999999928e-01 1.099042999999999992e+00
5.026140000000000052e-01 1.095445000000000002e+00
5.026140000000000052e-01 1.095445000000000002e+00
5.026140000000000052e-01 1.095445000000000002e+00
5.026140000000000052e-01 1.095445000000000002e+00
5.026140000000000052e-01 1.095445000000000002e+00
5.026140000000000052e-01 1.095445000000000002e+00
5.026140000000000052e-01 1.039989999999999970e+00
5.026140000000000052e-01 1.039989999999999970e+00
5.026140000000000052e-01 1.039989999999999970e+00
5.026140000000000052e-01 1.039989999999999970e+00
5.026140000000000052e-01 1.039989999999999970e+00
5.026140000000000052e-01 1.039989999999999970e+00
4.893500000000000072e-01 9.787209999999999521e-01
4.893500000000000072e-01 9.787209999999999521e-01
4.893500000000000072e-01 9.787209999999999521e-01
4.893500000000000072e-01 9.787209999999999521e-01
4.893500000000000072e-01 9.787209999999999521e-01
4.893500000000000072e-01 9.787209999999999521e-01
4.893500000000000072e-01 9.787209999999999521e-01
4.893500000000000072e-01 9.787209999999999521e-01
4.893500000000000072e-01 9.787209999999999521e-01
4.893500000000000072e-01 9.787209999999999521e-01
4.893500000000000072e-01 9.787209999999999521e-01
4.893500000000000072e-01 9.787209999999999521e-01
4.893500000000000072e-01 9.787209999999999521e-01
4.893500000000000072e-01 9.787209999999999521e-01
4.893500000000000072e-01 9.787209999999999521e-01
4.893500000000000072e-01 9.787209999999999521e-01
4.893500000000000072e-01 9.787209999999999521e-01
4.893500000000000072e-01 9.787209999999999521e-01
4.893500000000000072e-01 9.787209999999999521e-01
4.893500000000000072e-01 9.787209999999999521e-01
4.893500000000000072e-01 9.787209999999999521e-01
4.893500000000000072e-01 9.514529999999999932e-01
4.893500000000000072e-01 9.514529999999999932e-01
4.893500000000000072e-01 9.514529999999999932e-01
4.893500000000000072e-01 9.514529999999999932e-01
4.893500000000000072e-01 9.514529999999999932e-01
4.893500000000000072e-01 9.514529999999999932e-01
4.893500000000000072e-01 9.514529999999999932e-01
4.893500000000000072e-01 9.514529999999999932e-01
4.893500000000000072e-01 9.514529999999999932e-01
4.893500000000000072e-01 9.514529999999999932e-01
4.893500000000000072e-01 9.514529999999999932e-01
4.893500000000000072e-01 9.514529999999999932e-01
4.893500000000000072e-01 9.514529999999999932e-01
4.701190000000000091e-01 9.514529999999999932e-01
4.701190000000000091e-01 9.514529999999999932e-01
4.701190000000000091e-01 9.514529999999999932e-01
4.701190000000000091e-01 9.514529999999999932e-01
4.701190000000000091e-01 9.514529999999999932e-01
4.701190000000000091e-01 9.514529999999999932e-01
4.701190000000000091e-01 9.880870000000000486e-01
4.701190000000000091e-01 9.880870000000000486e-01
4.701190000000000091e-01 9.880870000000000486e-01
4.701190000000000091e-01 9.880870000000000486e-01
4.701190000000000091e-01 9.880870000000000486e-01
4.701190000000000091e-01 9.880870000000000486e-01
4.701190000000000091e-01 9.880870000000000486e-01
4.701190000000000091e-01 9.880870000000000486e-01
4.701190000000000091e-01 9.880870000000000486e-01
4.701190000000000091e-01 9.880870000000000486e-01
4.701190000000000091e-01 9.880870000000000486e-01
4.701190000000000091e-01 9.880870000000000486e-01
4.701190000000000091e-01 9.880870000000000486e-01
4.701190000000000091e-01 9.880870000000000486e-01
4.701190000000000091e-01 9.880870000000000486e-01
4.701190000000000091e-01 9.880870000000000486e-01
4.701190000000000091e-01 9.880870000000000486e-01
4.701190000000000091e-01 9.880870000000000486e-01
4.701190000000000091e-01 9.880870000000000486e-01
4.701190000000000091e-01 1.020836000000000077e+00
4.701190000000000091e-01 1.020836000000000077e+00
4.701190000000000091e-01 1.020836000000000077e+00
4.701190000000000091e-01 1.020836000000000077e+00
4.701190000000000091e-01 1.020836000000000077e+00
4.701190000000000091e-01 1.020836000000000077e+00
4.701190000000000091e-01 1.020836000000000077e+00
4.701190000000000091e-01 1.020836000000000077e+00
4.701190000000000091e-01 1.020836000000000077e+00
4.701190000000000091e-01 1.020836000000000077e+00
4.701190000000000091e-01 1.020836000000000077e+00
4.701190000000000091e-01 1.020836000000000077e+00
4.701190000000000091e-01 1.020836000000000077e+00
4.701190000000000091e-01 1.020836000000000077e+00
4.701190000000000091e-01 1.020836000000000077e+00
4.701190000000000091e-01 1.020836000000000077e+00
4.701190000000000091e-01 1.020836000000000077e+00
4.701190000000000091e-01 1.020836000000000077e+00
4.701190000000000091e-01 1.020836000000000077e+00
4.701190000000000091e-01 9.986829999999999874e-01
4.701190000000000091e-01 9.986829999999999874e-01
4.442619999999999902e-01 9.986829999999999874e-01
4.442619999999999902e-01 9.986829999999999874e-01
4.442619999999999902e-01 9.986829999999999874e-01
4.442619999999999902e-01 9.986829999999999874e-01
4.442619999999999902e-01 9.986829999999999874e-01
4.442619999999999902e-01 9.986829999999999874e-01
4.442619999999999902e-01 9.986829999999999874e-01
4.442619999999999902e-01 9.986829999999999874e-01
4.442619999999999902e-01 9.986829999999999874e-01
4.442619999999999902e-01 9.986829999999999874e-01
4.442619999999999902e-01 9.986829999999999874e-01
4.442619999999999902e-01 9.986829999999999874e-01
4.442619999999999902e-01 9.986829999999999874e-01
4.442619999999999902e-01 9.986829999999999874e-01
4.442619999999999902e-01 9.986829999999999874e-01
4.442619999999999902e-01 9.986829999999999874e-01
4.442619999999999902e-01 9.986829999999999874e-01
4.442619999999999902e-01 9.986829999999999874e-01
4.442619999999999902e-01 9.986829999999999874e-01
4.442619999999999902e-01 9.733289999999999997e-01
4.442619999999999902e-01 9.733289999999999997e-01
4.442619999999999902e-01 9.733289999999999997e-01
4.442619999999999902e-01 9.733289999999999997e-01
4.442619999999999902e-01 9.733289999999999997e-01
4.442619999999999902e-01 9.733289999999999997e-01
4.442619999999999902e-01 9.733289999999999997e-01
4.442619999999999902e-01 9.733289999999999997e-01
4.442619999999999902e-01 9.733289999999999997e-01
4.442619999999999902e-01 9.733289999999999997e-01
4.442619999999999902e-01 9.733289999999999997e-01
4.442619999999999902e-01 9.733289999999999997e-01
4.442619999999999902e-01 9.733289999999999997e-01
4.442619999999999902e-01 9.733289999999999997e-01
4.442619999999999902e-01 9.733289999999999997e-01
4.442619999999999902e-01 9.733289999999999997e-01
4.442619999999999902e-01 9.733289999999999997e-01
4.442619999999999902e-01 9.733289999999999997e-01
4.442619999999999902e-01 9.733289999999999997e-01
4.442619999999999902e-01 9.733289999999999997e-01
4.442619999999999902e-01 9.733289999999999997e-01
4.442619999999999902e-01 9.733289999999999997e-01
4.442619999999999902e-01 9.733289999999999997e-01
4.442619999999999902e-01 9.733289999999999997e-01
4.442619999999999902e-01 9.733289999999999997e-01
4.442619999999999902e-01 9.733289999999999997e-01
4.442619999999999902e-01 9.733289999999999997e-01
4.442619999999999902e-01 9.733289999999999997e-01
4.442619999999999902e-01 8.255780000000000340e-01
4.442619999999999902e-01 8.255780000000000340e-01
4.442619999999999902e-01 8.255780000000000340e-01
4.442619999999999902e-01 8.255780000000000340e-01
4.442619999999999902e-01 8.255780000000000340e-01
4.442619999999999902e-01 8.255780000000000340e-01
4.442619999999999902e-01 8.255780000000000340e-01
4.442619999999999902e-01 8.255780000000000340e-01
4.442619999999999902e-01 8.255780000000000340e-01
4.442619999999999902e-01 8.255780000000000340e-01
4.442619999999999902e-01 8.255780000000000340e-01
4.442619999999999902e-01 8.255780000000000340e-01
4.442619999999999902e-01 8.255780000000000340e-01
4.442619999999999902e-01 7.181849999999999623e-01
4.442619999999999902e-01 7.181849999999999623e-01
4.442619999999999902e-01 7.181849999999999623e-01
4.442619999999999902e-01 7.181849999999999623e-01
4.442619999999999902e-01 7.181849999999999623e-01
4.442619999999999902e-01 7.181849999999999623e-01
4.442619999999999902e-01 7.451600000000000446e-01
4.442619999999999902e-01 7.451600000000000446e-01
4.442619999999999902e-01 7.451600000000000446e-01
4.442619999999999902e-01 7.677720000000000100e-01
4.442619999999999902e-01 7.677720000000000100e-01
4.442619999999999902e-01 7.677720000000000100e-01
4.442619999999999902e-01 7.677720000000000100e-01
4.442619999999999902e-01 7.677720000000000100e-01
4.442619999999999902e-01 7.677720000000000100e-01
4.442619999999999902e-01 7.677720000000000100e-01
4.442619999999999902e-01 7.677720000000000100e-01
4.442619999999999902e-01 7.677720000000000100e-01
4.442619999999999902e-01 7.677720000000000100e-01
4.442619999999999902e-01 7.677720000000000100e-01
4.442619999999999902e-01 7.677720000000000100e-01
4.442619999999999902e-01 7.677720000000000100e-01
4.442619999999999902e-01 7.677720000000000100e-01
4.442619999999999902e-01 7.677720000000000100e-01
4.442619999999999902e-01 7.677720000000000100e-01
4.442619999999999902e-01 7.677720000000000100e-01
4.442619999999999902e-01 7.163500000000000423e-01
4.442619999999999902e-01 7.163500000000000423e-01
4.442619999999999902e-01 7.163500000000000423e-01
4.442619999999999902e-01 7.163500000000000423e-01
4.442619999999999902e-01 7.163500000000000423e-01
4.104039999999999910e-01 7.163500000000000423e-01
4.104039999999999910e-01 7.163500000000000423e-01
4.104039999999999910e-01 7.163500000000000423e-01
4.104039999999999910e-01 7.163500000000000423e-01
4.104039999999999910e-01 7.163500000000000423e-01
4.104039999999999910e-01 7.163500000000000423e-01
4.104039999999999910e-01 7.163500000000000423e-01
4.104039999999999910e-01 7.163500000000000423e-01
4.104039999999999910e-01 7.163500000000000423e-01
4.104039999999999910e-01 7.163500000000000423e-01
4.104039999999999910e-01 7.163500000000000423e-01
4.104039999999999910e-01 7.163500000000000423e-01
4.104039999999999910e-01 7.163500000000000423e-01
4.104039999999999910e-01 7.163500000000000423e-01
4.104039999999999910e-01 7.163500000000000423e-01
3.663339999999999930e-01 7.163500000000000423e-01
3.663339999999999930e-01 7.163500000000000423e-01
3.663339999999999930e-01 7.163500000000000423e-01
3.663339999999999930e-01 7.163500000000000423e-01
3.663339999999999930e-01 7.163500000000000423e-01
3.663339999999999930e-01 7.163500000000000423e-01
3.663339999999999930e-01 7.163500000000000423e-01
3.663339999999999930e-01 7.163500000000000423e-01
3.663339999999999930e-01 7.163500000000000423e-01
3.663339999999999930e-01 7.163500000000000423e-01
3.663339999999999930e-01 7.163500000000000423e-01
3.663339999999999930e-01 7.163500000000000423e-01
3.663339999999999930e-01 7.163500000000000423e-01
3.663339999999999930e-01 7.163500000000000423e-01
3.663339999999999930e-01 7.163500000000000423e-01
3.077770000000000228e-01 7.163500000000000423e-01
3.077770000000000228e-01 7.163500000000000423e-01
3.077770000000000228e-01 7.163500000000000423e-01
3.077770000000000228e-01 7.163500000000000423e-01
3.077770000000000228e-01 7.163500000000000423e-01
3.077770000000000228e-01 7.163500000000000423e-01
3.077770000000000228e-01 7.163500000000000423e-01
3.077770000000000228e-01 7.163500000000000423e-01
3.077770000000000228e-01 7.163500000000000423e-01
3.077770000000000228e-01 6.569469999999999477e-01
3.077770000000000228e-01 6.569469999999999477e-01
2.235149999999999915e-01 6.569469999999999477e-01
2.235149999999999915e-01 6.569469999999999477e-01
2.235149999999999915e-01 6.569469999999999477e-01
2.235149999999999915e-01 6.569469999999999477e-01
2.235149999999999915e-01 6.569469999999999477e-01
2.235149999999999915e-01 6.569469999999999477e-01
2.235149999999999915e-01 6.569469999999999477e-01
2.235149999999999915e-01 6.569469999999999477e-01
2.235149999999999915e-01 6.569469999999999477e-01
2.235149999999999915e-01 6.569469999999999477e-01
2.235149999999999915e-01 6.569469999999999477e-01
2.235149999999999915e-01 6.569469999999999477e-01
2.235149999999999915e-01 6.708199999999999719e-01
2.235149999999999915e-01 6.708199999999999719e-01
2.235149999999999915e-01 6.708199999999999719e-01
2.235149999999999915e-01 6.708199999999999719e-01
2.235149999999999915e-01 6.708199999999999719e-01
2.235149999999999915e-01 6.708199999999999719e-01
2.235149999999999915e-01 6.708199999999999719e-01
2.235149999999999915e-01 6.708199999999999719e-01
2.235149999999999915e-01 6.708199999999999719e-01
2.235149999999999915e-01 6.708199999999999719e-01
2.235149999999999915e-01 6.708199999999999719e-01
2.235149999999999915e-01 6.708199999999999719e-01
2.235149999999999915e-01 6.708199999999999719e-01
2.235149999999999915e-01 6.708199999999999719e-01
2.235149999999999915e-01 6.708199999999999719e-01
2.235149999999999915e-01 6.708199999999999719e-01
2.235149999999999915e-01 6.708199999999999719e-01
2.235149999999999915e-01 6.708199999999999719e-01
2.235149999999999915e-01 6.708199999999999719e-01
2.235149999999999915e-01 6.708199999999999719e-01
2.235149999999999915e-01 6.708199999999999719e-01
2.235149999999999915e-01 6.708199999999999719e-01
0.000000000000000000e+00 6.708199999999999719e-01
0.000000000000000000e+00 6.708199999999999719e-01
0.000000000000000000e+00 6.708199999999999719e-01
0.000000000000000000e+00 6.708199999999999719e-01
0.000000000000000000e+00 6.708199999999999719e-01
0.000000000000000000e+00 6.708199999999999719e-01
0.000000000000000000e+00 6.708199999999999719e-01
0.000000000000000000e+00 6.708199999999999719e-01
0.000000000000000000e+00 6.708199999999999719e-01
0.000000000000000000e+00 6.708199999999999719e-01
0.000000000000000000e+00 6.708199999999999719e-01
0.000000000000000000e+00 6.708199999999999719e-01
0.000000000000000000e+00 6.708199999999999719e-01
0.000000000000000000e+00 6.708199999999999719e-01
0.000000000000000000e+00 6.708199999999999719e-01
0.000000000000000000e+00 6.708199999999999719e-01
0.000000000000000000e+00 6.708199999999999719e-01
0.000000000000000000e+00 6.708199999999999719e-01
0.000000000000000000e+00 6.708199999999999719e-01
0.000000000000000000e+00 6.708199999999999719e-01
0.000000000000000000e+00 6.708199999999999719e-01
0.000000000000000000e+00 6.708199999999999719e-01
0.000000000000000000e+00 6.708199999999999719e-01
0.000000000000000000e+00 6.708199999999999719e-01
0.000000000000000000e+00 6.708199999999999719e-01
0.000000000000000000e+00 6.708199999999999719e-01
0.000000000000000000e+00 6.708199999999999719e-01
0.000000000000000000e+00 6.708199999999999719e-01
0.000000000000000000e+00 6.708199999999999719e-01
0.000000000000000000e+00 6.708199999999999719e-01
0.000000000000000000e+00 6.805569999999999675e-01
0.000000000000000000e+00 6.805569999999999675e-01
0.000000000000000000e+00 6.805569999999999675e-01
0.000000000000000000e+00 6.805569999999999675e-01
0.000000000000000000e+00 6.048050000000000370e-01
0.000000000000000000e+00 6.048050000000000370e-01
0.000000000000000000e+00 6.048050000000000370e-01
0.000000000000000000e+00 6.048050000000000370e-01
0.000000000000000000e+00 6.048050000000000370e-01
0.000000000000000000e+00 6.048050000000000370e-01
0.000000000000000000e+00 6.048050000000000370e-01
0.000000000000000000e+00 6.048050000000000370e-01
0.000000000000000000e+00 6.048050000000000370e-01
0.000000000000000000e+00 6.048050000000000370e-01
0.000000000000000000e+00 6.048050000000000370e-01
0.000000000000000000e+00 6.048050000000000370e-01
0.000000000000000000e+00 6.048050000000000370e-01
0.000000000000000000e+00 6.048050000000000370e-01
0.000000000000000000e+00 6.048050000000000370e-01
0.000000000000000000e+00 6.048050000000000370e-01
0.000000000000000000e+00 6.048050000000000370e-01
0.000000000000000000e+00 6.048050000000000370e-01
0.000000000000000000e+00 6.048050000000000370e-01
0.000000000000000000e+00 6.048050000000000370e-01
0.000000000000000000e+00 6.048050000000000370e-01
0.000000000000000000e+00 6.048050000000000370e-01
0.000000000000000000e+00 6.048050000000000370e-01
0.000000000000000000e+00 6.048050000000000370e-01
0.000000000000000000e+00 6.048050000000000370e-01
0.000000000000000000e+00 6.048050000000000370e-01
0.000000000000000000e+00 6.048050000000000370e-01
0.000000000000000000e+00 6.048050000000000370e-01
0.000000000000000000e+00 6.048050000000000370e-01
0.000000000000000000e+00 6.048050000000000370e-01
0.000000000000000000e+00 6.048050000000000370e-01
0.000000000000000000e+00 6.048050000000000370e-01
0.000000000000000000e+00 6.048050000000000370e-01
0.000000000000000000e+00 6.048050000000000370e-01
0.000000000000000000e+00 6.048050000000000370e-01
0.000000000000000000e+00 6.069769999999999888e-01
0.000000000000000000e+00 6.069769999999999888e-01
0.000000000000000000e+00 6.069769999999999888e-01
0.000000000000000000e+00 6.069769999999999888e-01
0.000000000000000000e+00 6.069769999999999888e-01
0.000000000000000000e+00 6.069769999999999888e-01
0.000000000000000000e+00 6.069769999999999888e-01
0.000000000000000000e+00 6.069769999999999888e-01
0.000000000000000000e+00 6.069769999999999888e-01
0.000000000000000000e+00 6.069769999999999888e-01
0.000000000000000000e+00 6.069769999999999888e-01
0.000000000000000000e+00 6.069769999999999888e-01
0.000000000000000000e+00 6.069769999999999888e-01
0.000000000000000000e+00 6.069769999999999888e-01
0.000000000000000000e+00 6.069769999999999888e-01
0.000000000000000000e+00 6.069769999999999888e-01
0.000000000000000000e+00 6.069769999999999888e-01
0.000000000000000000e+00 6.069769999999999888e-01
0.000000000000000000e+00 6.069769999999999888e-01
0.000000000000000000e+00 6.069769999999999888e-01
0.000000000000000000e+00 6.069769999999999888e-01
0.000000000000000000e+00 6.069769999999999888e-01
0.000000000000000000e+00 6.069769999999999888e-01
0.000000000000000000e+00 6.069769999999999888e-01
0.000000000000000000e+00 6.069769999999999888e-01
0.000000000000000000e+00 6.069769999999999888e-01
0.000000000000000000e+00 6.069769999999999888e-01
0.000000000000000000e+00 6.069769999999999888e-01
0.000000000000000000e+00 6.069769999999999888e-01
0.000000000000000000e+00 6.069769999999999888e-01
0.000000000000000000e+00 6.069769999999999888e-01
0.000000000000000000e+00 6.069769999999999888e-01
0.000000000000000000e+00 6.069769999999999888e-01
0.000000000000000000e+00 6.069769999999999888e-01
0.000000000000000000e+00 6.069769999999999888e-01
0.000000000000000000e+00 6.069769999999999888e-01
0.000000000000000000e+00 6.069769999999999888e-01
0.000000000000000000e+00 6.069769999999999888e-01
0.000000000000000000e+00 6.069769999999999888e-01
0.000000000000000000e+00 6.069769999999999888e-01
0.000000000000000000e+00 6.069769999999999888e-01
0.000000000000000000e+00 6.069769999999999888e-01
0.000000000000000000e+00 6.069769999999999888e-01
0.000000000000000000e+00 6.069769999999999888e-01
0.000000000000000000e+00 6.069769999999999888e-01
0.000000000000000000e+00 6.069769999999999888e-01
0.000000000000000000e+00 6.069769999999999888e-01
0.000000000000000000e+00 6.069769999999999888e-01
0.000000000000000000e+00 6.069769999999999888e-01
0.000000000000000000e+00 6.069769999999999888e-01
0.000000000000000000e+00 6.048050000000000370e-01
0.000000000000000000e+00 6.048050000000000370e-01
0.000000000000000000e+00 6.048050000000000370e-01
0.000000000000000000e+00 6.048050000000000370e-01
0.000000000000000000e+00 6.048050000000000370e-01
0.000000000000000000e+00 6.048050000000000370e-01
0.000000000000000000e+00 6.048050000000000370e-01
0.000000000000000000e+00 6.048050000000000370e-01
0.000000000000000000e+00 6.048050000000000370e-01
0.000000000000000000e+00 6.048050000000000370e-01
0.000000000000000000e+00 6.048050000000000370e-01
0.000000000000000000e+00 6.048050000000000370e-01
0.000000000000000000e+00 6.048050000000000370e-01
0.000000000000000000e+00 6.048050000000000370e-01
0.000000000000000000e+00 6.048050000000000370e-01
0.000000000000000000e+00 6.048050000000000370e-01
0.000000000000000000e+00 6.048050000000000370e-01
0.000000000000000000e+00 6.048050000000000370e-01
0.000000000000000000e+00 6.048050000000000370e-01
0.000000000000000000e+00 6.048050000000000370e-01
0.000000000000000000e+00 6.048050000000000370e-01
0.000000000000000000e+00 6.048050000000000370e-01
0.000000000000000000e+00 6.048050000000000370e-01
0.000000000000000000e+00 6.048050000000000370e-01
0.000000000000000000e+00 6.048050000000000370e-01
0.000000000000000000e+00 6.048050000000000370e-01
0.000000000000000000e+00 5.982429999999999692e-01
0.000000000000000000e+00 5.982429999999999692e-01
0.000000000000000000e+00 5.982429999999999692e-01
0.000000000000000000e+00 5.982429999999999692e-01
0.000000000000000000e+00 5.982429999999999692e-01
0.000000000000000000e+00 5.982429999999999692e-01
0.000000000000000000e+00 5.982429999999999692e-01
0.000000000000000000e+00 5.982429999999999692e-01
0.000000000000000000e+00 5.982429999999999692e-01
0.000000000000000000e+00 5.982429999999999692e-01
0.000000000000000000e+00 5.982429999999999692e-01
0.000000000000000000e+00 5.982429999999999692e-01
0.000000000000000000e+00 5.982429999999999692e-01
0.000000000000000000e+00 5.982429999999999692e-01
0.000000000000000000e+00 5.982429999999999692e-01
0.000000000000000000e+00 5.982429999999999692e-01
0.000000000000000000e+00 5.982429999999999692e-01
0.000000000000000000e+00 5.982429999999999692e-01
0.000000000000000000e+00 5.982429999999999692e-01
0.000000000000000000e+00 5.982429999999999692e-01
0.000000000000000000e+00 4.893600000000000172e-01
0.000000000000000000e+00 4.893600000000000172e-01
0.000000000000000000e+00 4.893600000000000172e-01
0.000000000000000000e+00 4.893600000000000172e-01
0.000000000000000000e+00 4.893600000000000172e-01
0.000000000000000000e+00 4.893600000000000172e-01
0.000000000000000000e+00 4.893600000000000172e-01
0.000000000000000000e+00 4.893600000000000172e-01
0.000000000000000000e+00 4.893600000000000172e-01
0.000000000000000000e+00 4.893600000000000172e-01
0.000000000000000000e+00 4.893600000000000172e-01
0.000000000000000000e+00 4.893600000000000172e-01
0.000000000000000000e+00 4.701620000000000243e-01
0.000000000000000000e+00 4.701620000000000243e-01
0.000000000000000000e+00 4.701620000000000243e-01
0.000000000000000000e+00 4.701620000000000243e-01
0.000000000000000000e+00 4.701620000000000243e-01
0.000000000000000000e+00 4.701620000000000243e-01
0.000000000000000000e+00 4.442619999999999902e-01
0.000000000000000000e+00 4.442619999999999902e-01
0.000000000000000000e+00 4.442619999999999902e-01
0.000000000000000000e+00 4.103910000000000058e-01
0.000000000000000000e+00 4.103910000000000058e-01
0.000000000000000000e+00 4.103910000000000058e-01
0.000000000000000000e+00 4.103910000000000058e-01
0.000000000000000000e+00 4.103910000000000058e-01
0.000000000000000000e+00 4.103910000000000058e-01
0.000000000000000000e+00 4.103910000000000058e-01
0.000000000000000000e+00 4.103910000000000058e-01
0.000000000000000000e+00 4.103910000000000058e-01
0.000000000000000000e+00 4.103910000000000058e-01
