0.993399 
0.995054 
0.711744 
0.655192 
0.834101 
1.187933 
1.549087 
1.638858 
1.476794 
1.379478 
1.603860 
1.836670 
2.007388 
2.140616 
2.150964 
2.161642 
2.481842 
2.668345 
2.409207 
2.314855 
2.409889 
2.641085 
2.556918 
2.544343 
2.479190 
2.474541 
2.777672 
3.037323 
3.324797 
3.520849 
3.522484 
3.043273 
3.306443 
3.417496 
3.427587 
3.375853 
3.367804 
3.682060 
3.667290 
3.795773 
3.681390 
3.681390 
3.885914 
3.937630 
3.872983 
3.853399 
3.992386 
3.684516 
3.675354 
3.585424 
3.785360 
4.031741 
4.100706 
4.106518 
4.162608 
4.280272 
4.110121 
4.235269 
4.219512 
4.236239 
4.236239 
4.155885 
4.377537 
4.388232 
4.370581 
4.370581 
4.679708 
4.783298 
4.989792 
4.945925 
4.968321 
4.968321 
4.827450 
4.622777 
4.604060 
4.517146 
4.712979 
4.677072 
4.638583 
4.608345 
4.290825 
4.262366 
4.371897 
4.442246 
4.597268 
4.596731 
4.557022 
4.557022 
4.489388 
4.645669 
4.647969 
4.350590 
4.384670 
4.412341 
4.152520 
3.935333 
3.909755 
4.131474 
4.131474 
4.177792 
4.087650 
4.069099 
4.055333 
4.036022 
4.036022 
4.142010 
4.221265 
4.295614 
4.329557 
4.325186 
4.430754 
4.567837 
4.558465 
4.691993 
4.877951 
4.930771 
4.930771 
4.662632 
4.495063 
4.676368 
4.695147 
4.669681 
4.556661 
4.767454 
4.691292 
4.691292 
4.673026 
4.905690 
4.828813 
4.828813 
5.092080 
5.357913 
5.353614 
5.389744 
5.257201 
5.229911 
4.806623 
5.081409 
5.068446 
5.068446 
5.089657 
5.089657 
5.089657 
5.009366 
4.987649 
5.031316 
5.131655 
5.082381 
5.068284 
5.254228 
4.918079 
4.982040 
4.982040 
4.869683 
5.185221 
5.228811 
5.298181 
5.298181 
5.257357 
5.257357 
5.141581 
5.259546 
5.094986 
5.107560 
5.195994 
5.168541 
5.189025 
5.087233 
5.084322 
5.192194 
5.067310 
4.944428 
4.998355 
4.989462 
4.988144 
4.988144 
4.988144 
4.823019 
5.242947 
5.242947 
5.207061 
5.207061 
5.192194 
5.335457 
5.240279 
5.240279 
5.197102 
5.197102 
5.024283 
5.105628 
5.105628 
5.066823 
4.945758 
4.945758 
4.945758 
4.945758 
4.919584 
4.769351 
4.769351 
4.959208 
4.959208 
4.959208 
4.959208 
4.859540 
4.859540 
4.864107 
4.876096 
4.889906 
4.889906 
5.306091 
5.299578 
5.361443 
5.361443 
5.724773 
5.870589 
5.792321 
5.890727 
5.959844 
6.177740 
6.122381 
6.129362 
6.034441 
6.181998 
6.163080 
6.204439 
6.046693 
6.046693 
6.071125 
5.985591 
5.956531 
5.899794 
5.743560 
5.901466 
5.898121 
5.898121 
6.017382 
6.017382 
6.039345 
5.706789 
5.706789 
5.706789 
5.629749 
5.624342 
5.631356 
5.527146 
5.954460 
6.024757 
5.896866 
5.923442 
5.924275 
5.916358 
5.916358 
5.916358 
5.916358 
5.916358 
5.984767 
5.984767 
5.984767 
5.984767 
5.984767 
5.984767 
5.984767 
6.004658 
5.957222 
5.957222 
6.070583 
6.234586 
6.175344 
6.138345 
6.138345 
6.138345 
6.125067 
6.125067 
6.125067 
6.125067 
6.125067 
6.096941 
6.097886 
6.095188 
6.095188 
6.099504 
6.222175 
6.240387 
6.240387 
6.134593 
6.246315 
6.246315 
6.246315 
6.228119 
6.228119 
6.075051 
6.075051 
6.283725 
6.283725 
6.283725 
6.266032 
6.266032 
6.266032 
6.269575 
6.269575 
6.260780 
6.292618 
6.292618 
6.292618 
6.206029 
6.304369 
6.304369 
6.454165 
6.454165 
6.306716 
6.306716 
6.306716 
6.283855 
6.312972 
6.312972 
6.570218 
6.829816 
6.829816 
6.829816 
6.829936 
6.838600 
6.747685 
6.747685 
6.747685 
6.770194 
6.657999 
6.674653 
6.788996 
6.951193 
6.774080 
6.694582 
6.694582 
6.870154 
7.130711 
7.130711 
7.140392 
7.359764 
7.359764 
7.359764 
7.359764 
7.325941 
7.364567 
7.364567 
7.336822 
7.336822 
7.336822 
7.410985 
7.421852 
7.266655 
7.225913 
7.216233 
7.502083 
7.475838 
7.475838 
7.475838 
7.544495 
7.544495 
7.544495 
7.498355 
7.374610 
7.374610 
7.374610 
7.374610 
7.329756 
7.330205 
7.025213 
7.025213 
6.990360 
6.953558 
6.953558 
6.953558 
6.953558 
7.088607 
7.130942 
7.120902 
7.120902 
7.120902 
7.120902 
7.120902 
7.120902 
7.120902 
7.120902 
7.070254 
7.330542 
7.126212 
7.001879 
7.177152 
7.177152 
7.177152 
7.177152 
7.177152 
7.192604 
7.192604 
7.230918 
7.048003 
7.108533 
7.108533 
6.870872 
6.604673 
6.604673 
6.604673 
6.604673 
6.363056 
6.363056 
6.430166 
6.590339 
6.590339 
6.745856 
6.745856 
6.715923 
6.715923 
6.715923 
6.715923 
6.715923 
6.715923 
6.715923 
6.863208 
6.863208 
6.957460 
6.729623 
6.768493 
6.592085 
6.592085 
6.965965 
6.918939 
6.933543 
7.184253 
7.184253 
7.184253 
7.166718 
7.166718 
7.166718 
7.166718 
7.166718 
7.166718 
7.205740 
7.205740 
7.059661 
6.996475 
6.996475 
6.996475 
6.996475 
6.996475 
7.053484 
7.053484 
7.053484 
7.053484 
7.053484 
7.053484 
7.053484 
7.053484 
7.053484 
7.053484 
7.256916 
7.218284 
7.224433 
7.224433 
7.379515 
7.379515 
7.421630 
7.421630 
7.421630 
7.421630 
7.341303 
7.269145 
7.269145 
7.122287 
7.122287 
6.942195 
6.855295 
6.786936 
6.773715 
6.773715 
6.773715 
6.864885 
6.864885 
6.859372 
6.807020 
6.807020 
6.807020 
6.844610 
6.844610 
6.844610 
6.844610 
6.844610 
6.844610 
6.752801 
6.976936 
6.976936 
7.004463 
7.196147 
7.196147 
7.196147 
7.196147 
7.196147 
7.286094 
7.286094 
7.286094 
7.286094 
7.286094 
7.286094 
7.286094 
7.286094 
7.053951 
7.147529 
7.147529 
6.893337 
6.893337 
6.893337 
6.893337 
6.893337 
6.893337 
6.893337 
6.762172 
7.084894 
7.084894 
7.084894 
7.084894 
7.111310 
7.258615 
7.258615 
7.258615 
7.258615 
7.258615 
7.258615 
7.258615 
7.105062 
7.178069 
7.398657 
7.398657 
7.398657 
7.398657 
7.398657 
7.306495 
7.306495 
7.306495 
7.306495 
7.317629 
7.317629 
7.317629 
7.505480 
7.505480 
7.505480 
7.529329 
7.529329 
7.529329 
7.323920 
7.595662 
7.595662 
7.595662 
7.595662 
7.595662 
7.547111 
7.547111 
7.547111 
7.269145 
7.269145 
7.351043 
7.558000 
7.558000 
7.558000 
7.558000 
7.558000 
7.696227 
7.696227 
7.696227 
7.696227 
7.732897 
7.732897 
7.732897 
7.732897 
7.732897 
7.732897 
7.580055 
7.580055 
7.580055 
7.580055 
7.580055 
7.580055 
7.282820 
7.282820 
7.282820 
7.282820 
7.282820 
7.282820 
7.282820 
7.282820 
7.282820 
7.282820 
7.110384 
7.110384 
7.110384 
7.425839 
7.425839 
7.425839 
7.425839 
7.425839 
7.425839 
7.518836 
7.518836 
7.518836 
7.518836 
7.518836 
7.518836 
7.477158 
7.389315 
7.389315 
7.457445 
7.457445 
7.457445 
7.457445 
7.457445 
7.457445 
7.457445 
7.457445 
7.457445 
7.457445 
7.306157 
7.376394 
7.376394 
7.376394 
7.376394 
7.376394 
7.376394 
7.376394 
7.376394 
7.376394 
7.376394 
7.376394 
7.376394 
7.391541 
7.391541 
7.391541 
7.391541 
7.391541 
7.391541 
7.165570 
7.165570 
7.149370 
7.149370 
7.149370 
7.149370 
7.149370 
7.149370 
7.149370 
7.149370 
7.149370 
7.159370 
7.416753 
7.416753 
7.416753 
7.416753 
7.416753 
7.416753 
7.416753 
7.538607 
7.538607 
7.537079 
7.537079 
7.537079 
7.537079 
7.537079 
7.537079 
7.537079 
7.537079 
7.537079 
7.537079 
7.537079 
7.537079 
7.537079 
7.537079 
7.537079 
7.537079 
7.537079 
7.537079 
7.537079 
7.537079 
7.537079 
7.537079 
7.537079 
7.537079 
7.537079 
7.537079 
7.537079 
7.537079 
7.677719 
7.677719 
7.677719 
7.677719 
7.677719 
7.677719 
7.677719 
7.677719 
7.677719 
7.677719 
7.677719 
7.677719 
7.407322 
7.607454 
7.607454 
7.607454 
7.607454 
7.607454 
7.607454 
7.663782 
7.663782 
7.663782 
7.656267 
7.656267 
7.656267 
7.656267 
7.656267 
7.656267 
7.656267 
7.656267 
7.656267 
7.656267 
7.656267 
7.656267 
7.384193 
7.384193 
7.384193 
7.384193 
7.384193 
7.318753 
7.318753 
7.318753 
7.318753 
7.318753 
7.352161 
7.352161 
7.352161 
7.352161 
7.302555 
7.302555 
7.302555 
7.302555 
7.302555 
7.302555 
7.302555 
7.302555 
7.302555 
7.302555 
7.302555 
6.994711 
7.001410 
7.001410 
7.001410 
7.001410 
7.001410 
7.001410 
7.001410 
7.001410 
7.001410 
7.001410 
7.001410 
7.001410 
7.001410 
7.001410 
6.668983 
6.668983 
6.668983 
6.668983 
6.668983 
6.668983 
6.668983 
6.668983 
6.668983 
6.920365 
6.920365 
6.867280 
6.867280 
6.867280 
6.867280 
6.867280 
6.867280 
6.867280 
6.867280 
6.867280 
6.867280 
6.867280 
6.867280 
6.889757 
6.889757 
6.889757 
6.889757 
6.889757 
6.889757 
6.889757 
6.889757 
6.889757 
6.889757 
6.889757 
6.889757 
6.889757 
6.611145 
6.611145 
6.611145 
6.611145 
6.611145 
6.611145 
6.611145 
6.611145 
6.611145 
6.729257 
6.729257 
6.729257 
6.729257 
7.008806 
7.008806 
7.008806 
7.008806 
7.008806 
7.008806 
7.008806 
6.979293 
6.979293 
6.979293 
6.979293 
6.979293 
6.979293 
6.979293 
6.979293 
6.979293 
6.979293 
6.979293 
6.979293 
6.979293 
6.979293 
6.979293 
6.979293 
6.979293 
6.979293 
6.979293 
7.079553 
7.079553 
7.079553 
7.079553 
7.102631 
7.102631 
7.102631 
7.102631 
7.102631 
7.102631 
7.102631 
7.102631 
7.102631 
7.102631 
7.102631 
7.102631 
7.102631 
7.102631 
7.102631 
7.102631 
7.102631 
7.102631 
7.102631 
7.102631 
7.102631 
7.102631 
7.102631 
7.102631 
7.102631 
7.102631 
7.102631 
7.102631 
7.102631 
7.077345 
7.077345 
7.077345 
7.077345 
7.077345 
7.077345 
6.763023 
7.049520 
7.049520 
7.049520 
7.049520 
7.049520 
7.049520 
7.049520 
7.049520 
7.049520 
7.049520 
7.049520 
7.049520 
7.049520 
7.049520 
7.049520 
7.049520 
6.957696 
6.957696 
6.957696 
6.957696 
6.957696 
6.957696 
6.957696 
6.957696 
6.957696 
6.957696 
6.957696 
6.957696 
6.957696 
6.957696 
6.957696 
6.957696 
6.957696 
6.957696 
6.957696 
6.957696 
6.957696 
6.957696 
6.957696 
6.957696 
6.957696 
6.957696 
6.957696 
6.957696 
6.957696 
7.214295 
7.214295 
7.214295 
7.214295 
7.254989 
7.254989 
7.254989 
7.254989 
7.254989 
7.254989 
7.254989 
7.254989 
7.254989 
7.254989 
7.254989 
7.254989 
7.254989 
7.254989 
7.254989 
7.254989 
7.254989 
7.254989 
7.254989 
7.254989 
7.254989 
7.254989 
7.254989 
7.254989 
7.254989 
7.254989 
7.289480 
7.289480 
7.289480 
7.289480 
7.289480 
7.289480 
7.289480 
7.289480 
7.289480 
7.289480 
7.289480 
7.289480 
7.289480 
7.289480 
7.289480 
7.289480 
7.289480 
7.289480 
7.289480 
7.289480 
7.316843 
7.316843 
7.316843 
7.316843 
7.316843 
7.316843 
7.316843 
7.316843 
7.316843 
7.316843 
7.316843 
7.316843 
7.615881 
7.615881 
7.615881 
7.615881 
7.615881 
7.615881 
7.867844 
7.867844 
7.867844 
8.019199 
8.019199 
8.019199 
8.019199 
8.019199 
8.019199 
8.019199 
8.019199 
8.019199 
8.019199 
