0.680557 0.825578 
0.587143 0.753937 
0.550120 0.760886 
0.366348 0.688247 
0.587143 0.923381 
0.307793 0.966546 
0.571241 0.911910 
0.759155 1.025978 
0.686333 0.670820 
0.550120 0.801315 
0.470162 0.688247 
0.550120 0.812728 
0.587143 1.165287 
0.444262 0.680557 
0.470162 0.923381 
0.470162 0.786398 
0.604805 0.864505 
0.688247 0.923381 
0.753937 0.695852 
0.470162 0.606977 
0.550120 1.190975 
0.686333 0.686333 
0.604805 0.512989 
0.444262 0.759155 
0.686333 1.025978 
0.489360 0.801315 
0.688247 0.552506 
0.825578 0.894427 
0.444262 0.923381 
0.571241 1.031096 
0.670820 0.850696 
0.688247 0.887041 
0.753937 1.105012 
0.470162 1.050063 
0.502625 0.812728 
0.489360 0.887041 
0.470162 0.858395 
0.470162 0.894427 
0.550120 0.759155 
0.470162 0.875094 
0.760886 0.794719 
0.550120 1.119210 
0.587143 1.128576 
0.366348 1.119210 
0.745160 0.812728 
0.444262 1.020836 
0.223607 0.967906 
0.550120 0.933302 
0.604805 0.933302 
0.587143 0.933302 
0.444262 0.887041 
0.410391 1.069924 
0.598243 0.604805 
0.489360 0.801315 
0.444262 0.998683 
0.410391 0.998683 
0.366348 0.852242 
0.410391 0.917663 
0.571241 0.894427 
0.550120 1.099043 
0.366348 0.852242 
0.688247 0.911909 
0.366348 0.894427 
0.410391 0.718185 
0.571241 1.039990 
0.502625 0.825578 
0.366348 1.136708 
0.366348 0.656947 
0.444262 0.688247 
0.523148 0.917663 
0.523148 0.998683 
0.410391 1.321881 
0.444262 0.759155 
0.366348 1.105012 
0.366348 1.005249 
0.307793 0.820783 
0.223607 1.225819 
0.489360 0.894427 
0.670820 0.966546 
0.523148 0.911910 
0.753937 0.988087 
0.604805 0.688247 
0.470162 0.686333 
0.444262 0.725476 
0.571241 1.145931 
0.587143 0.688247 
0.670820 0.718185 
0.410391 0.933302 
0.670820 1.050063 
0.670820 0.759155 
0.550120 1.089423 
0.759155 1.196486 
0.732695 1.089423 
0.366348 1.251315 
0.366348 0.967906 
0.688247 0.887041 
0.523148 1.050063 
0.571241 0.998683 
0.670820 0.998683 
0.587143 1.005249 
0.998683 0.725476 
0.366348 0.933302 
0.489360 1.145931 
0.571241 1.119210 
0.489360 0.951453 
0.827170 0.833509 
0.550120 1.039990 
0.550120 0.695852 
0.410391 0.944513 
0.444262 0.966546 
0.502625 0.833509 
0.366348 0.998683 
0.571241 0.670820 
0.571241 1.521772 
0.307793 0.759155 
0.470162 0.998683 
0.656947 1.190975 
0.523148 0.638666 
0.523148 0.875094 
0.587143 1.105012 
0.587143 0.988087 
0.470162 1.005249 
0.604805 0.725476 
0.366348 0.973329 
0.366348 1.020836 
0.550120 1.218282 
0.444262 1.005249 
0.444262 0.788069 
0.656947 0.875094 
0.550120 0.875094 
0.307793 0.638666 
0.307793 1.424411 
0.366348 1.399248 
0.366348 1.165287 
0.444262 0.911910 
0.489360 1.316894 
0.307793 1.552587 
0.523148 1.399248 
0.598243 1.308877 
0.587143 1.025978 
0.571241 0.887041 
0.598243 0.852242 
0.410391 0.911910 
0.470162 0.988087 
0.670820 0.887041 
0.680557 0.767772 
0.489360 0.688247 
0.410391 1.239694 
0.587143 0.998683 
0.366348 0.973329 
0.366348 0.967906 
0.223607 0.850696 
0.307793 0.988087 
0.444262 0.998683 
0.410391 1.276302 
0.753937 1.333772 
0.759155 1.136708 
0.571241 0.911910 
0.410391 1.099043 
0.470162 0.875094 
0.444262 1.123903 
0.686333 1.164158 
0.656947 1.252366 
0.606977 0.820783 
0.686333 0.875094 
0.571241 1.337712 
0.688247 1.089423 
0.680557 1.123903 
0.587143 1.169795 
0.489360 1.252366 
0.587143 1.145931 
0.759155 0.887041 
0.410391 0.887041 
0.686333 0.887041 
0.307793 0.852242 
0.944513 0.944513 
0.470162 1.076055 
0.307793 1.182103 
0.606977 0.833509 
0.502625 1.089423 
0.410391 1.182103 
0.598243 0.852242 
0.825578 1.050063 
0.470162 1.020836 
0.444262 1.576138 
0.571241 0.759155 
0.444262 1.050063 
0.571241 1.123903 
0.587143 1.165287 
0.587143 0.951453 
0.550120 1.321881 
0.223607 1.755443 
0.366348 1.273206 
0.820783 1.118034 
0.444262 1.482352 
0.307793 1.164158 
0.604805 0.887041 
0.410391 1.005249 
0.489360 0.911910 
0.606977 1.039990 
0.410391 1.174286 
0.410391 1.252366 
0.470162 1.020836 
0.606977 0.670820 
0.510418 0.944513 
0.366348 0.875094 
0.410391 0.998683 
0.686333 1.151658 
0.606977 0.794719 
0.571241 0.911909 
0.598243 1.174286 
0.604805 1.252366 
0.587143 1.031096 
0.680557 1.806421 
0.470162 1.432701 
0.820783 1.293710 
0.502625 1.372666 
0.410391 0.911910 
0.686333 1.151658 
0.502625 1.213954 
0.604805 0.917663 
0.489360 0.725476 
0.587143 1.145931 
0.470162 0.911909 
0.680557 0.944513 
0.571241 1.145931 
0.587143 1.136708 
0.812728 1.308877 
0.470162 0.812728 
0.410391 1.076055 
0.489360 0.825578 
0.444262 0.988087 
0.587143 1.500877 
0.550120 0.973329 
0.366348 1.190975 
0.820783 1.468081 
0.604805 1.209611 
0.502625 0.852242 
0.598243 0.887041 
0.604805 0.788069 
0.444262 1.105012 
0.598243 1.136708 
0.753937 1.559352 
0.587143 1.559352 
0.587143 0.966546 
0.410391 1.099043 
0.489360 0.911910 
0.598243 1.234376 
0.716350 1.361114 
0.510418 0.852242 
0.444262 0.894427 
0.489360 0.812728 
0.571241 0.998683 
0.604805 0.825578 
0.550120 1.020836 
0.550120 0.852242 
0.686333 1.394538 
0.825578 1.151658 
0.571241 1.050063 
0.489360 1.234376 
0.470162 1.187656 
0.489360 0.833509 
0.604805 0.998683 
0.223607 1.196486 
0.550120 0.967906 
0.366348 0.788069 
0.510418 0.933302 
0.598243 0.825578 
0.366348 0.767772 
0.587143 1.460894 
0.686333 1.039990 
0.686333 1.118034 
0.587143 1.165287 
0.307793 1.165287 
0.444262 0.911910 
0.366348 1.190975 
0.587143 1.196486 
0.745160 0.875094 
0.307793 0.988087 
0.550120 1.119210 
0.307793 0.967906 
0.366348 1.020836 
0.587143 1.005249 
0.571241 1.039990 
0.523148 0.967906 
0.587143 0.850696 
0.489360 0.988087 
0.410391 1.089423 
0.670820 0.827170 
0.410391 0.933302 
0.571241 0.825578 
0.444262 1.165287 
0.489360 0.875094 
0.366348 0.910465 
0.598243 0.745160 
0.686333 0.852242 
0.732695 0.825578 
0.587143 0.887041 
0.571241 0.944513 
0.366348 1.025978 
0.604805 0.786398 
0.366348 1.031096 
0.550120 0.944513 
0.801315 1.399248 
0.745160 0.852242 
0.410391 1.348488 
0.444262 0.933302 
0.604805 1.174286 
0.604805 1.268028 
0.523148 0.745160 
0.470162 0.923381 
0.523148 0.788069 
0.366348 1.251315 
0.550120 0.882580 
0.444262 0.852242 
0.307793 1.019546 
0.410391 1.105012 
0.410391 1.128576 
0.944513 0.852242 
0.598243 1.182103 
0.801315 0.967906 
0.470162 1.019546 
0.550120 0.864505 
0.598243 0.670820 
0.410391 1.169795 
0.759155 0.825578 
0.598243 0.732695 
0.680557 1.099043 
0.410391 0.725476 
0.444262 0.911909 
0.571241 1.190975 
0.523148 0.951453 
0.444262 1.164158 
0.489360 1.119210 
0.489360 1.105012 
0.523148 0.864505 
0.604805 0.670820 
0.571241 0.759155 
0.410391 0.864505 
0.366348 0.786398 
0.550120 0.988087 
0.587143 1.050063 
0.470162 0.910465 
0.598243 1.050063 
0.753937 0.944513 
0.470162 0.812728 
0.598243 0.967906 
0.571241 0.825578 
0.470162 0.875094 
0.223607 0.933302 
0.604805 1.268028 
0.571241 1.105013 
0.680557 0.973329 
0.680557 0.887041 
0.307793 1.239694 
0.686333 1.039990 
0.759155 1.316894 
0.670820 1.119210 
0.410391 1.281447 
0.410391 1.099043 
0.410391 0.786398 
0.489360 1.472556 
0.410391 1.099043 
0.489360 1.019546 
0.598243 1.056309 
0.523148 0.875094 
0.470162 0.670820 
0.571241 1.239694 
0.366348 1.025978 
0.470162 0.745160 
0.550120 0.951453 
0.670820 1.071153 
0.410391 1.039990 
0.550120 0.966546 
0.502625 0.788069 
0.753937 1.239694 
0.512989 1.039990 
0.223607 0.638666 
0.523148 0.852242 
0.444262 1.020836 
0.571241 1.025978 
0.366348 0.998683 
0.444262 1.031096 
0.571241 0.858395 
0.550120 0.911909 
0.686333 1.252366 
0.571241 0.933302 
0.470162 1.050063 
0.410391 1.039990 
0.604805 1.234376 
0.444262 1.099043 
0.444262 0.812728 
0.550120 1.025978 
0.523148 0.825578 
0.489360 1.039990 
0.307793 1.361114 
0.366348 0.887041 
0.307793 1.394538 
0.489360 1.031096 
0.410391 1.239694 
0.366348 0.686333 
0.745160 1.000000 
0.753937 1.308877 
0.410391 1.386969 
0.571241 1.099043 
0.489360 1.460894 
0.223607 1.046297 
0.307793 1.151658 
0.366348 1.190975 
0.470162 0.759155 
0.444262 1.136708 
0.550120 0.858395 
0.444262 1.020836 
0.307793 1.348488 
0.307793 1.187656 
0.489360 1.394538 
0.366348 0.850696 
0.489360 0.933302 
0.410391 1.424411 
0.598243 0.718185 
0.587143 1.332785 
0.550120 1.019546 
0.571241 0.760886 
0.587143 1.118034 
0.366348 0.887041 
0.444262 0.917663 
0.307793 0.966546 
0.470162 1.386969 
0.680557 1.089423 
0.410391 0.864505 
0.812728 1.297771 
0.366348 0.858395 
0.410391 0.670820 
0.550120 1.234376 
0.598243 0.911909 
0.410391 1.031096 
0.410391 0.887041 
0.550120 0.910465 
0.550120 1.039990 
0.307793 1.069924 
0.410391 0.864505 
0.550120 1.196486 
0.223607 1.099043 
0.550120 1.417930 
0.550120 1.348488 
0.470162 1.208522 
0.550120 1.099043 
0.444262 1.538112 
0.444262 0.988087 
0.512989 1.500877 
0.444262 1.050063 
0.598243 1.208522 
0.470162 1.260743 
0.470162 0.944513 
0.470162 1.050063 
0.410391 0.978721 
0.571241 1.071153 
0.444262 1.099043 
0.550120 0.911910 
0.587143 1.348488 
0.410391 0.875094 
0.444262 1.089423 
0.444262 1.174286 
0.444262 0.988087 
0.587143 1.050063 
0.410391 0.944513 
0.688247 0.670820 
0.470162 1.225819 
0.680557 1.356272 
0.470162 0.988087 
0.888523 1.268028 
0.444262 0.951453 
0.523148 0.911909 
0.571241 1.145931 
0.410391 1.136708 
0.307793 0.988087 
0.523148 0.759155 
0.686333 1.151658 
0.444262 1.333772 
0.827170 1.353358 
0.410391 1.118034 
0.571241 1.118034 
0.444262 0.788069 
0.489360 0.994723 
0.604805 1.164158 
0.366348 1.019546 
0.366348 1.276302 
0.307793 0.967906 
0.447214 0.933302 
0.670820 0.988087 
0.470162 0.911909 
0.410391 1.019546 
0.410391 1.039990 
0.444262 1.235442 
0.680557 1.080935 
0.410391 0.951453 
0.366348 0.695852 
0.656947 1.252366 
0.587143 1.099043 
0.444262 0.670820 
0.615587 0.801315 
0.410391 0.910465 
0.470162 1.145931 
0.410391 1.187656 
0.587143 0.944513 
0.307793 1.235442 
0.598243 1.000000 
0.587143 1.432701 
0.753937 1.446411 
0.670820 1.089423 
0.444262 1.251315 
0.307793 0.933302 
0.759155 0.820783 
0.366348 0.998683 
0.366348 0.875094 
0.827170 1.182103 
0.598243 1.019546 
0.550120 1.174286 
0.366348 0.858395 
0.444262 1.504380 
0.598243 0.933302 
0.680557 0.910465 
0.759155 0.988087 
0.587143 1.089423 
0.587143 1.089423 
0.670820 1.119210 
0.410391 1.260743 
0.760886 1.020836 
0.444262 1.039990 
0.410391 1.118034 
0.523148 1.482352 
0.812728 0.833509 
0.470162 0.951453 
0.410391 1.051315 
0.502625 1.145931 
0.410391 0.933302 
0.307793 0.875094 
0.410391 0.933302 
0.470162 1.069924 
0.470162 1.046297 
0.587143 0.994723 
0.410391 0.945905 
0.444262 0.887041 
0.812728 1.046297 
0.550120 1.571958 
0.444262 1.225819 
0.523148 1.136708 
0.753937 1.050063 
0.571241 0.864505 
0.587143 0.716350 
0.571241 1.361114 
0.550120 1.190975 
0.223607 1.039990 
0.587143 1.394538 
0.550120 1.218282 
0.686333 1.424411 
0.444262 0.875094 
0.470162 1.192079 
0.523148 1.025978 
0.604805 1.394538 
0.470162 0.994723 
0.223607 1.019546 
0.680557 1.357242 
0.680557 1.424411 
0.410391 1.174286 
0.444262 1.260743 
0.410391 1.268028 
0.366348 1.234376 
0.307793 1.100239 
0.489360 1.353358 
0.366348 1.538112 
0.550120 1.386969 
0.523148 1.251315 
0.550120 0.827170 
0.410391 1.050063 
0.444262 1.046297 
0.489360 0.951453 
0.444262 0.967906 
0.410391 0.875094 
0.571241 1.071153 
0.410391 1.182103 
0.410391 1.069924 
0.680557 1.145931 
0.598243 1.025978 
0.410391 1.089423 
0.410391 1.069924 
0.444262 0.967906 
0.510418 1.056309 
0.598243 1.239694 
0.587143 1.292692 
0.444262 1.252366 
0.604805 1.080935 
0.686333 1.099043 
0.550120 1.105012 
0.444262 1.268028 
0.887041 1.020836 
0.686333 0.951453 
0.444262 1.099043 
0.587143 0.978721 
0.410391 0.887041 
0.444262 0.973329 
0.410391 1.099043 
0.410391 1.050063 
0.680557 1.019546 
0.307793 1.020836 
0.510418 1.281447 
0.366348 1.239694 
0.550120 1.273206 
0.470162 1.005249 
0.470162 0.833509 
0.686333 1.142481 
0.444262 1.592747 
0.470162 0.875094 
0.470162 1.386969 
0.410391 0.820783 
0.307793 0.945905 
0.523148 1.187656 
0.410391 1.151658 
0.550120 1.050063 
0.307793 1.276302 
0.470162 1.251315 
0.444262 1.174286 
0.444262 1.099043 
0.444262 1.039990 
0.656947 1.164158 
0.753937 0.759155 
0.307793 0.745160 
0.745160 0.850696 
0.410391 1.218282 
0.604805 1.268028 
0.366348 1.231174 
0.587143 1.192079 
0.410391 1.239694 
0.470162 0.923381 
0.366348 1.020836 
0.523148 0.887041 
0.489360 1.454575 
0.223607 1.386969 
0.470162 1.394538 
0.656947 1.357242 
0.571241 1.332785 
0.587143 1.080935 
0.307793 1.046297 
0.444262 1.071153 
0.444262 1.142481 
0.510418 1.308877 
0.410391 1.431782 
0.604805 1.239694 
0.223607 1.234376 
0.307793 1.500877 
0.550120 1.460894 
0.571241 0.852242 
0.470162 1.118034 
0.470162 0.944513 
0.587143 1.239694 
0.366348 1.268028 
0.550120 1.005249 
0.489360 1.128576 
0.366348 1.142481 
0.638666 0.732695 
0.470162 1.005249 
0.223607 1.019546 
0.307793 0.833509 
0.587143 0.888523 
0.489360 0.887041 
0.410391 1.080935 
0.366348 0.864505 
0.489360 0.833509 
0.410391 0.852242 
0.759155 1.118034 
0.410391 1.231174 
0.366348 1.273206 
0.753937 1.071153 
0.688247 1.337712 
0.598243 1.386969 
0.447214 1.174286 
0.444262 0.933302 
0.444262 0.820783 
0.410391 0.944513 
0.571241 1.592747 
0.444262 0.911909 
0.598243 1.089423 
0.366348 1.056309 
0.366348 1.089423 
0.598243 1.089423 
0.550120 1.559352 
0.366348 0.825578 
0.444262 1.095445 
0.410391 1.089423 
0.444262 0.933302 
0.470162 0.911909 
0.410391 1.020836 
0.686333 1.252366 
0.786398 1.225819 
0.523148 0.858395 
0.550120 1.119210 
0.366348 1.145931 
0.444262 1.182103 
0.444262 1.123903 
0.444262 1.039990 
0.598243 1.151658 
0.523148 1.020836 
0.444262 0.615587 
0.523148 1.025978 
0.523148 0.998683 
0.680557 0.786398 
0.571241 1.050063 
0.598243 1.069924 
0.489360 0.786398 
0.444262 0.825578 
0.470162 1.071153 
0.444262 0.933302 
0.587143 1.123903 
0.550120 0.967906 
0.366348 0.933302 
0.307793 1.638356 
0.410391 1.080935 
0.410391 0.951453 
0.598243 0.998683 
0.307793 0.944513 
0.470162 1.446411 
0.680557 0.887041 
0.489360 1.410487 
0.470162 1.234376 
0.571241 1.020836 
0.470162 1.182103 
0.410391 1.020836 
0.307793 1.050063 
0.410391 1.020836 
0.587143 0.670820 
0.366348 1.076055 
1.000000 1.268028 
0.489360 0.887041 
0.523148 1.225819 
0.307793 1.165287 
0.444262 1.050063 
0.670820 0.788069 
0.444262 0.745160 
0.604805 0.911910 
0.444262 1.273206 
0.686333 1.341641 
0.444262 0.951453 
0.571241 1.136708 
0.470162 1.190975 
0.550120 0.887041 
0.604805 1.128576 
0.550120 0.988087 
0.502625 0.812728 
0.604805 1.251315 
0.587143 1.169795 
0.366348 0.670820 
0.571241 0.911910 
0.680557 1.069924 
0.223607 1.005249 
0.307793 0.966546 
0.410391 1.039990 
0.366348 1.273206 
0.366348 1.119210 
0.745160 1.268028 
0.410391 1.225819 
0.410391 1.277333 
0.550120 1.164158 
0.502625 1.182103 
0.366348 1.490320 
0.444262 1.281447 
0.550120 1.409554 
0.571241 1.192079 
0.410391 0.833509 
0.444262 0.875094 
0.550120 1.039990 
0.656947 1.025978 
0.444262 1.468977 
0.571241 1.293710 
0.410391 0.858395 
0.571241 1.000000 
0.410391 1.313893 
0.489360 1.174286 
0.366348 1.164158 
0.550120 0.767772 
0.571241 1.225819 
0.489360 0.864505 
0.470162 1.394538 
0.470162 1.190975 
0.686333 1.151658 
0.410391 0.973329 
0.571241 0.825578 
0.307793 1.071153 
0.489360 1.105012 
0.366348 0.945905 
0.410391 1.301821 
0.606977 0.887041 
0.598243 1.386969 
0.444262 1.080935 
0.523148 1.386969 
0.410391 1.039990 
0.410391 1.174286 
0.587143 0.788069 
0.489360 0.951453 
0.587143 1.225819 
0.410391 1.099043 
0.489360 0.917663 
0.688247 1.089423 
0.512989 1.128576 
0.444262 1.020836 
0.550120 0.945905 
0.502625 0.944513 
0.470162 1.535544 
0.827170 1.187656 
0.587143 1.234376 
0.680557 1.136708 
0.366348 1.356272 
0.550120 1.196486 
0.470162 1.410487 
0.686333 1.031096 
0.470162 0.615587 
0.410391 0.994723 
0.489360 1.105012 
0.470162 0.933302 
0.604805 1.321881 
0.587143 1.239694 
0.604805 0.794719 
0.502625 1.192079 
0.502625 0.988087 
0.587143 0.827170 
0.753937 1.235442 
0.470162 1.208522 
0.470162 1.046297 
0.470162 1.142481 
0.489360 1.005249 
0.307793 1.446411 
0.812728 1.046297 
0.444262 1.316894 
0.825578 0.933302 
0.447214 1.187656 
0.470162 1.031096 
0.550120 0.686333 
0.489360 0.933302 
0.366348 1.039990 
0.444262 1.099043 
0.489360 0.911910 
0.587143 0.887041 
0.307793 0.988087 
0.587143 1.417930 
0.680557 1.145931 
0.571241 1.281447 
0.470162 0.858395 
0.753937 1.071153 
0.680557 0.745160 
0.489360 0.998683 
0.604805 0.732695 
0.470162 0.998683 
0.745160 1.025978 
0.470162 0.988087 
0.470162 0.994723 
0.550120 1.281447 
0.587143 1.039990 
0.550120 0.864505 
0.366348 1.251315 
0.470162 0.933302 
0.604805 1.356272 
0.604805 1.020836 
0.753937 1.145931 
0.598243 1.231174 
0.470162 1.071153 
0.470162 1.292692 
0.550120 1.051315 
0.604805 1.301821 
0.502625 1.386969 
0.680557 1.128576 
0.686333 1.394538 
0.670820 1.410487 
0.688247 1.019546 
0.223607 1.056309 
0.444262 1.071153 
0.470162 1.292692 
0.366348 1.136708 
0.366348 1.019546 
0.366348 1.147079 
0.470162 1.119210 
0.470162 0.858395 
0.550120 0.887041 
0.571241 1.332785 
0.523148 1.276302 
0.366348 1.231174 
0.444262 1.313893 
0.598243 1.196486 
0.366348 1.118034 
0.444262 0.725476 
0.410391 1.039990 
0.410391 0.998683 
0.410391 0.894427 
0.571241 1.281447 
0.366348 0.718185 
0.223607 1.145931 
0.470162 0.988087 
0.470162 1.020836 
0.366348 1.118034 
0.366348 1.128576 
0.732695 1.316894 
0.366348 0.812728 
0.366348 1.260743 
0.550120 1.136708 
0.598243 0.988087 
0.571241 0.759155 
0.410391 1.218282 
0.550120 0.998683 
0.606977 1.531253 
0.489360 1.046297 
0.656947 1.136708 
0.366348 1.128576 
0.307793 1.417930 
0.223607 1.080935 
0.550120 1.292692 
0.502625 1.056309 
0.571241 1.371707 
0.550120 0.875094 
0.571241 1.069924 
0.223607 1.225819 
0.470162 1.631112 
0.604805 1.174286 
0.523148 1.234376 
0.223607 1.196486 
0.550120 1.605091 
0.571241 1.301821 
0.820783 1.341641 
0.587143 1.301821 
0.571241 0.745160 
0.587143 1.190975 
0.366348 1.187656 
0.410391 1.128576 
0.489360 1.050063 
0.470162 1.069924 
0.470162 1.669384 
0.307793 1.136708 
0.410391 1.151658 
0.825578 1.118034 
0.470162 1.164158 
0.598243 1.039990 
0.470162 1.100239 
0.571241 0.887041 
0.523148 1.099043 
0.587143 1.234376 
0.470162 1.095445 
0.604805 1.136708 
0.410391 1.182103 
0.571241 0.753937 
0.470162 1.251315 
0.571241 1.297771 
0.470162 1.174286 
0.502625 1.380313 
0.410391 0.911909 
0.307793 1.231174 
0.444262 0.864505 
0.550120 1.174286 
0.223607 0.944513 
0.366348 1.276302 
0.571241 0.833509 
0.571241 0.833509 
0.470162 0.882580 
0.489360 1.050063 
0.410391 0.944513 
0.410391 1.099043 
0.523148 1.268028 
0.604805 1.196486 
0.366348 0.988087 
0.444262 1.069924 
0.571241 1.234376 
0.470162 1.128576 
0.988087 1.005249 
0.598243 1.348488 
0.470162 1.069924 
0.307793 1.268028 
0.670820 0.917663 
0.686333 1.145931 
0.410391 0.718185 
0.604805 0.858395 
0.366348 1.145931 
0.686333 1.071153 
0.502625 0.944513 
0.670820 1.069924 
0.638666 0.933302 
0.366348 1.225819 
0.571241 1.046297 
0.307793 1.292692 
0.366348 1.164158 
0.307793 1.039990 
0.444262 1.031096 
0.550120 1.005249 
0.307793 1.234376 
0.410391 0.933302 
0.444262 0.858395 
0.366348 0.944513 
0.444262 1.234376 
0.410391 0.933302 
0.366348 0.978721 
0.366348 0.716350 
0.307793 0.887041 
0.571241 0.894427 
0.550120 1.190975 
0.444262 0.745160 
