1.904979 2.406132 1.904979 2.406132 
1.935811 2.416500 1.935811 2.416500 
2.077448 2.386364 2.077448 2.386364 
1.970837 2.300458 1.970841 2.300455 
1.970837 2.087558 1.970841 2.087555 
2.048748 2.028740 2.048748 2.028740 
2.007221 2.048748 2.007224 2.048748 
1.957443 1.980830 1.957439 1.980827 
2.013115 1.980830 2.013115 1.980827 
2.002629 2.026145 2.002629 2.026145 
2.049391 2.023546 2.049388 2.023543 
2.000000 2.023546 2.000000 2.023543 
1.997364 2.015727 1.997367 2.015727 
2.002629 1.926956 2.002629 1.926953 
1.957446 1.926956 1.957439 1.926953 
1.904982 1.930364 1.904979 1.930371 
1.877144 1.932410 1.877147 1.932413 
1.930364 1.849609 1.930367 1.849609 
1.926960 1.877147 1.926953 1.877144 
2.041667 1.902907 2.041671 1.902904 
2.109500 1.949358 2.109503 1.949362 
2.139229 1.860249 2.139233 1.860249 
1.962815 1.926956 1.962811 1.926953 
1.888330 1.904979 1.888330 1.904982 
1.894587 1.904979 1.894592 1.904982 
1.871529 1.904979 1.871533 1.904982 
1.930371 1.863782 1.930366 1.863782 
1.960129 1.832457 1.960129 1.832453 
2.062188 1.843194 2.062191 1.843199 
2.154557 1.888330 2.154554 1.888330 
2.154557 1.888330 2.154554 1.888330 
2.154557 1.888330 2.154554 1.888330 
2.154557 1.984147 2.154554 1.984152 
2.154557 1.984147 2.154554 1.984152 
2.092590 1.904979 2.092594 1.904982 
2.187888 1.960129 2.187885 1.960129 
2.152110 1.960129 2.152110 1.960129 
2.100123 1.986137 2.100126 1.986132 
2.092590 1.986137 2.092593 1.986132 
2.092590 1.930367 2.092593 1.930364 
2.092590 1.930367 2.092593 1.930364 
2.092590 1.930367 2.092593 1.930364 
2.149051 1.930367 2.149051 1.930364 
2.134304 1.871531 2.134307 1.871536 
2.186084 1.871531 2.186080 1.871536 
2.186084 1.894590 2.186080 1.894593 
2.211807 1.935813 2.211810 1.935808 
2.211807 2.049389 2.211810 2.049394 
2.212405 2.012460 2.212405 2.012464 
2.139235 2.012460 2.139233 2.012464 
2.139235 1.932412 2.139233 1.932413 
2.059002 1.932412 2.058997 1.932413 
1.976170 1.932412 1.976173 1.932413 
1.976170 1.843194 1.976173 1.843199 
1.976170 1.831738 1.976173 1.831738 
1.976170 1.922171 1.976173 1.922173 
2.041674 1.922171 2.041672 1.922173 
2.041674 1.922171 2.041672 1.922173 
1.970844 1.954079 1.970839 1.954075 
1.932407 1.954079 1.932410 1.954075 
1.932407 1.954079 1.932410 1.954075 
1.932407 1.954079 1.932410 1.954075 
1.932407 1.932410 1.932410 1.932407 
1.932407 1.960129 1.932410 1.960129 
1.919430 1.932412 1.919430 1.932413 
1.919430 1.932412 1.919430 1.932413 
1.919430 1.954077 1.919430 1.954082 
1.814420 2.002629 1.814417 2.002626 
1.860249 2.099499 1.860249 2.099499 
1.860249 2.117596 1.860249 2.117598 
1.755440 2.117596 1.755442 2.117598 
1.755440 2.117596 1.755442 2.117598 
1.759191 2.058999 1.759187 2.058996 
1.877144 2.023545 1.877147 2.023549 
1.877144 1.986135 1.877147 1.986132 
1.877144 1.986135 1.877147 1.986132 
1.877144 1.986135 1.877147 1.986132 
1.877144 1.919430 1.877147 1.919430 
1.877144 1.919430 1.877147 1.919430 
1.877849 1.919430 1.877849 1.919430 
1.904982 1.919430 1.904981 1.919430 
1.957439 1.959458 1.957441 1.959460 
1.954082 1.959458 1.954079 1.959460 
1.894587 1.970839 1.894590 1.970837 
1.785170 1.970839 1.785173 1.970837 
1.785170 1.871533 1.785173 1.871536 
1.785170 1.852451 1.785173 1.852448 
1.785170 1.852451 1.785173 1.852448 
1.785170 1.852451 1.785173 1.852448 
1.774087 2.002631 1.774082 2.002632 
1.731287 2.002631 1.731290 2.002632 
1.731287 2.033275 1.731290 2.033273 
1.761432 2.033275 1.761429 2.033273 
1.725205 2.064104 1.725200 2.064101 
1.725205 2.064104 1.725200 2.064101 
1.725205 2.064104 1.725200 2.064101 
1.725205 2.013115 1.725200 2.013115 
1.725205 1.984147 1.725200 1.984145 
1.725205 1.984147 1.725200 1.984145 
1.641561 1.980830 1.641565 1.980833 
1.641561 1.976173 1.641565 1.976170 
1.681947 1.976173 1.681947 1.976170 
1.814413 1.976173 1.814416 1.976170 
1.902910 2.048748 1.902906 2.048748 
1.902910 2.048748 1.902906 2.048748 
1.902910 2.142307 1.902906 2.142308 
1.902910 2.142307 1.902906 2.142308 
1.960129 2.149663 1.960129 2.149667 
1.960129 2.187885 1.960129 2.187882 
1.959460 2.187885 1.959458 2.187882 
1.871536 2.187885 1.871532 2.187882 
1.802776 2.187885 1.802776 2.187882 
1.814413 2.211811 1.814416 2.211813 
1.860960 2.211811 1.860956 2.211813 
1.932407 2.211811 1.932410 2.211813 
1.919430 2.174009 1.919430 2.174007 
1.919430 2.174009 1.919430 2.174007 
1.932413 2.174009 1.932411 2.174007 
1.932413 2.183069 1.932411 2.183072 
1.932413 2.183069 1.932411 2.183072 
1.932413 2.183069 1.932411 2.183072 
1.916683 2.183069 1.916686 2.183072 
1.852448 2.183069 1.852451 2.183072 
1.852448 2.261811 1.852451 2.261808 
1.852448 2.291288 1.852451 2.291288 
1.852448 2.291288 1.852451 2.291288 
1.773341 2.412140 1.773341 2.412138 
1.773341 2.412140 1.773341 2.412138 
1.719856 2.326054 1.719853 2.326057 
1.719856 2.326054 1.719853 2.326057 
1.719856 2.326054 1.719853 2.326057 
1.719856 2.416500 1.719853 2.416497 
1.725197 2.416500 1.725200 2.416497 
1.761424 2.459675 1.761428 2.459677 
1.761424 2.412140 1.761428 2.412143 
1.701393 2.412140 1.701393 2.412143 
1.759184 2.412140 1.759186 2.412143 
1.694423 2.386364 1.694418 2.386362 
1.694423 2.386364 1.694418 2.386362 
1.694423 2.386364 1.694418 2.386362 
1.694423 2.446802 1.694418 2.446802 
1.694423 2.446802 1.694418 2.446802 
1.694423 2.446802 1.694418 2.446802 
1.657514 2.446802 1.657518 2.446802 
1.743409 2.525658 1.743409 2.525660 
1.743409 2.525658 1.743409 2.525660 
1.704486 2.525658 1.704483 2.525660 
1.704486 2.531902 1.704483 2.531905 
1.725197 2.531902 1.725200 2.531905 
1.700615 2.531902 1.700619 2.531905 
1.700615 2.523051 1.700619 2.523049 
1.777047 2.523051 1.777047 2.523049 
1.777047 2.523051 1.777047 2.523049 
1.777047 2.533980 1.777047 2.533980 
1.700622 2.533980 1.700619 2.533980 
1.700622 2.533980 1.700619 2.533980 
1.755447 2.459675 1.755443 2.459677 
1.755447 2.459675 1.755443 2.459677 
1.755447 2.403944 1.755443 2.403942 
1.755447 2.403944 1.755443 2.403942 
1.755447 2.403944 1.755443 2.403942 
1.838194 2.403944 1.838192 2.403942 
1.785170 2.403944 1.785173 2.403942 
1.759184 2.403944 1.759187 2.403942 
1.761417 2.412140 1.761429 2.412143 
1.731294 2.412140 1.731291 2.412143 
1.759184 2.412140 1.759186 2.412143 
1.694415 2.412140 1.694418 2.412143 
1.719841 2.412140 1.719853 2.412143 
1.773341 2.412140 1.773341 2.412143 
1.794732 2.412140 1.794729 2.412143 
1.755440 2.412140 1.755443 2.412143 
1.682727 2.412140 1.682730 2.412143 
1.669371 2.412140 1.669383 2.412143 
1.669371 2.419221 1.669383 2.419218 
1.669371 2.419221 1.669383 2.419218 
1.669371 2.419221 1.669383 2.419218 
1.618963 2.419221 1.618966 2.419218 
1.565244 2.419221 1.565248 2.419218 
1.565244 2.419221 1.565248 2.419218 
1.507860 2.419221 1.507874 2.419218 
1.507860 2.419221 1.507874 2.419218 
1.446411 2.419221 1.446411 2.419218 
1.446411 2.446802 1.446411 2.446802 
1.446411 2.446802 1.446411 2.446802 
1.446411 2.446802 1.446411 2.446802 
1.446411 2.446802 1.446411 2.446802 
1.446411 2.446802 1.446411 2.446802 
1.446411 2.446802 1.446411 2.446802 
1.417934 2.446802 1.417930 2.446802 
1.417934 2.446802 1.417930 2.446802 
1.417934 2.408319 1.417930 2.408321 
1.417934 2.408319 1.417930 2.408321 
1.417934 2.408319 1.417930 2.408321 
1.417934 2.408319 1.417930 2.408321 
1.417934 2.408319 1.417930 2.408321 
1.417934 2.323224 1.417930 2.323221 
1.417934 2.350251 1.417930 2.350249 
1.417934 2.350251 1.417930 2.350249 
1.460890 2.350251 1.460894 2.350249 
1.460890 2.350251 1.460894 2.350249 
1.460890 2.350251 1.460894 2.350249 
1.460890 2.350251 1.460894 2.350249 
1.429019 2.350251 1.429023 2.350249 
1.429019 2.350251 1.429023 2.350249 
1.429019 2.259483 1.429023 2.259483 
1.429019 2.282081 1.429023 2.282084 
1.429019 2.280351 1.429023 2.280349 
1.429019 2.280351 1.429023 2.280349 
1.429019 2.368099 1.429023 2.368103 
1.429019 2.430074 1.429023 2.430072 
1.431768 2.430074 1.431782 2.430072 
1.431768 2.430074 1.431782 2.430072 
1.431768 2.430074 1.431782 2.430072 
1.395481 2.430074 1.395481 2.430072 
1.465387 2.430074 1.465390 2.430072 
1.460890 2.430074 1.460894 2.430072 
1.525213 2.430074 1.525226 2.430072 
1.446411 2.430074 1.446411 2.430072 
1.446411 2.403397 1.446411 2.403397 
1.446411 2.330575 1.446411 2.330577 
1.446411 2.330575 1.446411 2.330577 
1.507877 2.330575 1.507874 2.330577 
1.507877 2.330575 1.507874 2.330577 
1.507877 2.323224 1.507874 2.323221 
1.507877 2.359750 1.507874 2.359753 
1.507877 2.359750 1.507874 2.359753 
1.424408 2.359750 1.424411 2.359753 
1.394524 2.359750 1.394538 2.359753 
1.394524 2.372540 1.394538 2.372537 
1.414214 2.372540 1.414214 2.372537 
1.414214 2.372540 1.414214 2.372537 
1.414214 2.427908 1.414214 2.427908 
1.414214 2.468752 1.414214 2.468750 
1.414214 2.468752 1.414214 2.468750 
1.372662 2.455392 1.372665 2.455395 
1.372662 2.455392 1.372665 2.455395 
1.372662 2.336777 1.372665 2.336777 
1.372662 2.336777 1.372665 2.336777 
1.372662 2.336777 1.372665 2.336777 
1.372662 2.336777 1.372665 2.336777 
1.372662 2.336777 1.372665 2.336777 
1.472542 2.336777 1.472556 2.336777 
1.472542 2.336777 1.472556 2.336777 
1.472542 2.336777 1.472556 2.336777 
1.472542 2.336777 1.472556 2.336777 
1.409554 2.336777 1.409554 2.336777 
1.409554 2.336777 1.409554 2.336777 
1.409554 2.336777 1.409554 2.336777 
1.341645 2.336777 1.341641 2.336777 
1.308873 2.336777 1.308876 2.336777 
1.308873 2.336777 1.308876 2.336777 
1.308873 2.336777 1.308876 2.336777 
1.308873 2.336777 1.308876 2.336777 
1.308873 2.336777 1.308876 2.336777 
1.273202 2.336777 1.273206 2.336777 
1.273202 2.336777 1.273206 2.336777 
1.273202 2.336777 1.273206 2.336777 
1.273202 2.336777 1.273206 2.336777 
1.273202 2.336777 1.273206 2.336777 
1.273202 2.336777 1.273206 2.336777 
1.273202 2.336777 1.273206 2.336777 
1.273202 2.364207 1.273206 2.364209 
1.234359 2.364207 1.234376 2.364209 
1.234359 2.364207 1.234376 2.364209 
1.235442 2.364207 1.235442 2.364209 
1.316898 2.345769 1.316894 2.345767 
1.313890 2.257153 1.313893 2.257150 
1.348485 2.236068 1.348488 2.236068 
1.348485 2.236068 1.348488 2.236068 
1.348485 2.236068 1.348488 2.236068 
1.348485 2.235480 1.348488 2.235482 
1.348485 2.235480 1.348488 2.235482 
1.348485 2.235480 1.348488 2.235482 
1.348485 2.235480 1.348488 2.235482 
1.348485 2.235480 1.348488 2.235482 
1.341625 2.235480 1.341641 2.235482 
1.341625 2.137386 1.341641 2.137384 
1.251315 2.137386 1.251315 2.137384 
1.251315 2.137386 1.251315 2.137384 
1.251315 2.058998 1.251315 2.058996 
1.251315 2.058998 1.251315 2.058996 
1.196490 2.058998 1.196486 2.058996 
1.196490 2.058998 1.196486 2.058996 
1.136704 2.079979 1.136708 2.079970 
1.136704 2.124419 1.136708 2.124419 
1.136704 2.124419 1.136708 2.124419 
1.136704 2.124419 1.136708 2.124419 
1.136704 2.142306 1.136708 2.142308 
1.136704 2.142306 1.136708 2.142308 
1.136704 2.142306 1.136708 2.142308 
1.136704 2.142306 1.136708 2.142308 
1.165283 2.074913 1.165287 2.074910 
1.165283 2.074913 1.165287 2.074910 
1.165283 2.074913 1.165287 2.074910 
1.145913 2.074913 1.145931 2.074910 
1.145913 2.074913 1.145931 2.074910 
1.145913 2.074913 1.145931 2.074910 
1.145913 2.012461 1.145931 2.012451 
1.145913 2.012461 1.145931 2.012451 
1.145913 1.946657 1.145931 1.946657 
1.145913 1.904979 1.145931 1.904982 
1.145913 1.904979 1.145931 1.904982 
1.145913 1.904979 1.145931 1.904982 
1.145913 1.926956 1.145931 1.926953 
1.145913 1.926956 1.145931 1.926953 
1.145913 1.926956 1.145931 1.926953 
1.145913 1.926956 1.145931 1.926953 
1.145913 1.926956 1.145931 1.926953 
1.145913 1.852452 1.145931 1.852441 
1.145913 1.852452 1.145931 1.852441 
1.145913 1.852452 1.145931 1.852441 
1.145913 1.852452 1.145931 1.852441 
1.145913 1.831738 1.145931 1.831738 
1.145913 1.831738 1.145931 1.831738 
1.145913 1.831738 1.145931 1.831738 
1.145913 1.831738 1.145931 1.831738 
1.145913 1.831738 1.145931 1.831738 
1.145913 1.831738 1.145931 1.831738 
1.169795 1.831738 1.169795 1.831738 
1.145936 1.831738 1.145931 1.831738 
1.145936 1.838191 1.145931 1.838194 
1.145936 1.838191 1.145931 1.838194 
1.145936 1.838191 1.145931 1.838194 
1.145936 1.814416 1.145931 1.814413 
1.145936 1.759187 1.145931 1.759184 
1.145936 1.731291 1.145931 1.731279 
1.165283 1.731291 1.165287 1.731279 
1.089418 1.731291 1.089423 1.731279 
1.056290 1.731291 1.056309 1.731279 
1.069924 1.731291 1.069924 1.731279 
1.069924 1.731291 1.069924 1.731279 
1.069924 1.731291 1.069924 1.731279 
1.031101 1.731291 1.031095 1.731279 
1.031101 1.731291 1.031095 1.731279 
1.031101 1.731291 1.031095 1.731279 
0.994718 1.731291 0.994723 1.731279 
0.994718 1.731291 0.994723 1.731279 
0.994718 1.731291 0.994723 1.731279 
0.994718 1.731291 0.994723 1.731279 
0.994718 1.731291 0.994723 1.731279 
0.994718 1.605910 0.994723 1.605910 
0.994718 1.605910 0.994723 1.605910 
0.994718 1.605910 0.994723 1.605910 
0.994718 1.605910 0.994723 1.605910 
0.994718 1.605910 0.994723 1.605910 
0.994718 1.605910 0.994723 1.605910 
0.994718 1.605090 0.994723 1.605094 
0.994718 1.635140 0.994723 1.635137 
0.994718 1.565248 0.994723 1.565244 
0.994718 1.565248 0.994723 1.565244 
0.998663 1.565248 0.998683 1.565244 
0.998663 1.525226 0.998683 1.525213 
0.998663 1.525226 0.998683 1.525213 
0.998663 1.525226 0.998683 1.525213 
0.998663 1.525226 0.998683 1.525213 
0.998663 1.525226 0.998683 1.525213 
0.998663 1.525226 0.998683 1.525213 
0.998663 1.517442 0.998683 1.517442 
0.998663 1.517442 0.998683 1.517442 
0.998663 1.517442 0.998683 1.517442 
0.998663 1.517442 0.998683 1.517442 
0.998663 1.517442 0.998683 1.517442 
0.998663 1.507874 0.998683 1.507877 
0.945905 1.507874 0.945905 1.507877 
0.944519 1.507874 0.944513 1.507877 
0.944519 1.507874 0.944513 1.507877 
0.940319 1.507874 0.940325 1.507877 
0.940319 1.531253 0.940325 1.531250 
0.940319 1.531253 0.940325 1.531250 
0.940319 1.531253 0.940325 1.531250 
0.940319 1.531253 0.940325 1.531250 
0.988082 1.531253 0.988087 1.531250 
0.988082 1.410487 0.988087 1.410483 
0.988082 1.316894 0.988087 1.316879 
0.988082 1.316894 0.988087 1.316879 
0.988082 1.316894 0.988087 1.316879 
0.988082 1.316894 0.988087 1.316879 
0.988082 1.316894 0.988087 1.316879 
0.988082 1.316894 0.988087 1.316879 
0.988082 1.316894 0.988087 1.316879 
0.988082 1.316894 0.988087 1.316879 
0.988082 1.316894 0.988087 1.316879 
0.978700 1.316894 0.978721 1.316879 
0.978700 1.256562 0.978721 1.256562 
0.978700 1.256562 0.978721 1.256562 
0.910465 1.256562 0.910465 1.256562 
0.910465 1.256562 0.910465 1.256562 
0.910465 1.256562 0.910465 1.256562 
0.910465 1.256562 0.910465 1.256562 
0.910465 1.256562 0.910465 1.256562 
0.910465 1.234376 0.910465 1.234380 
0.910465 1.234376 0.910465 1.234380 
0.910465 1.119210 0.910465 1.119206 
0.910465 1.119210 0.910465 1.119206 
0.910465 1.196486 0.910465 1.196469 
0.910465 1.196486 0.910465 1.196469 
0.894433 1.196486 0.894427 1.196469 
0.894433 1.196486 0.894427 1.196469 
0.894433 1.196486 0.894427 1.196469 
0.894433 1.196486 0.894427 1.196469 
0.894433 1.196486 0.894427 1.196469 
0.875088 1.196486 0.875094 1.196469 
0.875088 1.196486 0.875094 1.196469 
0.875088 1.118034 0.875094 1.118034 
0.875088 1.182103 0.875094 1.182099 
0.875088 1.182103 0.875094 1.182099 
0.875088 1.182103 0.875094 1.182099 
0.875088 1.182103 0.875094 1.182099 
0.875088 1.095445 0.875094 1.095440 
0.875088 1.095445 0.875094 1.095440 
0.875088 1.095445 0.875094 1.095440 
0.875088 1.095445 0.875094 1.095440 
0.875088 1.095445 0.875094 1.095440 
0.875088 1.095445 0.875094 1.095440 
0.875088 1.095445 0.875094 1.095440 
0.875088 1.145931 0.875094 1.145913 
0.875088 1.145931 0.875094 1.145913 
0.718178 1.145931 0.718185 1.145913 
0.718178 1.050063 0.718185 1.050068 
0.718178 1.046297 0.718185 1.046292 
0.759128 1.046297 0.759155 1.046292 
0.759128 1.046297 0.759155 1.046292 
0.759128 1.039990 0.759155 1.039985 
0.759128 1.039990 0.759155 1.039985 
0.759128 1.039990 0.759155 1.039985 
0.759128 1.039990 0.759155 1.039985 
0.759128 1.039990 0.759155 1.039985 
0.759128 1.039990 0.759155 1.039985 
0.759128 0.966546 0.759155 0.966546 
0.759128 0.966546 0.759155 0.966546 
0.759128 0.966546 0.759155 0.966546 
0.759128 0.966546 0.759155 0.966546 
0.759128 0.966546 0.759155 0.966546 
0.759128 0.966546 0.759155 0.966546 
0.759128 0.966546 0.759155 0.966546 
0.759128 0.966546 0.759155 0.966546 
0.725476 0.966546 0.725476 0.966546 
0.725476 0.966546 0.725476 0.966546 
0.725476 0.966546 0.725476 0.966546 
0.725476 0.966546 0.725476 0.966546 
0.725476 0.966546 0.725476 0.966546 
0.725476 0.966546 0.725476 0.966546 
0.725476 0.894427 0.725476 0.894433 
0.725476 0.894427 0.725476 0.894433 
0.725476 0.894427 0.725476 0.894433 
0.725476 0.894427 0.725476 0.894433 
0.725476 0.894427 0.725476 0.894433 
0.725476 0.894427 0.725476 0.894433 
0.725476 0.894427 0.725476 0.894433 
0.725476 0.894427 0.725476 0.894433 
0.725476 0.894427 0.725476 0.894433 
0.725476 0.894427 0.725476 0.894433 
0.604814 0.894427 0.604805 0.894433 
0.604814 0.875094 0.604805 0.875088 
0.640715 0.875094 0.640723 0.875088 
0.640715 0.875094 0.640723 0.875088 
0.587134 0.875094 0.587143 0.875088 
0.587134 0.875094 0.587143 0.875088 
0.587134 0.911910 0.587143 0.911904 
0.587134 0.911910 0.587143 0.911904 
0.587134 0.911910 0.587143 0.911904 
0.587134 0.911910 0.587143 0.911904 
0.615554 0.911910 0.615587 0.911904 
0.615554 0.911910 0.615587 0.911904 
0.615554 0.911910 0.615587 0.911904 
0.615554 0.911910 0.615587 0.911904 
0.615554 0.911910 0.615587 0.911904 
0.615554 0.911910 0.615587 0.911904 
0.615554 0.887041 0.615587 0.887018 
0.615554 0.917663 0.615587 0.917663 
0.638666 0.917663 0.638666 0.917663 
0.638666 0.917663 0.638666 0.917663 
0.638666 0.917663 0.638666 0.917663 
0.638666 0.917663 0.638666 0.917663 
0.638666 0.917663 0.638666 0.917663 
0.638666 0.917663 0.638666 0.917663 
0.638666 0.917663 0.638666 0.917663 
0.638666 0.917663 0.638666 0.917663 
0.638666 0.917663 0.638666 0.917663 
0.638666 0.944513 0.638666 0.944519 
0.638666 0.944513 0.638666 0.944519 
0.638666 0.944513 0.638666 0.944519 
0.638666 0.944513 0.638666 0.944519 
0.638666 0.944513 0.638666 0.944519 
0.638666 0.944513 0.638666 0.944519 
0.638666 0.911910 0.638666 0.911904 
0.638666 1.005250 0.638666 1.005229 
0.638666 1.005250 0.638666 1.005229 
0.638666 1.005250 0.638666 1.005229 
0.571250 1.005250 0.571241 1.005229 
0.571250 1.005250 0.571241 1.005229 
0.571250 1.005250 0.571241 1.005229 
0.571250 1.005250 0.571241 1.005229 
0.571250 1.005250 0.571241 1.005229 
0.571250 1.005250 0.571241 1.005229 
0.571250 1.005250 0.571241 1.005229 
0.571250 1.005250 0.571241 1.005229 
0.571250 1.005250 0.571241 1.005229 
0.571250 1.005250 0.571241 1.005229 
0.571250 1.005250 0.571241 1.005229 
0.571250 1.005250 0.571241 1.005229 
0.571250 1.005250 0.571241 1.005229 
0.571250 1.019546 0.571241 1.019546 
0.571250 1.031095 0.571241 1.031101 
0.571250 1.031095 0.571241 1.031101 
0.587134 1.031095 0.587143 1.031101 
0.587134 1.031095 0.587143 1.031101 
0.587134 1.031095 0.587143 1.031101 
0.587134 1.031095 0.587143 1.031101 
0.587134 1.031095 0.587143 1.031101 
0.587134 1.031095 0.587143 1.031101 
0.587134 1.031095 0.587143 1.031101 
0.587134 1.039990 0.587143 1.039985 
0.598234 1.039990 0.598243 1.039985 
0.598234 1.039990 0.598243 1.039985 
0.598234 1.039990 0.598243 1.039985 
0.598234 1.039990 0.598243 1.039985 
0.510378 1.039990 0.510418 1.039985 
0.512989 1.039990 0.512989 1.039985 
0.512989 1.039990 0.512989 1.039985 
0.512989 1.039990 0.512989 1.039985 
0.512989 1.039990 0.512989 1.039985 
0.512989 1.039990 0.512989 1.039985 
0.512989 1.039990 0.512989 1.039985 
0.512989 1.039990 0.512989 1.039985 
0.512989 1.039990 0.512989 1.039985 
0.512989 1.039990 0.512989 1.039985 
0.512989 1.039990 0.512989 1.039985 
0.512989 1.039990 0.512989 1.039985 
0.512989 1.039990 0.512989 1.039985 
0.512989 1.039990 0.512989 1.039985 
0.512989 1.039990 0.512989 1.039985 
0.512989 1.099043 0.512989 1.099024 
0.512989 1.099043 0.512989 1.099024 
0.512989 1.099043 0.512989 1.099024 
0.512989 1.099043 0.512989 1.099024 
0.512989 1.100239 0.512989 1.100239 
0.512989 1.100239 0.512989 1.100239 
0.512989 1.100239 0.512989 1.100239 
0.510428 1.100239 0.510418 1.100239 
0.510428 1.100239 0.510418 1.100239 
0.510428 1.100239 0.510418 1.100239 
0.510428 1.099043 0.510418 1.099047 
0.510428 1.099043 0.510418 1.099047 
0.510428 1.099043 0.510418 1.099047 
0.502614 1.095445 0.502625 1.095440 
0.502614 1.095445 0.502625 1.095440 
0.502614 1.095445 0.502625 1.095440 
0.502614 1.095445 0.502625 1.095440 
0.502614 1.095445 0.502625 1.095440 
0.502614 1.095445 0.502625 1.095440 
0.502614 1.039990 0.502625 1.039985 
0.502614 1.039990 0.502625 1.039985 
0.502614 1.039990 0.502625 1.039985 
0.502614 1.039990 0.502625 1.039985 
0.502614 1.039990 0.502625 1.039985 
0.502614 1.039990 0.502625 1.039985 
0.489350 0.978721 0.489360 0.978700 
0.489350 0.978721 0.489360 0.978700 
0.489350 0.978721 0.489360 0.978700 
0.489350 0.978721 0.489360 0.978700 
0.489350 0.978721 0.489360 0.978700 
0.489350 0.978721 0.489360 0.978700 
0.489350 0.978721 0.489360 0.978700 
0.489350 0.978721 0.489360 0.978700 
0.489350 0.978721 0.489360 0.978700 
0.489350 0.978721 0.489360 0.978700 
0.489350 0.978721 0.489360 0.978700 
0.489350 0.978721 0.489360 0.978700 
0.489350 0.978721 0.489360 0.978700 
0.489350 0.978721 0.489360 0.978700 
0.489350 0.978721 0.489360 0.978700 
0.489350 0.978721 0.489360 0.978700 
0.489350 0.978721 0.489360 0.978700 
0.489350 0.978721 0.489360 0.978700 
0.489350 0.978721 0.489360 0.978700 
0.489350 0.978721 0.489360 0.978700 
0.489350 0.978721 0.489360 0.978700 
0.489350 0.951453 0.489360 0.951459 
0.489350 0.951453 0.489360 0.951459 
0.489350 0.951453 0.489360 0.951459 
0.489350 0.951453 0.489360 0.951459 
0.489350 0.951453 0.489360 0.951459 
0.489350 0.951453 0.489360 0.951459 
0.489350 0.951453 0.489360 0.951459 
0.489350 0.951453 0.489360 0.951459 
0.489350 0.951453 0.489360 0.951459 
0.489350 0.951453 0.489360 0.951459 
0.489350 0.951453 0.489360 0.951459 
0.489350 0.951453 0.489360 0.951459 
0.489350 0.951453 0.489360 0.951459 
0.470119 0.951453 0.470162 0.951459 
0.470119 0.951453 0.470162 0.951459 
0.470119 0.951453 0.470162 0.951459 
0.470119 0.951453 0.470162 0.951459 
0.470119 0.951453 0.470162 0.951459 
0.470119 0.951453 0.470162 0.951459 
0.470119 0.988087 0.470162 0.988082 
0.470119 0.988087 0.470162 0.988082 
0.470119 0.988087 0.470162 0.988082 
0.470119 0.988087 0.470162 0.988082 
0.470119 0.988087 0.470162 0.988082 
0.470119 0.988087 0.470162 0.988082 
0.470119 0.988087 0.470162 0.988082 
0.470119 0.988087 0.470162 0.988082 
0.470119 0.988087 0.470162 0.988082 
0.470119 0.988087 0.470162 0.988082 
0.470119 0.988087 0.470162 0.988082 
0.470119 0.988087 0.470162 0.988082 
0.470119 0.988087 0.470162 0.988082 
0.470119 0.988087 0.470162 0.988082 
0.470119 0.988087 0.470162 0.988082 
0.470119 0.988087 0.470162 0.988082 
0.470119 0.988087 0.470162 0.988082 
0.470119 0.988087 0.470162 0.988082 
0.470119 0.988087 0.470162 0.988082 
0.470119 1.020836 0.470162 1.020831 
0.470119 1.020836 0.470162 1.020831 
0.470119 1.020836 0.470162 1.020831 
0.470119 1.020836 0.470162 1.020831 
0.470119 1.020836 0.470162 1.020831 
0.470119 1.020836 0.470162 1.020831 
0.470119 1.020836 0.470162 1.020831 
0.470119 1.020836 0.470162 1.020831 
0.470119 1.020836 0.470162 1.020831 
0.470119 1.020836 0.470162 1.020831 
0.470119 1.020836 0.470162 1.020831 
0.470119 1.020836 0.470162 1.020831 
0.470119 1.020836 0.470162 1.020831 
0.470119 1.020836 0.470162 1.020831 
0.470119 1.020836 0.470162 1.020831 
0.470119 1.020836 0.470162 1.020831 
0.470119 1.020836 0.470162 1.020831 
0.470119 1.020836 0.470162 1.020831 
0.470119 1.020836 0.470162 1.020831 
0.470119 0.998683 0.470162 0.998663 
0.470119 0.998683 0.470162 0.998663 
0.444262 0.998683 0.444262 0.998663 
0.444262 0.998683 0.444262 0.998663 
0.444262 0.998683 0.444262 0.998663 
0.444262 0.998683 0.444262 0.998663 
0.444262 0.998683 0.444262 0.998663 
0.444262 0.998683 0.444262 0.998663 
0.444262 0.998683 0.444262 0.998663 
0.444262 0.998683 0.444262 0.998663 
0.444262 0.998683 0.444262 0.998663 
0.444262 0.998683 0.444262 0.998663 
0.444262 0.998683 0.444262 0.998663 
0.444262 0.998683 0.444262 0.998663 
0.444262 0.998683 0.444262 0.998663 
0.444262 0.998683 0.444262 0.998663 
0.444262 0.998683 0.444262 0.998663 
0.444262 0.998683 0.444262 0.998663 
0.444262 0.998683 0.444262 0.998663 
0.444262 0.998683 0.444262 0.998663 
0.444262 0.998683 0.444262 0.998663 
0.444262 0.973329 0.444262 0.973329 
0.444262 0.973329 0.444262 0.973329 
0.444262 0.973329 0.444262 0.973329 
0.444262 0.973329 0.444262 0.973329 
0.444262 0.973329 0.444262 0.973329 
0.444262 0.973329 0.444262 0.973329 
0.444262 0.973329 0.444262 0.973329 
0.444262 0.973329 0.444262 0.973329 
0.444262 0.973329 0.444262 0.973329 
0.444262 0.973329 0.444262 0.973329 
0.444262 0.973329 0.444262 0.973329 
0.444262 0.973329 0.444262 0.973329 
0.444262 0.973329 0.444262 0.973329 
0.444262 0.973329 0.444262 0.973329 
0.444262 0.973329 0.444262 0.973329 
0.444262 0.973329 0.444262 0.973329 
0.444262 0.973329 0.444262 0.973329 
0.444262 0.973329 0.444262 0.973329 
0.444262 0.973329 0.444262 0.973329 
0.444262 0.973329 0.444262 0.973329 
0.444262 0.973329 0.444262 0.973329 
0.444262 0.973329 0.444262 0.973329 
0.444262 0.973329 0.444262 0.973329 
0.444262 0.973329 0.444262 0.973329 
0.444262 0.973329 0.444262 0.973329 
0.444262 0.973329 0.444262 0.973329 
0.444262 0.973329 0.444262 0.973329 
0.444262 0.973329 0.444262 0.973329 
0.444262 0.825578 0.444262 0.825584 
0.444262 0.825578 0.444262 0.825584 
0.444262 0.825578 0.444262 0.825584 
0.444262 0.825578 0.444262 0.825584 
0.444262 0.825578 0.444262 0.825584 
0.444262 0.825578 0.444262 0.825584 
0.444262 0.825578 0.444262 0.825584 
0.444262 0.825578 0.444262 0.825584 
0.444262 0.825578 0.444262 0.825584 
0.444262 0.825578 0.444262 0.825584 
0.444262 0.825578 0.444262 0.825584 
0.444262 0.825578 0.444262 0.825584 
0.444262 0.825578 0.444262 0.825584 
0.444262 0.718185 0.444262 0.718178 
0.444262 0.718185 0.444262 0.718178 
0.444262 0.718185 0.444262 0.718178 
0.444262 0.718185 0.444262 0.718178 
0.444262 0.718185 0.444262 0.718178 
0.444262 0.718185 0.444262 0.718178 
0.444262 0.745160 0.444262 0.745153 
0.444262 0.745160 0.444262 0.745153 
0.444262 0.745160 0.444262 0.745153 
0.444262 0.767772 0.444262 0.767745 
0.444262 0.767772 0.444262 0.767745 
0.444262 0.767772 0.444262 0.767745 
0.444262 0.767772 0.444262 0.767745 
0.444262 0.767772 0.444262 0.767745 
0.444262 0.767772 0.444262 0.767745 
0.444262 0.767772 0.444262 0.767745 
0.444262 0.767772 0.444262 0.767745 
0.444262 0.767772 0.444262 0.767745 
0.444262 0.767772 0.444262 0.767745 
0.444262 0.767772 0.444262 0.767745 
0.444262 0.767772 0.444262 0.767745 
0.444262 0.767772 0.444262 0.767745 
0.444262 0.767772 0.444262 0.767745 
0.444262 0.767772 0.444262 0.767745 
0.444262 0.767772 0.444262 0.767745 
0.444262 0.767772 0.444262 0.767745 
0.444262 0.716350 0.444262 0.716350 
0.444262 0.716350 0.444262 0.716350 
0.444262 0.716350 0.444262 0.716350 
0.444262 0.716350 0.444262 0.716350 
0.444262 0.716350 0.444262 0.716350 
0.410404 0.716350 0.410391 0.716350 
0.410404 0.716350 0.410391 0.716350 
0.410404 0.716350 0.410391 0.716350 
0.410404 0.716350 0.410391 0.716350 
0.410404 0.716350 0.410391 0.716350 
0.410404 0.716350 0.410391 0.716350 
0.410404 0.716350 0.410391 0.716350 
0.410404 0.716350 0.410391 0.716350 
0.410404 0.716350 0.410391 0.716350 
0.410404 0.716350 0.410391 0.716350 
0.410404 0.716350 0.410391 0.716350 
0.410404 0.716350 0.410391 0.716350 
0.410404 0.716350 0.410391 0.716350 
0.410404 0.716350 0.410391 0.716350 
0.410404 0.716350 0.410391 0.716350 
0.366334 0.716350 0.366348 0.716350 
0.366334 0.716350 0.366348 0.716350 
0.366334 0.716350 0.366348 0.716350 
0.366334 0.716350 0.366348 0.716350 
0.366334 0.716350 0.366348 0.716350 
0.366334 0.716350 0.366348 0.716350 
0.366334 0.716350 0.366348 0.716350 
0.366334 0.716350 0.366348 0.716350 
0.366334 0.716350 0.366348 0.716350 
0.366334 0.716350 0.366348 0.716350 
0.366334 0.716350 0.366348 0.716350 
0.366334 0.716350 0.366348 0.716350 
0.366334 0.716350 0.366348 0.716350 
0.366334 0.716350 0.366348 0.716350 
0.366334 0.716350 0.366348 0.716350 
0.307777 0.716350 0.307793 0.716350 
0.307777 0.716350 0.307793 0.716350 
0.307777 0.716350 0.307793 0.716350 
0.307777 0.716350 0.307793 0.716350 
0.307777 0.716350 0.307793 0.716350 
0.307777 0.716350 0.307793 0.716350 
0.307777 0.716350 0.307793 0.716350 
0.307777 0.716350 0.307793 0.716350 
0.307777 0.716350 0.307793 0.716350 
0.307777 0.656947 0.307793 0.656955 
0.307777 0.656947 0.307793 0.656955 
0.223515 0.656947 0.223607 0.656955 
0.223515 0.656947 0.223607 0.656955 
0.223515 0.656947 0.223607 0.656955 
0.223515 0.656947 0.223607 0.656955 
0.223515 0.656947 0.223607 0.656955 
0.223515 0.656947 0.223607 0.656955 
0.223515 0.656947 0.223607 0.656955 
0.223515 0.656947 0.223607 0.656955 
0.223515 0.656947 0.223607 0.656955 
0.223515 0.656947 0.223607 0.656955 
0.223515 0.656947 0.223607 0.656955 
0.223515 0.656947 0.223607 0.656955 
0.223515 0.670820 0.223607 0.670813 
0.223515 0.670820 0.223607 0.670813 
0.223515 0.670820 0.223607 0.670813 
0.223515 0.670820 0.223607 0.670813 
0.223515 0.670820 0.223607 0.670813 
0.223515 0.670820 0.223607 0.670813 
0.223515 0.670820 0.223607 0.670813 
0.223515 0.670820 0.223607 0.670813 
0.223515 0.670820 0.223607 0.670813 
0.223515 0.670820 0.223607 0.670813 
0.223515 0.670820 0.223607 0.670813 
0.223515 0.670820 0.223607 0.670813 
0.223515 0.670820 0.223607 0.670813 
0.223515 0.670820 0.223607 0.670813 
0.223515 0.670820 0.223607 0.670813 
0.223515 0.670820 0.223607 0.670813 
0.223515 0.670820 0.223607 0.670813 
0.223515 0.670820 0.223607 0.670813 
0.223515 0.670820 0.223607 0.670813 
0.223515 0.670820 0.223607 0.670813 
0.223515 0.670820 0.223607 0.670813 
0.223515 0.670820 0.223607 0.670813 
0.000000 0.670820 0.000000 0.670813 
0.000000 0.670820 0.000000 0.670813 
0.000000 0.670820 0.000000 0.670813 
0.000000 0.670820 0.000000 0.670813 
0.000000 0.670820 0.000000 0.670813 
0.000000 0.670820 0.000000 0.670813 
0.000000 0.670820 0.000000 0.670813 
0.000000 0.670820 0.000000 0.670813 
0.000000 0.670820 0.000000 0.670813 
0.000000 0.670820 0.000000 0.670813 
0.000000 0.670820 0.000000 0.670813 
0.000000 0.670820 0.000000 0.670813 
0.000000 0.670820 0.000000 0.670813 
0.000000 0.670820 0.000000 0.670813 
0.000000 0.670820 0.000000 0.670813 
0.000000 0.670820 0.000000 0.670813 
0.000000 0.670820 0.000000 0.670813 
0.000000 0.670820 0.000000 0.670813 
0.000000 0.670820 0.000000 0.670813 
0.000000 0.670820 0.000000 0.670813 
0.000000 0.670820 0.000000 0.670813 
0.000000 0.670820 0.000000 0.670813 
0.000000 0.670820 0.000000 0.670813 
0.000000 0.670820 0.000000 0.670813 
0.000000 0.670820 0.000000 0.670813 
0.000000 0.670820 0.000000 0.670813 
0.000000 0.670820 0.000000 0.670813 
0.000000 0.670820 0.000000 0.670813 
0.000000 0.670820 0.000000 0.670813 
0.000000 0.670820 0.000000 0.670813 
0.000000 0.680557 0.000000 0.680550 
0.000000 0.680557 0.000000 0.680550 
0.000000 0.680557 0.000000 0.680550 
0.000000 0.680557 0.000000 0.680550 
0.000000 0.604805 0.000000 0.604771 
0.000000 0.604805 0.000000 0.604771 
0.000000 0.604805 0.000000 0.604771 
0.000000 0.604805 0.000000 0.604771 
0.000000 0.604805 0.000000 0.604771 
0.000000 0.604805 0.000000 0.604771 
0.000000 0.604805 0.000000 0.604771 
0.000000 0.604805 0.000000 0.604771 
0.000000 0.604805 0.000000 0.604771 
0.000000 0.604805 0.000000 0.604771 
0.000000 0.604805 0.000000 0.604771 
0.000000 0.604805 0.000000 0.604771 
0.000000 0.604805 0.000000 0.604771 
0.000000 0.604805 0.000000 0.604771 
0.000000 0.604805 0.000000 0.604771 
0.000000 0.604805 0.000000 0.604771 
0.000000 0.604805 0.000000 0.604771 
0.000000 0.604805 0.000000 0.604771 
0.000000 0.604805 0.000000 0.604771 
0.000000 0.604805 0.000000 0.604771 
0.000000 0.604805 0.000000 0.604771 
0.000000 0.604805 0.000000 0.604771 
0.000000 0.604805 0.000000 0.604771 
0.000000 0.604805 0.000000 0.604771 
0.000000 0.604805 0.000000 0.604771 
0.000000 0.604805 0.000000 0.604771 
0.000000 0.604805 0.000000 0.604771 
0.000000 0.604805 0.000000 0.604771 
0.000000 0.604805 0.000000 0.604771 
0.000000 0.604805 0.000000 0.604771 
0.000000 0.604805 0.000000 0.604771 
0.000000 0.604805 0.000000 0.604771 
0.000000 0.604805 0.000000 0.604771 
0.000000 0.604805 0.000000 0.604771 
0.000000 0.604805 0.000000 0.604771 
0.000000 0.606977 0.000000 0.606977 
0.000000 0.606977 0.000000 0.606977 
0.000000 0.606977 0.000000 0.606977 
0.000000 0.606977 0.000000 0.606977 
0.000000 0.606977 0.000000 0.606977 
0.000000 0.606977 0.000000 0.606977 
0.000000 0.606977 0.000000 0.606977 
0.000000 0.606977 0.000000 0.606977 
0.000000 0.606977 0.000000 0.606977 
0.000000 0.606977 0.000000 0.606977 
0.000000 0.606977 0.000000 0.606977 
0.000000 0.606977 0.000000 0.606977 
0.000000 0.606977 0.000000 0.606977 
0.000000 0.606977 0.000000 0.606977 
0.000000 0.606977 0.000000 0.606977 
0.000000 0.606977 0.000000 0.606977 
0.000000 0.606977 0.000000 0.606977 
0.000000 0.606977 0.000000 0.606977 
0.000000 0.606977 0.000000 0.606977 
0.000000 0.606977 0.000000 0.606977 
0.000000 0.606977 0.000000 0.606977 
0.000000 0.606977 0.000000 0.606977 
0.000000 0.606977 0.000000 0.606977 
0.000000 0.606977 0.000000 0.606977 
0.000000 0.606977 0.000000 0.606977 
0.000000 0.606977 0.000000 0.606977 
0.000000 0.606977 0.000000 0.606977 
0.000000 0.606977 0.000000 0.606977 
0.000000 0.606977 0.000000 0.606977 
0.000000 0.606977 0.000000 0.606977 
0.000000 0.606977 0.000000 0.606977 
0.000000 0.606977 0.000000 0.606977 
0.000000 0.606977 0.000000 0.606977 
0.000000 0.606977 0.000000 0.606977 
0.000000 0.606977 0.000000 0.606977 
0.000000 0.606977 0.000000 0.606977 
0.000000 0.606977 0.000000 0.606977 
0.000000 0.606977 0.000000 0.606977 
0.000000 0.606977 0.000000 0.606977 
0.000000 0.606977 0.000000 0.606977 
0.000000 0.606977 0.000000 0.606977 
0.000000 0.606977 0.000000 0.606977 
0.000000 0.606977 0.000000 0.606977 
0.000000 0.606977 0.000000 0.606977 
0.000000 0.606977 0.000000 0.606977 
0.000000 0.606977 0.000000 0.606977 
0.000000 0.606977 0.000000 0.606977 
0.000000 0.606977 0.000000 0.606977 
0.000000 0.606977 0.000000 0.606977 
0.000000 0.606977 0.000000 0.606977 
0.000000 0.604805 0.000000 0.604814 
0.000000 0.604805 0.000000 0.604814 
0.000000 0.604805 0.000000 0.604814 
0.000000 0.604805 0.000000 0.604814 
0.000000 0.604805 0.000000 0.604814 
0.000000 0.604805 0.000000 0.604814 
0.000000 0.604805 0.000000 0.604814 
0.000000 0.604805 0.000000 0.604814 
0.000000 0.604805 0.000000 0.604814 
0.000000 0.604805 0.000000 0.604814 
0.000000 0.604805 0.000000 0.604814 
0.000000 0.604805 0.000000 0.604814 
0.000000 0.604805 0.000000 0.604814 
0.000000 0.604805 0.000000 0.604814 
0.000000 0.604805 0.000000 0.604814 
0.000000 0.604805 0.000000 0.604814 
0.000000 0.604805 0.000000 0.604814 
0.000000 0.604805 0.000000 0.604814 
0.000000 0.604805 0.000000 0.604814 
0.000000 0.604805 0.000000 0.604814 
0.000000 0.604805 0.000000 0.604814 
0.000000 0.604805 0.000000 0.604814 
0.000000 0.604805 0.000000 0.604814 
0.000000 0.604805 0.000000 0.604814 
0.000000 0.604805 0.000000 0.604814 
0.000000 0.604805 0.000000 0.604814 
0.000000 0.598243 0.000000 0.598234 
0.000000 0.598243 0.000000 0.598234 
0.000000 0.598243 0.000000 0.598234 
0.000000 0.598243 0.000000 0.598234 
0.000000 0.598243 0.000000 0.598234 
0.000000 0.598243 0.000000 0.598234 
0.000000 0.598243 0.000000 0.598234 
0.000000 0.598243 0.000000 0.598234 
0.000000 0.598243 0.000000 0.598234 
0.000000 0.598243 0.000000 0.598234 
0.000000 0.598243 0.000000 0.598234 
0.000000 0.598243 0.000000 0.598234 
0.000000 0.598243 0.000000 0.598234 
0.000000 0.598243 0.000000 0.598234 
0.000000 0.598243 0.000000 0.598234 
0.000000 0.598243 0.000000 0.598234 
0.000000 0.598243 0.000000 0.598234 
0.000000 0.598243 0.000000 0.598234 
0.000000 0.598243 0.000000 0.598234 
0.000000 0.598243 0.000000 0.598234 
0.000000 0.489360 0.000000 0.489350 
0.000000 0.489360 0.000000 0.489350 
0.000000 0.489360 0.000000 0.489350 
0.000000 0.489360 0.000000 0.489350 
0.000000 0.489360 0.000000 0.489350 
0.000000 0.489360 0.000000 0.489350 
0.000000 0.489360 0.000000 0.489350 
0.000000 0.489360 0.000000 0.489350 
0.000000 0.489360 0.000000 0.489350 
0.000000 0.489360 0.000000 0.489350 
0.000000 0.489360 0.000000 0.489350 
0.000000 0.489360 0.000000 0.489350 
0.000000 0.470162 0.000000 0.470119 
0.000000 0.470162 0.000000 0.470119 
0.000000 0.470162 0.000000 0.470119 
0.000000 0.470162 0.000000 0.470119 
0.000000 0.470162 0.000000 0.470119 
0.000000 0.470162 0.000000 0.470119 
0.000000 0.444262 0.000000 0.444262 
0.000000 0.444262 0.000000 0.444262 
0.000000 0.444262 0.000000 0.444262 
0.000000 0.410391 0.000000 0.410404 
0.000000 0.410391 0.000000 0.410404 
0.000000 0.410391 0.000000 0.410404 
0.000000 0.410391 0.000000 0.410404 
0.000000 0.410391 0.000000 0.410404 
0.000000 0.410391 0.000000 0.410404 
0.000000 0.410391 0.000000 0.410404 
0.000000 0.410391 0.000000 0.410404 
0.000000 0.410391 0.000000 0.410404 
0.000000 0.410391 0.000000 0.410404 
