1.904978999999999978e+00 2.406131999999999938e+00 3.068943823510785318e+00
1.935810999999999948e+00 2.416500000000000092e+00 3.096261693998264342e+00
2.077447999999999961e+00 2.386363999999999930e+00 3.163941107732569868e+00
1.970836999999999950e+00 2.300457999999999892e+00 3.029241735209159181e+00
1.970836999999999950e+00 2.087558000000000025e+00 2.870905237713881952e+00
2.048747999999999791e+00 2.028739999999999988e+00 2.883254126001383089e+00
2.007220999999999922e+00 2.048747999999999791e+00 2.868153501879737277e+00
1.957443000000000044e+00 1.980830000000000091e+00 2.784828645922222901e+00
2.013114999999999988e+00 1.980830000000000091e+00 2.824237860401457301e+00
2.002629000000000214e+00 2.026145000000000085e+00 2.848821944710831389e+00
2.049390999999999963e+00 2.023546000000000067e+00 2.880059354422578544e+00
2.000000000000000000e+00 2.023546000000000067e+00 2.845125377574071468e+00
1.997363999999999917e+00 2.015727000000000046e+00 2.837713566769028084e+00
2.002629000000000214e+00 1.926955999999999891e+00 2.779151370036724078e+00
1.957446000000000019e+00 1.926955999999999891e+00 2.746771608425425448e+00
1.904981999999999953e+00 1.930363999999999969e+00 2.712058552616443574e+00
1.877143999999999924e+00 1.932409999999999961e+00 2.694044915148223751e+00
1.930363999999999969e+00 1.849609000000000059e+00 2.673454436749764351e+00
1.926960000000000006e+00 1.877146999999999899e+00 2.690140461241568470e+00
2.041666999999999899e+00 1.902906999999999904e+00 2.790960262980825668e+00
2.109500000000000153e+00 1.949357999999999924e+00 2.872279036264408614e+00
2.139228999999999825e+00 1.860249000000000041e+00 2.834929815082200655e+00
1.962814999999999976e+00 1.926955999999999891e+00 2.750600325412799751e+00
1.888330000000000064e+00 1.904978999999999978e+00 2.682300352186719472e+00
1.894587000000000021e+00 1.904978999999999978e+00 2.686708933064763549e+00
1.871528999999999998e+00 1.904978999999999978e+00 2.670499164628590716e+00
1.930371000000000059e+00 1.863782000000000050e+00 2.683284468923300636e+00
1.960129000000000010e+00 1.832457000000000003e+00 2.683282384224590089e+00
2.062187999999999910e+00 1.843193999999999999e+00 2.765860348784804579e+00
2.154557000000000055e+00 1.888330000000000064e+00 2.864944337181614120e+00
2.154557000000000055e+00 1.888330000000000064e+00 2.864944337181614120e+00
2.154557000000000055e+00 1.888330000000000064e+00 2.864944337181614120e+00
2.154557000000000055e+00 1.984147000000000105e+00 2.928985350570739943e+00
2.154557000000000055e+00 1.984147000000000105e+00 2.928985350570739943e+00
2.092589999999999950e+00 1.904978999999999978e+00 2.829819410941447622e+00
2.187888000000000055e+00 1.960129000000000010e+00 2.937509080357880276e+00
2.152109999999999967e+00 1.960129000000000010e+00 2.910959145838532436e+00
2.100122999999999962e+00 1.986137000000000041e+00 2.890546107208463056e+00
2.092589999999999950e+00 1.986137000000000041e+00 2.885077657684278041e+00
2.092589999999999950e+00 1.930366999999999944e+00 2.846972016509645709e+00
2.092589999999999950e+00 1.930366999999999944e+00 2.846972016509645709e+00
2.092589999999999950e+00 1.930366999999999944e+00 2.846972016509645709e+00
2.149051000000000045e+00 1.930366999999999944e+00 2.888725835950860965e+00
2.134304000000000201e+00 1.871531000000000056e+00 2.838640845259752243e+00
2.186084000000000138e+00 1.871531000000000056e+00 2.877775449721016621e+00
2.186084000000000138e+00 1.894589999999999996e+00 2.892824661668246033e+00
2.211806999999999856e+00 1.935813000000000006e+00 2.939296204232911158e+00
2.211806999999999856e+00 2.049389000000000127e+00 3.015308521290980703e+00
2.212404999999999955e+00 2.012459999999999916e+00 2.990774337128262683e+00
2.139235000000000220e+00 2.012459999999999916e+00 2.937060032894288852e+00
2.139235000000000220e+00 1.932412000000000019e+00 2.882801159110527589e+00
2.059001999999999999e+00 1.932412000000000019e+00 2.823775021801135043e+00
1.976169999999999982e+00 1.932412000000000019e+00 2.763958032721191671e+00
1.976169999999999982e+00 1.843193999999999999e+00 2.702334544525529569e+00
1.976169999999999982e+00 1.831738000000000088e+00 2.694533720246232278e+00
1.976169999999999982e+00 1.922171000000000074e+00 2.756807795647168380e+00
2.041673999999999989e+00 1.922171000000000074e+00 2.804135174259080099e+00
2.041673999999999989e+00 1.922171000000000074e+00 2.804135174259080099e+00
1.970844000000000040e+00 1.954078999999999899e+00 2.775364986911991849e+00
1.932406999999999986e+00 1.954078999999999899e+00 2.748203331613219724e+00
1.932406999999999986e+00 1.954078999999999899e+00 2.748203331613219724e+00
1.932406999999999986e+00 1.954078999999999899e+00 2.748203331613219724e+00
1.932406999999999986e+00 1.932409999999999961e+00 2.732838308745872524e+00
1.932406999999999986e+00 1.960129000000000010e+00 2.752508403309606777e+00
1.919429999999999970e+00 1.932412000000000019e+00 2.723679067482804417e+00
1.919429999999999970e+00 1.932412000000000019e+00 2.723679067482804417e+00
1.919429999999999970e+00 1.954077000000000064e+00 2.739092632027803287e+00
1.814419999999999922e+00 2.002629000000000214e+00 2.702340253935651138e+00
1.860249000000000041e+00 2.099498999999999782e+00 2.805070835647827110e+00
1.860249000000000041e+00 2.117595999999999812e+00 2.818641367967375633e+00
1.755439999999999889e+00 2.117595999999999812e+00 2.750596737585500495e+00
1.755439999999999889e+00 2.117595999999999812e+00 2.750596737585500495e+00
1.759190999999999949e+00 2.058999000000000024e+00 2.708178328043040928e+00
1.877143999999999924e+00 2.023544999999999927e+00 2.760145641766209135e+00
1.877143999999999924e+00 1.986134999999999984e+00 2.732837689099189671e+00
1.877143999999999924e+00 1.986134999999999984e+00 2.732837689099189671e+00
1.877143999999999924e+00 1.986134999999999984e+00 2.732837689099189671e+00
1.877143999999999924e+00 1.919429999999999970e+00 2.684749731657682936e+00
1.877143999999999924e+00 1.919429999999999970e+00 2.684749731657682936e+00
1.877849000000000101e+00 1.919429999999999970e+00 2.685242706293232029e+00
1.904981999999999953e+00 1.919429999999999970e+00 2.704286956893443339e+00
1.957438999999999929e+00 1.959457999999999922e+00 2.769664797856411731e+00
1.954082000000000097e+00 1.959457999999999922e+00 2.767293283424797856e+00
1.894587000000000021e+00 1.970839000000000008e+00 2.733800699482315633e+00
1.785169999999999924e+00 1.970839000000000008e+00 2.659142397996203222e+00
1.785169999999999924e+00 1.871532999999999891e+00 2.586400529498282808e+00
1.785169999999999924e+00 1.852451000000000070e+00 2.572626408225842543e+00
1.785169999999999924e+00 1.852451000000000070e+00 2.572626408225842543e+00
1.785169999999999924e+00 1.852451000000000070e+00 2.572626408225842543e+00
1.774086999999999970e+00 2.002631000000000050e+00 2.675428116345120788e+00
1.731287000000000020e+00 2.002631000000000050e+00 2.647241129653662650e+00
1.731287000000000020e+00 2.033275000000000166e+00 2.670498436995236258e+00
1.761432000000000109e+00 2.033275000000000166e+00 2.690139386026122015e+00
1.725205000000000100e+00 2.064103999999999939e+00 2.690140816916653410e+00
1.725205000000000100e+00 2.064103999999999939e+00 2.690140816916653410e+00
1.725205000000000100e+00 2.064103999999999939e+00 2.690140816916653410e+00
1.725205000000000100e+00 2.013114999999999988e+00 2.651219397796040766e+00
1.725205000000000100e+00 1.984147000000000105e+00 2.629291084994965111e+00
1.725205000000000100e+00 1.984147000000000105e+00 2.629291084994965111e+00
1.641561000000000048e+00 1.980830000000000091e+00 2.572627063066273756e+00
1.641561000000000048e+00 1.976172999999999957e+00 2.569043059711144661e+00
1.681947000000000081e+00 1.976172999999999957e+00 2.595034765997943360e+00
1.814413000000000054e+00 1.976172999999999957e+00 2.682788523252997770e+00
1.902910000000000101e+00 2.048747999999999791e+00 2.796146425994890272e+00
1.902910000000000101e+00 2.048747999999999791e+00 2.796146425994890272e+00
1.902910000000000101e+00 2.142307000000000183e+00 2.865404988888831106e+00
1.902910000000000101e+00 2.142307000000000183e+00 2.865404988888831106e+00
1.960129000000000010e+00 2.149662999999999879e+00 2.909150513502180679e+00
1.960129000000000010e+00 2.187885000000000080e+00 2.937506845926661114e+00
1.959459999999999980e+00 2.187885000000000080e+00 2.937060480280411223e+00
1.871536000000000088e+00 2.187885000000000080e+00 2.879147056425045204e+00
1.802775999999999934e+00 2.187885000000000080e+00 2.834932464698409760e+00
1.814413000000000054e+00 2.211810999999999972e+00 2.860804508226663323e+00
1.860959999999999948e+00 2.211810999999999972e+00 2.890550124339828830e+00
1.932406999999999986e+00 2.211810999999999972e+00 2.937057151873283090e+00
1.919429999999999970e+00 2.174008999999999858e+00 2.900090801506221450e+00
1.919429999999999970e+00 2.174008999999999858e+00 2.900090801506221450e+00
1.932412999999999936e+00 2.174008999999999858e+00 2.908699904536388825e+00
1.932412999999999936e+00 2.183069000000000148e+00 2.915477707225695880e+00
1.932412999999999936e+00 2.183069000000000148e+00 2.915477707225695880e+00
1.932412999999999936e+00 2.183069000000000148e+00 2.915477707225695880e+00
1.916682999999999915e+00 2.183069000000000148e+00 2.905075555170639756e+00
1.852448000000000095e+00 2.183069000000000148e+00 2.863102137798266167e+00
1.852448000000000095e+00 2.261810999999999794e+00 2.923585571250651771e+00
1.852448000000000095e+00 2.291288000000000213e+00 2.946449438162481282e+00
1.852448000000000095e+00 2.291288000000000213e+00 2.946449438162481282e+00
1.773341000000000056e+00 2.412139999999999951e+00 2.993853316694222944e+00
1.773341000000000056e+00 2.412139999999999951e+00 2.993853316694222944e+00
1.719856000000000051e+00 2.326054000000000066e+00 2.892824203378421721e+00
1.719856000000000051e+00 2.326054000000000066e+00 2.892824203378421721e+00
1.719856000000000051e+00 2.326054000000000066e+00 2.892824203378421721e+00
1.719856000000000051e+00 2.416500000000000092e+00 2.966037240281382825e+00
1.725197000000000092e+00 2.416500000000000092e+00 2.969137406522136757e+00
1.761424000000000101e+00 2.459674999999999834e+00 3.025329009116363821e+00
1.761424000000000101e+00 2.412139999999999951e+00 2.986809985147364621e+00
1.701392999999999933e+00 2.412139999999999951e+00 2.951805806629054008e+00
1.759184000000000081e+00 2.412139999999999951e+00 2.985489528612686350e+00
1.694423000000000012e+00 2.386363999999999930e+00 2.926739216846113045e+00
1.694423000000000012e+00 2.386363999999999930e+00 2.926739216846113045e+00
1.694423000000000012e+00 2.386363999999999930e+00 2.926739216846113045e+00
1.694423000000000012e+00 2.446801999999999921e+00 2.976224005368715453e+00
1.694423000000000012e+00 2.446801999999999921e+00 2.976224005368715453e+00
1.694423000000000012e+00 2.446801999999999921e+00 2.976224005368715453e+00
1.657513999999999932e+00 2.446801999999999921e+00 2.955366760217756905e+00
1.743408999999999986e+00 2.525657999999999959e+00 3.068944977389624018e+00
1.743408999999999986e+00 2.525657999999999959e+00 3.068944977389624018e+00
1.704485999999999946e+00 2.525657999999999959e+00 3.047001945709913784e+00
1.704485999999999946e+00 2.531902000000000097e+00 3.052179591996512897e+00
1.725197000000000092e+00 2.531902000000000097e+00 3.063793796327194396e+00
1.700614999999999988e+00 2.531902000000000097e+00 3.050019527122572516e+00
1.700614999999999988e+00 2.523051000000000155e+00 3.042676079839258918e+00
1.777047000000000043e+00 2.523051000000000155e+00 3.086046400948955437e+00
1.777047000000000043e+00 2.523051000000000155e+00 3.086046400948955437e+00
1.777047000000000043e+00 2.533980000000000121e+00 3.094987993613060873e+00
1.700622000000000078e+00 2.533980000000000121e+00 3.051748650738458135e+00
1.700622000000000078e+00 2.533980000000000121e+00 3.051748650738458135e+00
1.755446999999999980e+00 2.459674999999999834e+00 3.021852953972777200e+00
1.755446999999999980e+00 2.459674999999999834e+00 3.021852953972777200e+00
1.755446999999999980e+00 2.403944000000000081e+00 2.976666075485290275e+00
1.755446999999999980e+00 2.403944000000000081e+00 2.976666075485290275e+00
1.755446999999999980e+00 2.403944000000000081e+00 2.976666075485290275e+00
1.838194000000000106e+00 2.403944000000000081e+00 3.026202890880253182e+00
1.785169999999999924e+00 2.403944000000000081e+00 2.994291015254863186e+00
1.759184000000000081e+00 2.403944000000000081e+00 2.978871447543851581e+00
1.761417000000000010e+00 2.412139999999999951e+00 2.986805857013307808e+00
1.731294000000000111e+00 2.412139999999999951e+00 2.969141002720483868e+00
1.759184000000000081e+00 2.412139999999999951e+00 2.985489528612686350e+00
1.694415000000000004e+00 2.412139999999999951e+00 2.947789268557879705e+00
1.719840999999999953e+00 2.412139999999999951e+00 2.962477416771476246e+00
1.773341000000000056e+00 2.412139999999999951e+00 2.993853316694222944e+00
1.794731999999999994e+00 2.412139999999999951e+00 3.006573187438483341e+00
1.755439999999999889e+00 2.412139999999999951e+00 2.983284929938808006e+00
1.682727000000000084e+00 2.412139999999999951e+00 2.941086455058572469e+00
1.669370999999999938e+00 2.412139999999999951e+00 2.933465342430518596e+00
1.669370999999999938e+00 2.419220999999999844e+00 2.939290693769842200e+00
1.669370999999999938e+00 2.419220999999999844e+00 2.939290693769842200e+00
1.669370999999999938e+00 2.419220999999999844e+00 2.939290693769842200e+00
1.618962999999999930e+00 2.419220999999999844e+00 2.910957135069151214e+00
1.565244000000000080e+00 2.419220999999999844e+00 2.881426560989712282e+00
1.565244000000000080e+00 2.419220999999999844e+00 2.881426560989712282e+00
1.507859999999999978e+00 2.419220999999999844e+00 2.850661682213622594e+00
1.507859999999999978e+00 2.419220999999999844e+00 2.850661682213622594e+00
1.446410999999999891e+00 2.419220999999999844e+00 2.818640634731926831e+00
1.446410999999999891e+00 2.446801999999999921e+00 2.842348467047099980e+00
1.446410999999999891e+00 2.446801999999999921e+00 2.842348467047099980e+00
1.446410999999999891e+00 2.446801999999999921e+00 2.842348467047099980e+00
1.446410999999999891e+00 2.446801999999999921e+00 2.842348467047099980e+00
1.446410999999999891e+00 2.446801999999999921e+00 2.842348467047099980e+00
1.446410999999999891e+00 2.446801999999999921e+00 2.842348467047099980e+00
1.417934000000000028e+00 2.446801999999999921e+00 2.827963375922679656e+00
1.417934000000000028e+00 2.446801999999999921e+00 2.827963375922679656e+00
1.417934000000000028e+00 2.408319000000000099e+00 2.794733839584191859e+00
1.417934000000000028e+00 2.408319000000000099e+00 2.794733839584191859e+00
1.417934000000000028e+00 2.408319000000000099e+00 2.794733839584191859e+00
1.417934000000000028e+00 2.408319000000000099e+00 2.794733839584191859e+00
1.417934000000000028e+00 2.408319000000000099e+00 2.794733839584191859e+00
1.417934000000000028e+00 2.323224000000000178e+00 2.721746972540247000e+00
1.417934000000000028e+00 2.350251000000000090e+00 2.744852744931319588e+00
1.417934000000000028e+00 2.350251000000000090e+00 2.744852744931319588e+00
1.460890000000000022e+00 2.350251000000000090e+00 2.767287364026548069e+00
1.460890000000000022e+00 2.350251000000000090e+00 2.767287364026548069e+00
1.460890000000000022e+00 2.350251000000000090e+00 2.767287364026548069e+00
1.460890000000000022e+00 2.350251000000000090e+00 2.767287364026548069e+00
1.429019000000000039e+00 2.350251000000000090e+00 2.750595401974270882e+00
1.429019000000000039e+00 2.350251000000000090e+00 2.750595401974270882e+00
1.429019000000000039e+00 2.259482999999999908e+00 2.673454456251312283e+00
1.429019000000000039e+00 2.282080999999999804e+00 2.692580359603404361e+00
1.429019000000000039e+00 2.280351000000000017e+00 2.691114264679595358e+00
1.429019000000000039e+00 2.280351000000000017e+00 2.691114264679595358e+00
1.429019000000000039e+00 2.368098999999999954e+00 2.765861199728214981e+00
1.429019000000000039e+00 2.430073999999999845e+00 2.819105345288997810e+00
1.431767999999999930e+00 2.430073999999999845e+00 2.820499822956916702e+00
1.431767999999999930e+00 2.430073999999999845e+00 2.820499822956916702e+00
1.431767999999999930e+00 2.430073999999999845e+00 2.820499822956916702e+00
1.395480999999999971e+00 2.430073999999999845e+00 2.802253890502607092e+00
1.465386999999999995e+00 2.430073999999999845e+00 2.837713640458634945e+00
1.460890000000000022e+00 2.430073999999999845e+00 2.835394018046874187e+00
1.525212999999999930e+00 2.430073999999999845e+00 2.869065063891893974e+00
1.446410999999999891e+00 2.430073999999999845e+00 2.827961178375155704e+00
1.446410999999999891e+00 2.403397000000000006e+00 2.805070751430344789e+00
1.446410999999999891e+00 2.330575000000000063e+00 2.742933577676645029e+00
1.446410999999999891e+00 2.330575000000000063e+00 2.742933577676645029e+00
1.507876999999999912e+00 2.330575000000000063e+00 2.775837329123232333e+00
1.507876999999999912e+00 2.330575000000000063e+00 2.775837329123232333e+00
1.507876999999999912e+00 2.323224000000000178e+00 2.769668355833419859e+00
1.507876999999999912e+00 2.359750000000000014e+00 2.800377315582491367e+00
1.507876999999999912e+00 2.359750000000000014e+00 2.800377315582491367e+00
1.424407999999999896e+00 2.359750000000000014e+00 2.756330570335133068e+00
1.394524000000000097e+00 2.359750000000000014e+00 2.741006612373636742e+00
1.394524000000000097e+00 2.372539999999999871e+00 2.752025297517448177e+00
1.414214000000000082e+00 2.372539999999999871e+00 2.762054903400002814e+00
1.414214000000000082e+00 2.372539999999999871e+00 2.762054903400002814e+00
1.414214000000000082e+00 2.427907999999999955e+00 2.809757728748156769e+00
1.414214000000000082e+00 2.468751999999999835e+00 2.845125247735150076e+00
1.414214000000000082e+00 2.468751999999999835e+00 2.845125247735150076e+00
1.372662000000000049e+00 2.455391999999999797e+00 2.813032321163054128e+00
1.372662000000000049e+00 2.455391999999999797e+00 2.813032321163054128e+00
1.372662000000000049e+00 2.336777000000000104e+00 2.710115811911550043e+00
1.372662000000000049e+00 2.336777000000000104e+00 2.710115811911550043e+00
1.372662000000000049e+00 2.336777000000000104e+00 2.710115811911550043e+00
1.372662000000000049e+00 2.336777000000000104e+00 2.710115811911550043e+00
1.372662000000000049e+00 2.336777000000000104e+00 2.710115811911550043e+00
1.472542000000000018e+00 2.336777000000000104e+00 2.762047553807319922e+00
1.472542000000000018e+00 2.336777000000000104e+00 2.762047553807319922e+00
1.472542000000000018e+00 2.336777000000000104e+00 2.762047553807319922e+00
1.472542000000000018e+00 2.336777000000000104e+00 2.762047553807319922e+00
1.409553999999999974e+00 2.336777000000000104e+00 2.728986849848309415e+00
1.409553999999999974e+00 2.336777000000000104e+00 2.728986849848309415e+00
1.409553999999999974e+00 2.336777000000000104e+00 2.728986849848309415e+00
1.341644999999999976e+00 2.336777000000000104e+00 2.694538560450379094e+00
1.308872999999999953e+00 2.336777000000000104e+00 2.678371758710504480e+00
1.308872999999999953e+00 2.336777000000000104e+00 2.678371758710504480e+00
1.308872999999999953e+00 2.336777000000000104e+00 2.678371758710504480e+00
1.308872999999999953e+00 2.336777000000000104e+00 2.678371758710504480e+00
1.308872999999999953e+00 2.336777000000000104e+00 2.678371758710504480e+00
1.273201999999999945e+00 2.336777000000000104e+00 2.661121958973883483e+00
1.273201999999999945e+00 2.336777000000000104e+00 2.661121958973883483e+00
1.273201999999999945e+00 2.336777000000000104e+00 2.661121958973883483e+00
1.273201999999999945e+00 2.336777000000000104e+00 2.661121958973883483e+00
1.273201999999999945e+00 2.336777000000000104e+00 2.661121958973883483e+00
1.273201999999999945e+00 2.336777000000000104e+00 2.661121958973883483e+00
1.273201999999999945e+00 2.336777000000000104e+00 2.661121958973883483e+00
1.273201999999999945e+00 2.364206999999999947e+00 2.685240784669598035e+00
1.234358999999999984e+00 2.364206999999999947e+00 2.667042721766938573e+00
1.234358999999999984e+00 2.364206999999999947e+00 2.667042721766938573e+00
1.235441999999999929e+00 2.364206999999999947e+00 2.667544127884860394e+00
1.316897999999999902e+00 2.345769000000000215e+00 2.690139874386646035e+00
1.313890000000000002e+00 2.257153000000000187e+00 2.611713345202532288e+00
1.348484999999999934e+00 2.236067999999999945e+00 2.611208895482894921e+00
1.348484999999999934e+00 2.236067999999999945e+00 2.611208895482894921e+00
1.348484999999999934e+00 2.236067999999999945e+00 2.611208895482894921e+00
1.348484999999999934e+00 2.235479999999999912e+00 2.610705388515716763e+00
1.348484999999999934e+00 2.235479999999999912e+00 2.610705388515716763e+00
1.348484999999999934e+00 2.235479999999999912e+00 2.610705388515716763e+00
1.348484999999999934e+00 2.235479999999999912e+00 2.610705388515716763e+00
1.348484999999999934e+00 2.235479999999999912e+00 2.610705388515716763e+00
1.341625000000000068e+00 2.235479999999999912e+00 2.607168669462142763e+00
1.341625000000000068e+00 2.137385999999999786e+00 2.523564255893041341e+00
1.251314999999999955e+00 2.137385999999999786e+00 2.476733361147501089e+00
1.251314999999999955e+00 2.137385999999999786e+00 2.476733361147501089e+00
1.251314999999999955e+00 2.058997999999999884e+00 2.409411129971180010e+00
1.251314999999999955e+00 2.058997999999999884e+00 2.409411129971180010e+00
1.196490000000000054e+00 2.058997999999999884e+00 2.381398976254084143e+00
1.196490000000000054e+00 2.058997999999999884e+00 2.381398976254084143e+00
1.136703999999999937e+00 2.079978999999999800e+00 2.370318253749272408e+00
1.136703999999999937e+00 2.124419000000000057e+00 2.409409070950178311e+00
1.136703999999999937e+00 2.124419000000000057e+00 2.409409070950178311e+00
1.136703999999999937e+00 2.124419000000000057e+00 2.409409070950178311e+00
1.136703999999999937e+00 2.142306000000000044e+00 2.425195039837415134e+00
1.136703999999999937e+00 2.142306000000000044e+00 2.425195039837415134e+00
1.136703999999999937e+00 2.142306000000000044e+00 2.425195039837415134e+00
1.136703999999999937e+00 2.142306000000000044e+00 2.425195039837415134e+00
1.165283000000000069e+00 2.074913000000000007e+00 2.379737050108267749e+00
1.165283000000000069e+00 2.074913000000000007e+00 2.379737050108267749e+00
1.165283000000000069e+00 2.074913000000000007e+00 2.379737050108267749e+00
1.145912999999999959e+00 2.074913000000000007e+00 2.370312334089750284e+00
1.145912999999999959e+00 2.074913000000000007e+00 2.370312334089750284e+00
1.145912999999999959e+00 2.074913000000000007e+00 2.370312334089750284e+00
1.145912999999999959e+00 2.012461000000000055e+00 2.315840210396650001e+00
1.145912999999999959e+00 2.012461000000000055e+00 2.315840210396650001e+00
1.145912999999999959e+00 1.946657000000000082e+00 2.258891338514980696e+00
1.145912999999999959e+00 1.904978999999999978e+00 2.223074806210983301e+00
1.145912999999999959e+00 1.904978999999999978e+00 2.223074806210983301e+00
1.145912999999999959e+00 1.904978999999999978e+00 2.223074806210983301e+00
1.145912999999999959e+00 1.926955999999999891e+00 2.241935777292694887e+00
1.145912999999999959e+00 1.926955999999999891e+00 2.241935777292694887e+00
1.145912999999999959e+00 1.926955999999999891e+00 2.241935777292694887e+00
1.145912999999999959e+00 1.926955999999999891e+00 2.241935777292694887e+00
1.145912999999999959e+00 1.926955999999999891e+00 2.241935777292694887e+00
1.145912999999999959e+00 1.852451999999999988e+00 2.178232084942511193e+00
1.145912999999999959e+00 1.852451999999999988e+00 2.178232084942511193e+00
1.145912999999999959e+00 1.852451999999999988e+00 2.178232084942511193e+00
1.145912999999999959e+00 1.852451999999999988e+00 2.178232084942511193e+00
1.145912999999999959e+00 1.831738000000000088e+00 2.160643585650581233e+00
1.145912999999999959e+00 1.831738000000000088e+00 2.160643585650581233e+00
1.145912999999999959e+00 1.831738000000000088e+00 2.160643585650581233e+00
1.145912999999999959e+00 1.831738000000000088e+00 2.160643585650581233e+00
1.145912999999999959e+00 1.831738000000000088e+00 2.160643585650581233e+00
1.145912999999999959e+00 1.831738000000000088e+00 2.160643585650581233e+00
1.169794999999999918e+00 1.831738000000000088e+00 2.173403883927007563e+00
1.145936000000000066e+00 1.831738000000000088e+00 2.160655783955417686e+00
1.145936000000000066e+00 1.838190999999999908e+00 2.166129144020965125e+00
1.145936000000000066e+00 1.838190999999999908e+00 2.166129144020965125e+00
1.145936000000000066e+00 1.838190999999999908e+00 2.166129144020965125e+00
1.145936000000000066e+00 1.814416000000000029e+00 2.145990386080981693e+00
1.145936000000000066e+00 1.759187000000000056e+00 2.099501897371136128e+00
1.145936000000000066e+00 1.731290999999999913e+00 2.076183480036627227e+00
1.165283000000000069e+00 1.731290999999999913e+00 2.086924291096828643e+00
1.089417999999999997e+00 1.731290999999999913e+00 2.045531741480683952e+00
1.056289999999999951e+00 1.731290999999999913e+00 2.028082121310919472e+00
1.069924000000000097e+00 1.731290999999999913e+00 2.035216423984682610e+00
1.069924000000000097e+00 1.731290999999999913e+00 2.035216423984682610e+00
1.069924000000000097e+00 1.731290999999999913e+00 2.035216423984682610e+00
1.031101000000000045e+00 1.731290999999999913e+00 2.015077616093732260e+00
1.031101000000000045e+00 1.731290999999999913e+00 2.015077616093732260e+00
1.031101000000000045e+00 1.731290999999999913e+00 2.015077616093732260e+00
9.947179999999999911e-01 1.731290999999999913e+00 1.996705392942333734e+00
9.947179999999999911e-01 1.731290999999999913e+00 1.996705392942333734e+00
9.947179999999999911e-01 1.731290999999999913e+00 1.996705392942333734e+00
9.947179999999999911e-01 1.731290999999999913e+00 1.996705392942333734e+00
9.947179999999999911e-01 1.731290999999999913e+00 1.996705392942333734e+00
9.947179999999999911e-01 1.605909999999999949e+00 1.889023776352219297e+00
9.947179999999999911e-01 1.605909999999999949e+00 1.889023776352219297e+00
9.947179999999999911e-01 1.605909999999999949e+00 1.889023776352219297e+00
9.947179999999999911e-01 1.605909999999999949e+00 1.889023776352219297e+00
9.947179999999999911e-01 1.605909999999999949e+00 1.889023776352219297e+00
9.947179999999999911e-01 1.605909999999999949e+00 1.889023776352219297e+00
9.947179999999999911e-01 1.605089999999999906e+00 1.888326721630555038e+00
9.947179999999999911e-01 1.635140000000000038e+00 1.913934878496131198e+00
9.947179999999999911e-01 1.565247999999999973e+00 1.854579521354638327e+00
9.947179999999999911e-01 1.565247999999999973e+00 1.854579521354638327e+00
9.986629999999999674e-01 1.565247999999999973e+00 1.856698437838789184e+00
9.986629999999999674e-01 1.525225999999999971e+00 1.823085883507685967e+00
9.986629999999999674e-01 1.525225999999999971e+00 1.823085883507685967e+00
9.986629999999999674e-01 1.525225999999999971e+00 1.823085883507685967e+00
9.986629999999999674e-01 1.525225999999999971e+00 1.823085883507685967e+00
9.986629999999999674e-01 1.525225999999999971e+00 1.823085883507685967e+00
9.986629999999999674e-01 1.525225999999999971e+00 1.823085883507685967e+00
9.986629999999999674e-01 1.517441999999999958e+00 1.816578655311407164e+00
9.986629999999999674e-01 1.517441999999999958e+00 1.816578655311407164e+00
9.986629999999999674e-01 1.517441999999999958e+00 1.816578655311407164e+00
9.986629999999999674e-01 1.517441999999999958e+00 1.816578655311407164e+00
9.986629999999999674e-01 1.517441999999999958e+00 1.816578655311407164e+00
9.986629999999999674e-01 1.507873999999999937e+00 1.808593870233170975e+00
9.459049999999999958e-01 1.507873999999999937e+00 1.780005693502411113e+00
9.445189999999999975e-01 1.507873999999999937e+00 1.779269552720160519e+00
9.445189999999999975e-01 1.507873999999999937e+00 1.779269552720160519e+00
9.403190000000000159e-01 1.507873999999999937e+00 1.777043562110113273e+00
9.403190000000000159e-01 1.531252999999999975e+00 1.796923919304876938e+00
9.403190000000000159e-01 1.531252999999999975e+00 1.796923919304876938e+00
9.403190000000000159e-01 1.531252999999999975e+00 1.796923919304876938e+00
9.403190000000000159e-01 1.531252999999999975e+00 1.796923919304876938e+00
9.880820000000000158e-01 1.531252999999999975e+00 1.822372571329200053e+00
9.880820000000000158e-01 1.410487000000000046e+00 1.722143901041083280e+00
9.880820000000000158e-01 1.316894000000000009e+00 1.646364432912713172e+00
9.880820000000000158e-01 1.316894000000000009e+00 1.646364432912713172e+00
9.880820000000000158e-01 1.316894000000000009e+00 1.646364432912713172e+00
9.880820000000000158e-01 1.316894000000000009e+00 1.646364432912713172e+00
9.880820000000000158e-01 1.316894000000000009e+00 1.646364432912713172e+00
9.880820000000000158e-01 1.316894000000000009e+00 1.646364432912713172e+00
9.880820000000000158e-01 1.316894000000000009e+00 1.646364432912713172e+00
9.880820000000000158e-01 1.316894000000000009e+00 1.646364432912713172e+00
9.880820000000000158e-01 1.316894000000000009e+00 1.646364432912713172e+00
9.787000000000000144e-01 1.316894000000000009e+00 1.640750894327350329e+00
9.787000000000000144e-01 1.256561999999999957e+00 1.592734048686095027e+00
9.787000000000000144e-01 1.256561999999999957e+00 1.592734048686095027e+00
9.104649999999999688e-01 1.256561999999999957e+00 1.551739210070107067e+00
9.104649999999999688e-01 1.256561999999999957e+00 1.551739210070107067e+00
9.104649999999999688e-01 1.256561999999999957e+00 1.551739210070107067e+00
9.104649999999999688e-01 1.256561999999999957e+00 1.551739210070107067e+00
9.104649999999999688e-01 1.256561999999999957e+00 1.551739210070107067e+00
9.104649999999999688e-01 1.234375999999999918e+00 1.533828747155626893e+00
9.104649999999999688e-01 1.234375999999999918e+00 1.533828747155626893e+00
9.104649999999999688e-01 1.119210000000000038e+00 1.442767320230466055e+00
9.104649999999999688e-01 1.119210000000000038e+00 1.442767320230466055e+00
9.104649999999999688e-01 1.196485999999999938e+00 1.503504328035340176e+00
9.104649999999999688e-01 1.196485999999999938e+00 1.503504328035340176e+00
8.944330000000000336e-01 1.196485999999999938e+00 1.493850440869165519e+00
8.944330000000000336e-01 1.196485999999999938e+00 1.493850440869165519e+00
8.944330000000000336e-01 1.196485999999999938e+00 1.493850440869165519e+00
8.944330000000000336e-01 1.196485999999999938e+00 1.493850440869165519e+00
8.944330000000000336e-01 1.196485999999999938e+00 1.493850440869165519e+00
8.750879999999999770e-01 1.196485999999999938e+00 1.482348729530267972e+00
8.750879999999999770e-01 1.196485999999999938e+00 1.482348729530267972e+00
8.750879999999999770e-01 1.118033999999999972e+00 1.419781332776283378e+00
8.750879999999999770e-01 1.182102999999999904e+00 1.470763920672858882e+00
8.750879999999999770e-01 1.182102999999999904e+00 1.470763920672858882e+00
8.750879999999999770e-01 1.182102999999999904e+00 1.470763920672858882e+00
8.750879999999999770e-01 1.182102999999999904e+00 1.470763920672858882e+00
8.750879999999999770e-01 1.095445000000000002e+00 1.402062322355536406e+00
8.750879999999999770e-01 1.095445000000000002e+00 1.402062322355536406e+00
8.750879999999999770e-01 1.095445000000000002e+00 1.402062322355536406e+00
8.750879999999999770e-01 1.095445000000000002e+00 1.402062322355536406e+00
8.750879999999999770e-01 1.095445000000000002e+00 1.402062322355536406e+00
8.750879999999999770e-01 1.095445000000000002e+00 1.402062322355536406e+00
8.750879999999999770e-01 1.095445000000000002e+00 1.402062322355536406e+00
8.750879999999999770e-01 1.145931000000000033e+00 1.441851887159357304e+00
8.750879999999999770e-01 1.145931000000000033e+00 1.441851887159357304e+00
7.181779999999999831e-01 1.145931000000000033e+00 1.352382156213620013e+00
7.181779999999999831e-01 1.050062999999999969e+00 1.272168205723205547e+00
7.181779999999999831e-01 1.046297000000000033e+00 1.269061484677948881e+00
7.591280000000000250e-01 1.046297000000000033e+00 1.292676576949161049e+00
7.591280000000000250e-01 1.046297000000000033e+00 1.292676576949161049e+00
7.591280000000000250e-01 1.039989999999999970e+00 1.287576995943931824e+00
7.591280000000000250e-01 1.039989999999999970e+00 1.287576995943931824e+00
7.591280000000000250e-01 1.039989999999999970e+00 1.287576995943931824e+00
7.591280000000000250e-01 1.039989999999999970e+00 1.287576995943931824e+00
7.591280000000000250e-01 1.039989999999999970e+00 1.287576995943931824e+00
7.591280000000000250e-01 1.039989999999999970e+00 1.287576995943931824e+00
7.591280000000000250e-01 9.665460000000000163e-01 1.229018506980265268e+00
7.591280000000000250e-01 9.665460000000000163e-01 1.229018506980265268e+00
7.591280000000000250e-01 9.665460000000000163e-01 1.229018506980265268e+00
7.591280000000000250e-01 9.665460000000000163e-01 1.229018506980265268e+00
7.591280000000000250e-01 9.665460000000000163e-01 1.229018506980265268e+00
7.591280000000000250e-01 9.665460000000000163e-01 1.229018506980265268e+00
7.591280000000000250e-01 9.665460000000000163e-01 1.229018506980265268e+00
7.591280000000000250e-01 9.665460000000000163e-01 1.229018506980265268e+00
7.254760000000000097e-01 9.665460000000000163e-01 1.208522484975765865e+00
7.254760000000000097e-01 9.665460000000000163e-01 1.208522484975765865e+00
7.254760000000000097e-01 9.665460000000000163e-01 1.208522484975765865e+00
7.254760000000000097e-01 9.665460000000000163e-01 1.208522484975765865e+00
7.254760000000000097e-01 9.665460000000000163e-01 1.208522484975765865e+00
7.254760000000000097e-01 9.665460000000000163e-01 1.208522484975765865e+00
7.254760000000000097e-01 8.944269999999999721e-01 1.151657538031597428e+00
7.254760000000000097e-01 8.944269999999999721e-01 1.151657538031597428e+00
7.254760000000000097e-01 8.944269999999999721e-01 1.151657538031597428e+00
7.254760000000000097e-01 8.944269999999999721e-01 1.151657538031597428e+00
7.254760000000000097e-01 8.944269999999999721e-01 1.151657538031597428e+00
7.254760000000000097e-01 8.944269999999999721e-01 1.151657538031597428e+00
7.254760000000000097e-01 8.944269999999999721e-01 1.151657538031597428e+00
7.254760000000000097e-01 8.944269999999999721e-01 1.151657538031597428e+00
7.254760000000000097e-01 8.944269999999999721e-01 1.151657538031597428e+00
7.254760000000000097e-01 8.944269999999999721e-01 1.151657538031597428e+00
6.048139999999999628e-01 8.944269999999999721e-01 1.079722016504711224e+00
6.048139999999999628e-01 8.750940000000000385e-01 1.063761948667087731e+00
6.407150000000000345e-01 8.750940000000000385e-01 1.084576055452544097e+00
6.407150000000000345e-01 8.750940000000000385e-01 1.084576055452544097e+00
5.871340000000000447e-01 8.750940000000000385e-01 1.053810155005160398e+00
5.871340000000000447e-01 8.750940000000000385e-01 1.053810155005160398e+00
5.871340000000000447e-01 9.119099999999999984e-01 1.084576498941407063e+00
5.871340000000000447e-01 9.119099999999999984e-01 1.084576498941407063e+00
5.871340000000000447e-01 9.119099999999999984e-01 1.084576498941407063e+00
5.871340000000000447e-01 9.119099999999999984e-01 1.084576498941407063e+00
6.155540000000000456e-01 9.119099999999999984e-01 1.100221148231572688e+00
6.155540000000000456e-01 9.119099999999999984e-01 1.100221148231572688e+00
6.155540000000000456e-01 9.119099999999999984e-01 1.100221148231572688e+00
6.155540000000000456e-01 9.119099999999999984e-01 1.100221148231572688e+00
6.155540000000000456e-01 9.119099999999999984e-01 1.100221148231572688e+00
6.155540000000000456e-01 9.119099999999999984e-01 1.100221148231572688e+00
6.155540000000000456e-01 8.870409999999999684e-01 1.079698320178835935e+00
6.155540000000000456e-01 9.176630000000000065e-01 1.104994166719897253e+00
6.386659999999999560e-01 9.176630000000000065e-01 1.118033828256104201e+00
6.386659999999999560e-01 9.176630000000000065e-01 1.118033828256104201e+00
6.386659999999999560e-01 9.176630000000000065e-01 1.118033828256104201e+00
6.386659999999999560e-01 9.176630000000000065e-01 1.118033828256104201e+00
6.386659999999999560e-01 9.176630000000000065e-01 1.118033828256104201e+00
6.386659999999999560e-01 9.176630000000000065e-01 1.118033828256104201e+00
6.386659999999999560e-01 9.176630000000000065e-01 1.118033828256104201e+00
6.386659999999999560e-01 9.176630000000000065e-01 1.118033828256104201e+00
6.386659999999999560e-01 9.176630000000000065e-01 1.118033828256104201e+00
6.386659999999999560e-01 9.445130000000000470e-01 1.140175015830903194e+00
6.386659999999999560e-01 9.445130000000000470e-01 1.140175015830903194e+00
6.386659999999999560e-01 9.445130000000000470e-01 1.140175015830903194e+00
6.386659999999999560e-01 9.445130000000000470e-01 1.140175015830903194e+00
6.386659999999999560e-01 9.445130000000000470e-01 1.140175015830903194e+00
6.386659999999999560e-01 9.445130000000000470e-01 1.140175015830903194e+00
6.386659999999999560e-01 9.119099999999999984e-01 1.113316714891140036e+00
6.386659999999999560e-01 1.005249999999999977e+00 1.190975155935672714e+00
6.386659999999999560e-01 1.005249999999999977e+00 1.190975155935672714e+00
6.386659999999999560e-01 1.005249999999999977e+00 1.190975155935672714e+00
5.712500000000000355e-01 1.005249999999999977e+00 1.156224080790570596e+00
5.712500000000000355e-01 1.005249999999999977e+00 1.156224080790570596e+00
5.712500000000000355e-01 1.005249999999999977e+00 1.156224080790570596e+00
5.712500000000000355e-01 1.005249999999999977e+00 1.156224080790570596e+00
5.712500000000000355e-01 1.005249999999999977e+00 1.156224080790570596e+00
5.712500000000000355e-01 1.005249999999999977e+00 1.156224080790570596e+00
5.712500000000000355e-01 1.005249999999999977e+00 1.156224080790570596e+00
5.712500000000000355e-01 1.005249999999999977e+00 1.156224080790570596e+00
5.712500000000000355e-01 1.005249999999999977e+00 1.156224080790570596e+00
5.712500000000000355e-01 1.005249999999999977e+00 1.156224080790570596e+00
5.712500000000000355e-01 1.005249999999999977e+00 1.156224080790570596e+00
5.712500000000000355e-01 1.005249999999999977e+00 1.156224080790570596e+00
5.712500000000000355e-01 1.005249999999999977e+00 1.156224080790570596e+00
5.712500000000000355e-01 1.019546000000000063e+00 1.168674723186909681e+00
5.712500000000000355e-01 1.031095000000000095e+00 1.178763530791905767e+00
5.712500000000000355e-01 1.031095000000000095e+00 1.178763530791905767e+00
5.871340000000000447e-01 1.031095000000000095e+00 1.186542554222561385e+00
5.871340000000000447e-01 1.031095000000000095e+00 1.186542554222561385e+00
5.871340000000000447e-01 1.031095000000000095e+00 1.186542554222561385e+00
5.871340000000000447e-01 1.031095000000000095e+00 1.186542554222561385e+00
5.871340000000000447e-01 1.031095000000000095e+00 1.186542554222561385e+00
5.871340000000000447e-01 1.031095000000000095e+00 1.186542554222561385e+00
5.871340000000000447e-01 1.031095000000000095e+00 1.186542554222561385e+00
5.871340000000000447e-01 1.039989999999999970e+00 1.194280341484360131e+00
5.982340000000000435e-01 1.039989999999999970e+00 1.199776278668652552e+00
5.982340000000000435e-01 1.039989999999999970e+00 1.199776278668652552e+00
5.982340000000000435e-01 1.039989999999999970e+00 1.199776278668652552e+00
5.982340000000000435e-01 1.039989999999999970e+00 1.199776278668652552e+00
5.103779999999999983e-01 1.039989999999999970e+00 1.158475249189208967e+00
5.129890000000000283e-01 1.039989999999999970e+00 1.159627920593929051e+00
5.129890000000000283e-01 1.039989999999999970e+00 1.159627920593929051e+00
5.129890000000000283e-01 1.039989999999999970e+00 1.159627920593929051e+00
5.129890000000000283e-01 1.039989999999999970e+00 1.159627920593929051e+00
5.129890000000000283e-01 1.039989999999999970e+00 1.159627920593929051e+00
5.129890000000000283e-01 1.039989999999999970e+00 1.159627920593929051e+00
5.129890000000000283e-01 1.039989999999999970e+00 1.159627920593929051e+00
5.129890000000000283e-01 1.039989999999999970e+00 1.159627920593929051e+00
5.129890000000000283e-01 1.039989999999999970e+00 1.159627920593929051e+00
5.129890000000000283e-01 1.039989999999999970e+00 1.159627920593929051e+00
5.129890000000000283e-01 1.039989999999999970e+00 1.159627920593929051e+00
5.129890000000000283e-01 1.039989999999999970e+00 1.159627920593929051e+00
5.129890000000000283e-01 1.039989999999999970e+00 1.159627920593929051e+00
5.129890000000000283e-01 1.039989999999999970e+00 1.159627920593929051e+00
5.129890000000000283e-01 1.099042999999999992e+00 1.212869832244994006e+00
5.129890000000000283e-01 1.099042999999999992e+00 1.212869832244994006e+00
5.129890000000000283e-01 1.099042999999999992e+00 1.212869832244994006e+00
5.129890000000000283e-01 1.099042999999999992e+00 1.212869832244994006e+00
5.129890000000000283e-01 1.100238999999999967e+00 1.213953694027082753e+00
5.129890000000000283e-01 1.100238999999999967e+00 1.213953694027082753e+00
5.129890000000000283e-01 1.100238999999999967e+00 1.213953694027082753e+00
5.104279999999999928e-01 1.100238999999999967e+00 1.212873695116272188e+00
5.104279999999999928e-01 1.100238999999999967e+00 1.212873695116272188e+00
5.104279999999999928e-01 1.100238999999999967e+00 1.212873695116272188e+00
5.104279999999999928e-01 1.099042999999999992e+00 1.211788867349836707e+00
5.104279999999999928e-01 1.099042999999999992e+00 1.211788867349836707e+00
5.104279999999999928e-01 1.099042999999999992e+00 1.211788867349836707e+00
5.026140000000000052e-01 1.095445000000000002e+00 1.205247103718154467e+00
5.026140000000000052e-01 1.095445000000000002e+00 1.205247103718154467e+00
5.026140000000000052e-01 1.095445000000000002e+00 1.205247103718154467e+00
5.026140000000000052e-01 1.095445000000000002e+00 1.205247103718154467e+00
5.026140000000000052e-01 1.095445000000000002e+00 1.205247103718154467e+00
5.026140000000000052e-01 1.095445000000000002e+00 1.205247103718154467e+00
5.026140000000000052e-01 1.039989999999999970e+00 1.155075769417746923e+00
5.026140000000000052e-01 1.039989999999999970e+00 1.155075769417746923e+00
5.026140000000000052e-01 1.039989999999999970e+00 1.155075769417746923e+00
5.026140000000000052e-01 1.039989999999999970e+00 1.155075769417746923e+00
5.026140000000000052e-01 1.039989999999999970e+00 1.155075769417746923e+00
5.026140000000000052e-01 1.039989999999999970e+00 1.155075769417746923e+00
4.893500000000000072e-01 9.787209999999999521e-01 1.094238647800835018e+00
4.893500000000000072e-01 9.787209999999999521e-01 1.094238647800835018e+00
4.893500000000000072e-01 9.787209999999999521e-01 1.094238647800835018e+00
4.893500000000000072e-01 9.787209999999999521e-01 1.094238647800835018e+00
4.893500000000000072e-01 9.787209999999999521e-01 1.094238647800835018e+00
4.893500000000000072e-01 9.787209999999999521e-01 1.094238647800835018e+00
4.893500000000000072e-01 9.787209999999999521e-01 1.094238647800835018e+00
4.893500000000000072e-01 9.787209999999999521e-01 1.094238647800835018e+00
4.893500000000000072e-01 9.787209999999999521e-01 1.094238647800835018e+00
4.893500000000000072e-01 9.787209999999999521e-01 1.094238647800835018e+00
4.893500000000000072e-01 9.787209999999999521e-01 1.094238647800835018e+00
4.893500000000000072e-01 9.787209999999999521e-01 1.094238647800835018e+00
4.893500000000000072e-01 9.787209999999999521e-01 1.094238647800835018e+00
4.893500000000000072e-01 9.787209999999999521e-01 1.094238647800835018e+00
4.893500000000000072e-01 9.787209999999999521e-01 1.094238647800835018e+00
4.893500000000000072e-01 9.787209999999999521e-01 1.094238647800835018e+00
4.893500000000000072e-01 9.787209999999999521e-01 1.094238647800835018e+00
4.893500000000000072e-01 9.787209999999999521e-01 1.094238647800835018e+00
4.893500000000000072e-01 9.787209999999999521e-01 1.094238647800835018e+00
4.893500000000000072e-01 9.787209999999999521e-01 1.094238647800835018e+00
4.893500000000000072e-01 9.787209999999999521e-01 1.094238647800835018e+00
4.893500000000000072e-01 9.514529999999999932e-01 1.069918797717378300e+00
4.893500000000000072e-01 9.514529999999999932e-01 1.069918797717378300e+00
4.893500000000000072e-01 9.514529999999999932e-01 1.069918797717378300e+00
4.893500000000000072e-01 9.514529999999999932e-01 1.069918797717378300e+00
4.893500000000000072e-01 9.514529999999999932e-01 1.069918797717378300e+00
4.893500000000000072e-01 9.514529999999999932e-01 1.069918797717378300e+00
4.893500000000000072e-01 9.514529999999999932e-01 1.069918797717378300e+00
4.893500000000000072e-01 9.514529999999999932e-01 1.069918797717378300e+00
4.893500000000000072e-01 9.514529999999999932e-01 1.069918797717378300e+00
4.893500000000000072e-01 9.514529999999999932e-01 1.069918797717378300e+00
4.893500000000000072e-01 9.514529999999999932e-01 1.069918797717378300e+00
4.893500000000000072e-01 9.514529999999999932e-01 1.069918797717378300e+00
4.893500000000000072e-01 9.514529999999999932e-01 1.069918797717378300e+00
4.701190000000000091e-01 9.514529999999999932e-01 1.061260894111339725e+00
4.701190000000000091e-01 9.514529999999999932e-01 1.061260894111339725e+00
4.701190000000000091e-01 9.514529999999999932e-01 1.061260894111339725e+00
4.701190000000000091e-01 9.514529999999999932e-01 1.061260894111339725e+00
4.701190000000000091e-01 9.514529999999999932e-01 1.061260894111339725e+00
4.701190000000000091e-01 9.514529999999999932e-01 1.061260894111339725e+00
4.701190000000000091e-01 9.880870000000000486e-01 1.094224745529911891e+00
4.701190000000000091e-01 9.880870000000000486e-01 1.094224745529911891e+00
4.701190000000000091e-01 9.880870000000000486e-01 1.094224745529911891e+00
4.701190000000000091e-01 9.880870000000000486e-01 1.094224745529911891e+00
4.701190000000000091e-01 9.880870000000000486e-01 1.094224745529911891e+00
4.701190000000000091e-01 9.880870000000000486e-01 1.094224745529911891e+00
4.701190000000000091e-01 9.880870000000000486e-01 1.094224745529911891e+00
4.701190000000000091e-01 9.880870000000000486e-01 1.094224745529911891e+00
4.701190000000000091e-01 9.880870000000000486e-01 1.094224745529911891e+00
4.701190000000000091e-01 9.880870000000000486e-01 1.094224745529911891e+00
4.701190000000000091e-01 9.880870000000000486e-01 1.094224745529911891e+00
4.701190000000000091e-01 9.880870000000000486e-01 1.094224745529911891e+00
4.701190000000000091e-01 9.880870000000000486e-01 1.094224745529911891e+00
4.701190000000000091e-01 9.880870000000000486e-01 1.094224745529911891e+00
4.701190000000000091e-01 9.880870000000000486e-01 1.094224745529911891e+00
4.701190000000000091e-01 9.880870000000000486e-01 1.094224745529911891e+00
4.701190000000000091e-01 9.880870000000000486e-01 1.094224745529911891e+00
4.701190000000000091e-01 9.880870000000000486e-01 1.094224745529911891e+00
4.701190000000000091e-01 9.880870000000000486e-01 1.094224745529911891e+00
4.701190000000000091e-01 1.020836000000000077e+00 1.123885231265630669e+00
4.701190000000000091e-01 1.020836000000000077e+00 1.123885231265630669e+00
4.701190000000000091e-01 1.020836000000000077e+00 1.123885231265630669e+00
4.701190000000000091e-01 1.020836000000000077e+00 1.123885231265630669e+00
4.701190000000000091e-01 1.020836000000000077e+00 1.123885231265630669e+00
4.701190000000000091e-01 1.020836000000000077e+00 1.123885231265630669e+00
4.701190000000000091e-01 1.020836000000000077e+00 1.123885231265630669e+00
4.701190000000000091e-01 1.020836000000000077e+00 1.123885231265630669e+00
4.701190000000000091e-01 1.020836000000000077e+00 1.123885231265630669e+00
4.701190000000000091e-01 1.020836000000000077e+00 1.123885231265630669e+00
4.701190000000000091e-01 1.020836000000000077e+00 1.123885231265630669e+00
4.701190000000000091e-01 1.020836000000000077e+00 1.123885231265630669e+00
4.701190000000000091e-01 1.020836000000000077e+00 1.123885231265630669e+00
4.701190000000000091e-01 1.020836000000000077e+00 1.123885231265630669e+00
4.701190000000000091e-01 1.020836000000000077e+00 1.123885231265630669e+00
4.701190000000000091e-01 1.020836000000000077e+00 1.123885231265630669e+00
4.701190000000000091e-01 1.020836000000000077e+00 1.123885231265630669e+00
4.701190000000000091e-01 1.020836000000000077e+00 1.123885231265630669e+00
4.701190000000000091e-01 1.020836000000000077e+00 1.123885231265630669e+00
4.701190000000000091e-01 9.986829999999999874e-01 1.103802341295759382e+00
4.701190000000000091e-01 9.986829999999999874e-01 1.103802341295759382e+00
4.442619999999999902e-01 9.986829999999999874e-01 1.093040008020291998e+00
4.442619999999999902e-01 9.986829999999999874e-01 1.093040008020291998e+00
4.442619999999999902e-01 9.986829999999999874e-01 1.093040008020291998e+00
4.442619999999999902e-01 9.986829999999999874e-01 1.093040008020291998e+00
4.442619999999999902e-01 9.986829999999999874e-01 1.093040008020291998e+00
4.442619999999999902e-01 9.986829999999999874e-01 1.093040008020291998e+00
4.442619999999999902e-01 9.986829999999999874e-01 1.093040008020291998e+00
4.442619999999999902e-01 9.986829999999999874e-01 1.093040008020291998e+00
4.442619999999999902e-01 9.986829999999999874e-01 1.093040008020291998e+00
4.442619999999999902e-01 9.986829999999999874e-01 1.093040008020291998e+00
4.442619999999999902e-01 9.986829999999999874e-01 1.093040008020291998e+00
4.442619999999999902e-01 9.986829999999999874e-01 1.093040008020291998e+00
4.442619999999999902e-01 9.986829999999999874e-01 1.093040008020291998e+00
4.442619999999999902e-01 9.986829999999999874e-01 1.093040008020291998e+00
4.442619999999999902e-01 9.986829999999999874e-01 1.093040008020291998e+00
4.442619999999999902e-01 9.986829999999999874e-01 1.093040008020291998e+00
4.442619999999999902e-01 9.986829999999999874e-01 1.093040008020291998e+00
4.442619999999999902e-01 9.986829999999999874e-01 1.093040008020291998e+00
4.442619999999999902e-01 9.986829999999999874e-01 1.093040008020291998e+00
4.442619999999999902e-01 9.733289999999999997e-01 1.069924327644249828e+00
4.442619999999999902e-01 9.733289999999999997e-01 1.069924327644249828e+00
4.442619999999999902e-01 9.733289999999999997e-01 1.069924327644249828e+00
4.442619999999999902e-01 9.733289999999999997e-01 1.069924327644249828e+00
4.442619999999999902e-01 9.733289999999999997e-01 1.069924327644249828e+00
4.442619999999999902e-01 9.733289999999999997e-01 1.069924327644249828e+00
4.442619999999999902e-01 9.733289999999999997e-01 1.069924327644249828e+00
4.442619999999999902e-01 9.733289999999999997e-01 1.069924327644249828e+00
4.442619999999999902e-01 9.733289999999999997e-01 1.069924327644249828e+00
4.442619999999999902e-01 9.733289999999999997e-01 1.069924327644249828e+00
4.442619999999999902e-01 9.733289999999999997e-01 1.069924327644249828e+00
4.442619999999999902e-01 9.733289999999999997e-01 1.069924327644249828e+00
4.442619999999999902e-01 9.733289999999999997e-01 1.069924327644249828e+00
4.442619999999999902e-01 9.733289999999999997e-01 1.069924327644249828e+00
4.442619999999999902e-01 9.733289999999999997e-01 1.069924327644249828e+00
4.442619999999999902e-01 9.733289999999999997e-01 1.069924327644249828e+00
4.442619999999999902e-01 9.733289999999999997e-01 1.069924327644249828e+00
4.442619999999999902e-01 9.733289999999999997e-01 1.069924327644249828e+00
4.442619999999999902e-01 9.733289999999999997e-01 1.069924327644249828e+00
4.442619999999999902e-01 9.733289999999999997e-01 1.069924327644249828e+00
4.442619999999999902e-01 9.733289999999999997e-01 1.069924327644249828e+00
4.442619999999999902e-01 9.733289999999999997e-01 1.069924327644249828e+00
4.442619999999999902e-01 9.733289999999999997e-01 1.069924327644249828e+00
4.442619999999999902e-01 9.733289999999999997e-01 1.069924327644249828e+00
4.442619999999999902e-01 9.733289999999999997e-01 1.069924327644249828e+00
4.442619999999999902e-01 9.733289999999999997e-01 1.069924327644249828e+00
4.442619999999999902e-01 9.733289999999999997e-01 1.069924327644249828e+00
4.442619999999999902e-01 9.733289999999999997e-01 1.069924327644249828e+00
4.442619999999999902e-01 8.255780000000000340e-01 9.375221377268911915e-01
4.442619999999999902e-01 8.255780000000000340e-01 9.375221377268911915e-01
4.442619999999999902e-01 8.255780000000000340e-01 9.375221377268911915e-01
4.442619999999999902e-01 8.255780000000000340e-01 9.375221377268911915e-01
4.442619999999999902e-01 8.255780000000000340e-01 9.375221377268911915e-01
4.442619999999999902e-01 8.255780000000000340e-01 9.375221377268911915e-01
4.442619999999999902e-01 8.255780000000000340e-01 9.375221377268911915e-01
4.442619999999999902e-01 8.255780000000000340e-01 9.375221377268911915e-01
4.442619999999999902e-01 8.255780000000000340e-01 9.375221377268911915e-01
4.442619999999999902e-01 8.255780000000000340e-01 9.375221377268911915e-01
4.442619999999999902e-01 8.255780000000000340e-01 9.375221377268911915e-01
4.442619999999999902e-01 8.255780000000000340e-01 9.375221377268911915e-01
4.442619999999999902e-01 8.255780000000000340e-01 9.375221377268911915e-01
4.442619999999999902e-01 7.181849999999999623e-01 8.444870744238777149e-01
4.442619999999999902e-01 7.181849999999999623e-01 8.444870744238777149e-01
4.442619999999999902e-01 7.181849999999999623e-01 8.444870744238777149e-01
4.442619999999999902e-01 7.181849999999999623e-01 8.444870744238777149e-01
4.442619999999999902e-01 7.181849999999999623e-01 8.444870744238777149e-01
4.442619999999999902e-01 7.181849999999999623e-01 8.444870744238777149e-01
4.442619999999999902e-01 7.451600000000000446e-01 8.675437454353527311e-01
4.442619999999999902e-01 7.451600000000000446e-01 8.675437454353527311e-01
4.442619999999999902e-01 7.451600000000000446e-01 8.675437454353527311e-01
4.442619999999999902e-01 7.677720000000000100e-01 8.870414695086132895e-01
4.442619999999999902e-01 7.677720000000000100e-01 8.870414695086132895e-01
4.442619999999999902e-01 7.677720000000000100e-01 8.870414695086132895e-01
4.442619999999999902e-01 7.677720000000000100e-01 8.870414695086132895e-01
4.442619999999999902e-01 7.677720000000000100e-01 8.870414695086132895e-01
4.442619999999999902e-01 7.677720000000000100e-01 8.870414695086132895e-01
4.442619999999999902e-01 7.677720000000000100e-01 8.870414695086132895e-01
4.442619999999999902e-01 7.677720000000000100e-01 8.870414695086132895e-01
4.442619999999999902e-01 7.677720000000000100e-01 8.870414695086132895e-01
4.442619999999999902e-01 7.677720000000000100e-01 8.870414695086132895e-01
4.442619999999999902e-01 7.677720000000000100e-01 8.870414695086132895e-01
4.442619999999999902e-01 7.677720000000000100e-01 8.870414695086132895e-01
4.442619999999999902e-01 7.677720000000000100e-01 8.870414695086132895e-01
4.442619999999999902e-01 7.677720000000000100e-01 8.870414695086132895e-01
4.442619999999999902e-01 7.677720000000000100e-01 8.870414695086132895e-01
4.442619999999999902e-01 7.677720000000000100e-01 8.870414695086132895e-01
4.442619999999999902e-01 7.677720000000000100e-01 8.870414695086132895e-01
4.442619999999999902e-01 7.163500000000000423e-01 8.429270710708014480e-01
4.442619999999999902e-01 7.163500000000000423e-01 8.429270710708014480e-01
4.442619999999999902e-01 7.163500000000000423e-01 8.429270710708014480e-01
4.442619999999999902e-01 7.163500000000000423e-01 8.429270710708014480e-01
4.442619999999999902e-01 7.163500000000000423e-01 8.429270710708014480e-01
4.104039999999999910e-01 7.163500000000000423e-01 8.255838938084971712e-01
4.104039999999999910e-01 7.163500000000000423e-01 8.255838938084971712e-01
4.104039999999999910e-01 7.163500000000000423e-01 8.255838938084971712e-01
4.104039999999999910e-01 7.163500000000000423e-01 8.255838938084971712e-01
4.104039999999999910e-01 7.163500000000000423e-01 8.255838938084971712e-01
4.104039999999999910e-01 7.163500000000000423e-01 8.255838938084971712e-01
4.104039999999999910e-01 7.163500000000000423e-01 8.255838938084971712e-01
4.104039999999999910e-01 7.163500000000000423e-01 8.255838938084971712e-01
4.104039999999999910e-01 7.163500000000000423e-01 8.255838938084971712e-01
4.104039999999999910e-01 7.163500000000000423e-01 8.255838938084971712e-01
4.104039999999999910e-01 7.163500000000000423e-01 8.255838938084971712e-01
4.104039999999999910e-01 7.163500000000000423e-01 8.255838938084971712e-01
4.104039999999999910e-01 7.163500000000000423e-01 8.255838938084971712e-01
4.104039999999999910e-01 7.163500000000000423e-01 8.255838938084971712e-01
4.104039999999999910e-01 7.163500000000000423e-01 8.255838938084971712e-01
3.663339999999999930e-01 7.163500000000000423e-01 8.045855591893257275e-01
3.663339999999999930e-01 7.163500000000000423e-01 8.045855591893257275e-01
3.663339999999999930e-01 7.163500000000000423e-01 8.045855591893257275e-01
3.663339999999999930e-01 7.163500000000000423e-01 8.045855591893257275e-01
3.663339999999999930e-01 7.163500000000000423e-01 8.045855591893257275e-01
3.663339999999999930e-01 7.163500000000000423e-01 8.045855591893257275e-01
3.663339999999999930e-01 7.163500000000000423e-01 8.045855591893257275e-01
3.663339999999999930e-01 7.163500000000000423e-01 8.045855591893257275e-01
3.663339999999999930e-01 7.163500000000000423e-01 8.045855591893257275e-01
3.663339999999999930e-01 7.163500000000000423e-01 8.045855591893257275e-01
3.663339999999999930e-01 7.163500000000000423e-01 8.045855591893257275e-01
3.663339999999999930e-01 7.163500000000000423e-01 8.045855591893257275e-01
3.663339999999999930e-01 7.163500000000000423e-01 8.045855591893257275e-01
3.663339999999999930e-01 7.163500000000000423e-01 8.045855591893257275e-01
3.663339999999999930e-01 7.163500000000000423e-01 8.045855591893257275e-01
3.077770000000000228e-01 7.163500000000000423e-01 7.796691633180062864e-01
3.077770000000000228e-01 7.163500000000000423e-01 7.796691633180062864e-01
3.077770000000000228e-01 7.163500000000000423e-01 7.796691633180062864e-01
3.077770000000000228e-01 7.163500000000000423e-01 7.796691633180062864e-01
3.077770000000000228e-01 7.163500000000000423e-01 7.796691633180062864e-01
3.077770000000000228e-01 7.163500000000000423e-01 7.796691633180062864e-01
3.077770000000000228e-01 7.163500000000000423e-01 7.796691633180062864e-01
3.077770000000000228e-01 7.163500000000000423e-01 7.796691633180062864e-01
3.077770000000000228e-01 7.163500000000000423e-01 7.796691633180062864e-01
3.077770000000000228e-01 6.569469999999999477e-01 7.254695324670774603e-01
3.077770000000000228e-01 6.569469999999999477e-01 7.254695324670774603e-01
2.235149999999999915e-01 6.569469999999999477e-01 6.939296189340817822e-01
2.235149999999999915e-01 6.569469999999999477e-01 6.939296189340817822e-01
2.235149999999999915e-01 6.569469999999999477e-01 6.939296189340817822e-01
2.235149999999999915e-01 6.569469999999999477e-01 6.939296189340817822e-01
2.235149999999999915e-01 6.569469999999999477e-01 6.939296189340817822e-01
2.235149999999999915e-01 6.569469999999999477e-01 6.939296189340817822e-01
2.235149999999999915e-01 6.569469999999999477e-01 6.939296189340817822e-01
2.235149999999999915e-01 6.569469999999999477e-01 6.939296189340817822e-01
2.235149999999999915e-01 6.569469999999999477e-01 6.939296189340817822e-01
2.235149999999999915e-01 6.569469999999999477e-01 6.939296189340817822e-01
2.235149999999999915e-01 6.569469999999999477e-01 6.939296189340817822e-01
2.235149999999999915e-01 6.569469999999999477e-01 6.939296189340817822e-01
2.235149999999999915e-01 6.708199999999999719e-01 7.070773844672165742e-01
2.235149999999999915e-01 6.708199999999999719e-01 7.070773844672165742e-01
2.235149999999999915e-01 6.708199999999999719e-01 7.070773844672165742e-01
2.235149999999999915e-01 6.708199999999999719e-01 7.070773844672165742e-01
2.235149999999999915e-01 6.708199999999999719e-01 7.070773844672165742e-01
2.235149999999999915e-01 6.708199999999999719e-01 7.070773844672165742e-01
2.235149999999999915e-01 6.708199999999999719e-01 7.070773844672165742e-01
2.235149999999999915e-01 6.708199999999999719e-01 7.070773844672165742e-01
2.235149999999999915e-01 6.708199999999999719e-01 7.070773844672165742e-01
2.235149999999999915e-01 6.708199999999999719e-01 7.070773844672165742e-01
2.235149999999999915e-01 6.708199999999999719e-01 7.070773844672165742e-01
2.235149999999999915e-01 6.708199999999999719e-01 7.070773844672165742e-01
2.235149999999999915e-01 6.708199999999999719e-01 7.070773844672165742e-01
2.235149999999999915e-01 6.708199999999999719e-01 7.070773844672165742e-01
2.235149999999999915e-01 6.708199999999999719e-01 7.070773844672165742e-01
2.235149999999999915e-01 6.708199999999999719e-01 7.070773844672165742e-01
2.235149999999999915e-01 6.708199999999999719e-01 7.070773844672165742e-01
2.235149999999999915e-01 6.708199999999999719e-01 7.070773844672165742e-01
2.235149999999999915e-01 6.708199999999999719e-01 7.070773844672165742e-01
2.235149999999999915e-01 6.708199999999999719e-01 7.070773844672165742e-01
2.235149999999999915e-01 6.708199999999999719e-01 7.070773844672165742e-01
2.235149999999999915e-01 6.708199999999999719e-01 7.070773844672165742e-01
0.000000000000000000e+00 6.708199999999999719e-01 6.708199999999999719e-01
0.000000000000000000e+00 6.708199999999999719e-01 6.708199999999999719e-01
0.000000000000000000e+00 6.708199999999999719e-01 6.708199999999999719e-01
0.000000000000000000e+00 6.708199999999999719e-01 6.708199999999999719e-01
0.000000000000000000e+00 6.708199999999999719e-01 6.708199999999999719e-01
0.000000000000000000e+00 6.708199999999999719e-01 6.708199999999999719e-01
0.000000000000000000e+00 6.708199999999999719e-01 6.708199999999999719e-01
0.000000000000000000e+00 6.708199999999999719e-01 6.708199999999999719e-01
0.000000000000000000e+00 6.708199999999999719e-01 6.708199999999999719e-01
0.000000000000000000e+00 6.708199999999999719e-01 6.708199999999999719e-01
0.000000000000000000e+00 6.708199999999999719e-01 6.708199999999999719e-01
0.000000000000000000e+00 6.708199999999999719e-01 6.708199999999999719e-01
0.000000000000000000e+00 6.708199999999999719e-01 6.708199999999999719e-01
0.000000000000000000e+00 6.708199999999999719e-01 6.708199999999999719e-01
0.000000000000000000e+00 6.708199999999999719e-01 6.708199999999999719e-01
0.000000000000000000e+00 6.708199999999999719e-01 6.708199999999999719e-01
0.000000000000000000e+00 6.708199999999999719e-01 6.708199999999999719e-01
0.000000000000000000e+00 6.708199999999999719e-01 6.708199999999999719e-01
0.000000000000000000e+00 6.708199999999999719e-01 6.708199999999999719e-01
0.000000000000000000e+00 6.708199999999999719e-01 6.708199999999999719e-01
0.000000000000000000e+00 6.708199999999999719e-01 6.708199999999999719e-01
0.000000000000000000e+00 6.708199999999999719e-01 6.708199999999999719e-01
0.000000000000000000e+00 6.708199999999999719e-01 6.708199999999999719e-01
0.000000000000000000e+00 6.708199999999999719e-01 6.708199999999999719e-01
0.000000000000000000e+00 6.708199999999999719e-01 6.708199999999999719e-01
0.000000000000000000e+00 6.708199999999999719e-01 6.708199999999999719e-01
0.000000000000000000e+00 6.708199999999999719e-01 6.708199999999999719e-01
0.000000000000000000e+00 6.708199999999999719e-01 6.708199999999999719e-01
0.000000000000000000e+00 6.708199999999999719e-01 6.708199999999999719e-01
0.000000000000000000e+00 6.708199999999999719e-01 6.708199999999999719e-01
0.000000000000000000e+00 6.805569999999999675e-01 6.805569999999999675e-01
0.000000000000000000e+00 6.805569999999999675e-01 6.805569999999999675e-01
0.000000000000000000e+00 6.805569999999999675e-01 6.805569999999999675e-01
0.000000000000000000e+00 6.805569999999999675e-01 6.805569999999999675e-01
0.000000000000000000e+00 6.048050000000000370e-01 6.048050000000000370e-01
0.000000000000000000e+00 6.048050000000000370e-01 6.048050000000000370e-01
0.000000000000000000e+00 6.048050000000000370e-01 6.048050000000000370e-01
0.000000000000000000e+00 6.048050000000000370e-01 6.048050000000000370e-01
0.000000000000000000e+00 6.048050000000000370e-01 6.048050000000000370e-01
0.000000000000000000e+00 6.048050000000000370e-01 6.048050000000000370e-01
0.000000000000000000e+00 6.048050000000000370e-01 6.048050000000000370e-01
0.000000000000000000e+00 6.048050000000000370e-01 6.048050000000000370e-01
0.000000000000000000e+00 6.048050000000000370e-01 6.048050000000000370e-01
0.000000000000000000e+00 6.048050000000000370e-01 6.048050000000000370e-01
0.000000000000000000e+00 6.048050000000000370e-01 6.048050000000000370e-01
0.000000000000000000e+00 6.048050000000000370e-01 6.048050000000000370e-01
0.000000000000000000e+00 6.048050000000000370e-01 6.048050000000000370e-01
0.000000000000000000e+00 6.048050000000000370e-01 6.048050000000000370e-01
0.000000000000000000e+00 6.048050000000000370e-01 6.048050000000000370e-01
0.000000000000000000e+00 6.048050000000000370e-01 6.048050000000000370e-01
0.000000000000000000e+00 6.048050000000000370e-01 6.048050000000000370e-01
0.000000000000000000e+00 6.048050000000000370e-01 6.048050000000000370e-01
0.000000000000000000e+00 6.048050000000000370e-01 6.048050000000000370e-01
0.000000000000000000e+00 6.048050000000000370e-01 6.048050000000000370e-01
0.000000000000000000e+00 6.048050000000000370e-01 6.048050000000000370e-01
0.000000000000000000e+00 6.048050000000000370e-01 6.048050000000000370e-01
0.000000000000000000e+00 6.048050000000000370e-01 6.048050000000000370e-01
0.000000000000000000e+00 6.048050000000000370e-01 6.048050000000000370e-01
0.000000000000000000e+00 6.048050000000000370e-01 6.048050000000000370e-01
0.000000000000000000e+00 6.048050000000000370e-01 6.048050000000000370e-01
0.000000000000000000e+00 6.048050000000000370e-01 6.048050000000000370e-01
0.000000000000000000e+00 6.048050000000000370e-01 6.048050000000000370e-01
0.000000000000000000e+00 6.048050000000000370e-01 6.048050000000000370e-01
0.000000000000000000e+00 6.048050000000000370e-01 6.048050000000000370e-01
0.000000000000000000e+00 6.048050000000000370e-01 6.048050000000000370e-01
0.000000000000000000e+00 6.048050000000000370e-01 6.048050000000000370e-01
0.000000000000000000e+00 6.048050000000000370e-01 6.048050000000000370e-01
0.000000000000000000e+00 6.048050000000000370e-01 6.048050000000000370e-01
0.000000000000000000e+00 6.048050000000000370e-01 6.048050000000000370e-01
0.000000000000000000e+00 6.069769999999999888e-01 6.069769999999999888e-01
0.000000000000000000e+00 6.069769999999999888e-01 6.069769999999999888e-01
0.000000000000000000e+00 6.069769999999999888e-01 6.069769999999999888e-01
0.000000000000000000e+00 6.069769999999999888e-01 6.069769999999999888e-01
0.000000000000000000e+00 6.069769999999999888e-01 6.069769999999999888e-01
0.000000000000000000e+00 6.069769999999999888e-01 6.069769999999999888e-01
0.000000000000000000e+00 6.069769999999999888e-01 6.069769999999999888e-01
0.000000000000000000e+00 6.069769999999999888e-01 6.069769999999999888e-01
0.000000000000000000e+00 6.069769999999999888e-01 6.069769999999999888e-01
0.000000000000000000e+00 6.069769999999999888e-01 6.069769999999999888e-01
0.000000000000000000e+00 6.069769999999999888e-01 6.069769999999999888e-01
0.000000000000000000e+00 6.069769999999999888e-01 6.069769999999999888e-01
0.000000000000000000e+00 6.069769999999999888e-01 6.069769999999999888e-01
0.000000000000000000e+00 6.069769999999999888e-01 6.069769999999999888e-01
0.000000000000000000e+00 6.069769999999999888e-01 6.069769999999999888e-01
0.000000000000000000e+00 6.069769999999999888e-01 6.069769999999999888e-01
0.000000000000000000e+00 6.069769999999999888e-01 6.069769999999999888e-01
0.000000000000000000e+00 6.069769999999999888e-01 6.069769999999999888e-01
0.000000000000000000e+00 6.069769999999999888e-01 6.069769999999999888e-01
0.000000000000000000e+00 6.069769999999999888e-01 6.069769999999999888e-01
0.000000000000000000e+00 6.069769999999999888e-01 6.069769999999999888e-01
0.000000000000000000e+00 6.069769999999999888e-01 6.069769999999999888e-01
0.000000000000000000e+00 6.069769999999999888e-01 6.069769999999999888e-01
0.000000000000000000e+00 6.069769999999999888e-01 6.069769999999999888e-01
0.000000000000000000e+00 6.069769999999999888e-01 6.069769999999999888e-01
0.000000000000000000e+00 6.069769999999999888e-01 6.069769999999999888e-01
0.000000000000000000e+00 6.069769999999999888e-01 6.069769999999999888e-01
0.000000000000000000e+00 6.069769999999999888e-01 6.069769999999999888e-01
0.000000000000000000e+00 6.069769999999999888e-01 6.069769999999999888e-01
0.000000000000000000e+00 6.069769999999999888e-01 6.069769999999999888e-01
0.000000000000000000e+00 6.069769999999999888e-01 6.069769999999999888e-01
0.000000000000000000e+00 6.069769999999999888e-01 6.069769999999999888e-01
0.000000000000000000e+00 6.069769999999999888e-01 6.069769999999999888e-01
0.000000000000000000e+00 6.069769999999999888e-01 6.069769999999999888e-01
0.000000000000000000e+00 6.069769999999999888e-01 6.069769999999999888e-01
0.000000000000000000e+00 6.069769999999999888e-01 6.069769999999999888e-01
0.000000000000000000e+00 6.069769999999999888e-01 6.069769999999999888e-01
0.000000000000000000e+00 6.069769999999999888e-01 6.069769999999999888e-01
0.000000000000000000e+00 6.069769999999999888e-01 6.069769999999999888e-01
0.000000000000000000e+00 6.069769999999999888e-01 6.069769999999999888e-01
0.000000000000000000e+00 6.069769999999999888e-01 6.069769999999999888e-01
0.000000000000000000e+00 6.069769999999999888e-01 6.069769999999999888e-01
0.000000000000000000e+00 6.069769999999999888e-01 6.069769999999999888e-01
0.000000000000000000e+00 6.069769999999999888e-01 6.069769999999999888e-01
0.000000000000000000e+00 6.069769999999999888e-01 6.069769999999999888e-01
0.000000000000000000e+00 6.069769999999999888e-01 6.069769999999999888e-01
0.000000000000000000e+00 6.069769999999999888e-01 6.069769999999999888e-01
0.000000000000000000e+00 6.069769999999999888e-01 6.069769999999999888e-01
0.000000000000000000e+00 6.069769999999999888e-01 6.069769999999999888e-01
0.000000000000000000e+00 6.069769999999999888e-01 6.069769999999999888e-01
0.000000000000000000e+00 6.048050000000000370e-01 6.048050000000000370e-01
0.000000000000000000e+00 6.048050000000000370e-01 6.048050000000000370e-01
0.000000000000000000e+00 6.048050000000000370e-01 6.048050000000000370e-01
0.000000000000000000e+00 6.048050000000000370e-01 6.048050000000000370e-01
0.000000000000000000e+00 6.048050000000000370e-01 6.048050000000000370e-01
0.000000000000000000e+00 6.048050000000000370e-01 6.048050000000000370e-01
0.000000000000000000e+00 6.048050000000000370e-01 6.048050000000000370e-01
0.000000000000000000e+00 6.048050000000000370e-01 6.048050000000000370e-01
0.000000000000000000e+00 6.048050000000000370e-01 6.048050000000000370e-01
0.000000000000000000e+00 6.048050000000000370e-01 6.048050000000000370e-01
0.000000000000000000e+00 6.048050000000000370e-01 6.048050000000000370e-01
0.000000000000000000e+00 6.048050000000000370e-01 6.048050000000000370e-01
0.000000000000000000e+00 6.048050000000000370e-01 6.048050000000000370e-01
0.000000000000000000e+00 6.048050000000000370e-01 6.048050000000000370e-01
0.000000000000000000e+00 6.048050000000000370e-01 6.048050000000000370e-01
0.000000000000000000e+00 6.048050000000000370e-01 6.048050000000000370e-01
0.000000000000000000e+00 6.048050000000000370e-01 6.048050000000000370e-01
0.000000000000000000e+00 6.048050000000000370e-01 6.048050000000000370e-01
0.000000000000000000e+00 6.048050000000000370e-01 6.048050000000000370e-01
0.000000000000000000e+00 6.048050000000000370e-01 6.048050000000000370e-01
0.000000000000000000e+00 6.048050000000000370e-01 6.048050000000000370e-01
0.000000000000000000e+00 6.048050000000000370e-01 6.048050000000000370e-01
0.000000000000000000e+00 6.048050000000000370e-01 6.048050000000000370e-01
0.000000000000000000e+00 6.048050000000000370e-01 6.048050000000000370e-01
0.000000000000000000e+00 6.048050000000000370e-01 6.048050000000000370e-01
0.000000000000000000e+00 6.048050000000000370e-01 6.048050000000000370e-01
0.000000000000000000e+00 5.982429999999999692e-01 5.982429999999999692e-01
0.000000000000000000e+00 5.982429999999999692e-01 5.982429999999999692e-01
0.000000000000000000e+00 5.982429999999999692e-01 5.982429999999999692e-01
0.000000000000000000e+00 5.982429999999999692e-01 5.982429999999999692e-01
0.000000000000000000e+00 5.982429999999999692e-01 5.982429999999999692e-01
0.000000000000000000e+00 5.982429999999999692e-01 5.982429999999999692e-01
0.000000000000000000e+00 5.982429999999999692e-01 5.982429999999999692e-01
0.000000000000000000e+00 5.982429999999999692e-01 5.982429999999999692e-01
0.000000000000000000e+00 5.982429999999999692e-01 5.982429999999999692e-01
0.000000000000000000e+00 5.982429999999999692e-01 5.982429999999999692e-01
0.000000000000000000e+00 5.982429999999999692e-01 5.982429999999999692e-01
0.000000000000000000e+00 5.982429999999999692e-01 5.982429999999999692e-01
0.000000000000000000e+00 5.982429999999999692e-01 5.982429999999999692e-01
0.000000000000000000e+00 5.982429999999999692e-01 5.982429999999999692e-01
0.000000000000000000e+00 5.982429999999999692e-01 5.982429999999999692e-01
0.000000000000000000e+00 5.982429999999999692e-01 5.982429999999999692e-01
0.000000000000000000e+00 5.982429999999999692e-01 5.982429999999999692e-01
0.000000000000000000e+00 5.982429999999999692e-01 5.982429999999999692e-01
0.000000000000000000e+00 5.982429999999999692e-01 5.982429999999999692e-01
0.000000000000000000e+00 5.982429999999999692e-01 5.982429999999999692e-01
0.000000000000000000e+00 4.893600000000000172e-01 4.893600000000000172e-01
0.000000000000000000e+00 4.893600000000000172e-01 4.893600000000000172e-01
0.000000000000000000e+00 4.893600000000000172e-01 4.893600000000000172e-01
0.000000000000000000e+00 4.893600000000000172e-01 4.893600000000000172e-01
0.000000000000000000e+00 4.893600000000000172e-01 4.893600000000000172e-01
0.000000000000000000e+00 4.893600000000000172e-01 4.893600000000000172e-01
0.000000000000000000e+00 4.893600000000000172e-01 4.893600000000000172e-01
0.000000000000000000e+00 4.893600000000000172e-01 4.893600000000000172e-01
0.000000000000000000e+00 4.893600000000000172e-01 4.893600000000000172e-01
0.000000000000000000e+00 4.893600000000000172e-01 4.893600000000000172e-01
0.000000000000000000e+00 4.893600000000000172e-01 4.893600000000000172e-01
0.000000000000000000e+00 4.893600000000000172e-01 4.893600000000000172e-01
0.000000000000000000e+00 4.701620000000000243e-01 4.701620000000000243e-01
0.000000000000000000e+00 4.701620000000000243e-01 4.701620000000000243e-01
0.000000000000000000e+00 4.701620000000000243e-01 4.701620000000000243e-01
0.000000000000000000e+00 4.701620000000000243e-01 4.701620000000000243e-01
0.000000000000000000e+00 4.701620000000000243e-01 4.701620000000000243e-01
0.000000000000000000e+00 4.701620000000000243e-01 4.701620000000000243e-01
0.000000000000000000e+00 4.442619999999999902e-01 4.442619999999999902e-01
0.000000000000000000e+00 4.442619999999999902e-01 4.442619999999999902e-01
0.000000000000000000e+00 4.442619999999999902e-01 4.442619999999999902e-01
0.000000000000000000e+00 4.103910000000000058e-01 4.103910000000000058e-01
0.000000000000000000e+00 4.103910000000000058e-01 4.103910000000000058e-01
0.000000000000000000e+00 4.103910000000000058e-01 4.103910000000000058e-01
0.000000000000000000e+00 4.103910000000000058e-01 4.103910000000000058e-01
0.000000000000000000e+00 4.103910000000000058e-01 4.103910000000000058e-01
0.000000000000000000e+00 4.103910000000000058e-01 4.103910000000000058e-01
0.000000000000000000e+00 4.103910000000000058e-01 4.103910000000000058e-01
0.000000000000000000e+00 4.103910000000000058e-01 4.103910000000000058e-01
0.000000000000000000e+00 4.103910000000000058e-01 4.103910000000000058e-01
0.000000000000000000e+00 4.103910000000000058e-01 4.103910000000000058e-01
