1.904978999999999978e+00 2.406131999999999938e+00
1.935810999999999948e+00 2.416500000000000092e+00
2.077447999999999961e+00 2.386363999999999930e+00
1.970841000000000065e+00 2.300454999999999917e+00
1.970841000000000065e+00 2.087555000000000049e+00
2.048747999999999791e+00 2.028739999999999988e+00
2.007223999999999897e+00 2.048747999999999791e+00
1.957438999999999929e+00 1.980826999999999893e+00
2.013114999999999988e+00 1.980826999999999893e+00
2.002629000000000214e+00 2.026145000000000085e+00
2.049387999999999987e+00 2.023543000000000092e+00
2.000000000000000000e+00 2.023543000000000092e+00
1.997366999999999893e+00 2.015727000000000046e+00
2.002629000000000214e+00 1.926952999999999916e+00
1.957438999999999929e+00 1.926952999999999916e+00
1.904978999999999978e+00 1.930371000000000059e+00
1.877146999999999899e+00 1.932412999999999936e+00
1.930366999999999944e+00 1.849609000000000059e+00
1.926952999999999916e+00 1.877143999999999924e+00
2.041671000000000014e+00 1.902903999999999929e+00
2.109503000000000128e+00 1.949362000000000039e+00
2.139232999999999940e+00 1.860249000000000041e+00
1.962811000000000083e+00 1.926952999999999916e+00
1.888330000000000064e+00 1.904981999999999953e+00
1.894592000000000054e+00 1.904981999999999953e+00
1.871532999999999891e+00 1.904981999999999953e+00
1.930366000000000026e+00 1.863782000000000050e+00
1.960129000000000010e+00 1.832453000000000110e+00
2.062190999999999885e+00 1.843199000000000032e+00
2.154554000000000080e+00 1.888330000000000064e+00
2.154554000000000080e+00 1.888330000000000064e+00
2.154554000000000080e+00 1.888330000000000064e+00
2.154554000000000080e+00 1.984151999999999916e+00
2.154554000000000080e+00 1.984151999999999916e+00
2.092594000000000065e+00 1.904981999999999953e+00
2.187885000000000080e+00 1.960129000000000010e+00
2.152109999999999967e+00 1.960129000000000010e+00
2.100125999999999937e+00 1.986132000000000009e+00
2.092592999999999925e+00 1.986132000000000009e+00
2.092592999999999925e+00 1.930363999999999969e+00
2.092592999999999925e+00 1.930363999999999969e+00
2.092592999999999925e+00 1.930363999999999969e+00
2.149051000000000045e+00 1.930363999999999969e+00
2.134307000000000176e+00 1.871536000000000088e+00
2.186080000000000023e+00 1.871536000000000088e+00
2.186080000000000023e+00 1.894592999999999972e+00
2.211809999999999832e+00 1.935807999999999973e+00
2.211809999999999832e+00 2.049393999999999938e+00
2.212404999999999955e+00 2.012464000000000031e+00
2.139232999999999940e+00 2.012464000000000031e+00
2.139232999999999940e+00 1.932412999999999936e+00
2.058997000000000188e+00 1.932412999999999936e+00
1.976172999999999957e+00 1.932412999999999936e+00
1.976172999999999957e+00 1.843199000000000032e+00
1.976172999999999957e+00 1.831738000000000088e+00
1.976172999999999957e+00 1.922172999999999909e+00
2.041672000000000153e+00 1.922172999999999909e+00
2.041672000000000153e+00 1.922172999999999909e+00
1.970839000000000008e+00 1.954075000000000006e+00
1.932409999999999961e+00 1.954075000000000006e+00
1.932409999999999961e+00 1.954075000000000006e+00
1.932409999999999961e+00 1.954075000000000006e+00
1.932409999999999961e+00 1.932406999999999986e+00
1.932409999999999961e+00 1.960129000000000010e+00
1.919429999999999970e+00 1.932412999999999936e+00
1.919429999999999970e+00 1.932412999999999936e+00
1.919429999999999970e+00 1.954082000000000097e+00
1.814416999999999947e+00 2.002625999999999795e+00
1.860249000000000041e+00 2.099498999999999782e+00
1.860249000000000041e+00 2.117598000000000091e+00
1.755441999999999947e+00 2.117598000000000091e+00
1.755441999999999947e+00 2.117598000000000091e+00
1.759187000000000056e+00 2.058996000000000048e+00
1.877146999999999899e+00 2.023549000000000042e+00
1.877146999999999899e+00 1.986132000000000009e+00
1.877146999999999899e+00 1.986132000000000009e+00
1.877146999999999899e+00 1.986132000000000009e+00
1.877146999999999899e+00 1.919429999999999970e+00
1.877146999999999899e+00 1.919429999999999970e+00
1.877849000000000101e+00 1.919429999999999970e+00
1.904981000000000035e+00 1.919429999999999970e+00
1.957440999999999987e+00 1.959459999999999980e+00
1.954078999999999899e+00 1.959459999999999980e+00
1.894589999999999996e+00 1.970836999999999950e+00
1.785172999999999899e+00 1.970836999999999950e+00
1.785172999999999899e+00 1.871536000000000088e+00
1.785172999999999899e+00 1.852448000000000095e+00
1.785172999999999899e+00 1.852448000000000095e+00
1.785172999999999899e+00 1.852448000000000095e+00
1.774081999999999937e+00 2.002632000000000190e+00
1.731289999999999996e+00 2.002632000000000190e+00
1.731289999999999996e+00 2.033272999999999886e+00
1.761428999999999911e+00 2.033272999999999886e+00
1.725200000000000067e+00 2.064100999999999964e+00
1.725200000000000067e+00 2.064100999999999964e+00
1.725200000000000067e+00 2.064100999999999964e+00
1.725200000000000067e+00 2.013114999999999988e+00
1.725200000000000067e+00 1.984145000000000048e+00
1.725200000000000067e+00 1.984145000000000048e+00
1.641564999999999941e+00 1.980833000000000066e+00
1.641564999999999941e+00 1.976169999999999982e+00
1.681947000000000081e+00 1.976169999999999982e+00
1.814416000000000029e+00 1.976169999999999982e+00
1.902905999999999986e+00 2.048747999999999791e+00
1.902905999999999986e+00 2.048747999999999791e+00
1.902905999999999986e+00 2.142307999999999879e+00
1.902905999999999986e+00 2.142307999999999879e+00
1.960129000000000010e+00 2.149666999999999994e+00
1.960129000000000010e+00 2.187882000000000104e+00
1.959457999999999922e+00 2.187882000000000104e+00
1.871531999999999973e+00 2.187882000000000104e+00
1.802775999999999934e+00 2.187882000000000104e+00
1.814416000000000029e+00 2.211812999999999807e+00
1.860956000000000055e+00 2.211812999999999807e+00
1.932409999999999961e+00 2.211812999999999807e+00
1.919429999999999970e+00 2.174007000000000023e+00
1.919429999999999970e+00 2.174007000000000023e+00
1.932411000000000101e+00 2.174007000000000023e+00
1.932411000000000101e+00 2.183072000000000124e+00
1.932411000000000101e+00 2.183072000000000124e+00
1.932411000000000101e+00 2.183072000000000124e+00
1.916685999999999890e+00 2.183072000000000124e+00
1.852451000000000070e+00 2.183072000000000124e+00
1.852451000000000070e+00 2.261807999999999819e+00
1.852451000000000070e+00 2.291288000000000213e+00
1.852451000000000070e+00 2.291288000000000213e+00
1.773341000000000056e+00 2.412138000000000115e+00
1.773341000000000056e+00 2.412138000000000115e+00
1.719853000000000076e+00 2.326057000000000041e+00
1.719853000000000076e+00 2.326057000000000041e+00
1.719853000000000076e+00 2.326057000000000041e+00
1.719853000000000076e+00 2.416497000000000117e+00
1.725200000000000067e+00 2.416497000000000117e+00
1.761427999999999994e+00 2.459677000000000113e+00
1.761427999999999994e+00 2.412142999999999926e+00
1.701392999999999933e+00 2.412142999999999926e+00
1.759185999999999916e+00 2.412142999999999926e+00
1.694417999999999980e+00 2.386362000000000094e+00
1.694417999999999980e+00 2.386362000000000094e+00
1.694417999999999980e+00 2.386362000000000094e+00
1.694417999999999980e+00 2.446801999999999921e+00
1.694417999999999980e+00 2.446801999999999921e+00
1.694417999999999980e+00 2.446801999999999921e+00
1.657518000000000047e+00 2.446801999999999921e+00
1.743408999999999986e+00 2.525659999999999794e+00
1.743408999999999986e+00 2.525659999999999794e+00
1.704482999999999970e+00 2.525659999999999794e+00
1.704482999999999970e+00 2.531905000000000072e+00
1.725200000000000067e+00 2.531905000000000072e+00
1.700619000000000103e+00 2.531905000000000072e+00
1.700619000000000103e+00 2.523048999999999875e+00
1.777047000000000043e+00 2.523048999999999875e+00
1.777047000000000043e+00 2.523048999999999875e+00
1.777047000000000043e+00 2.533980000000000121e+00
1.700619000000000103e+00 2.533980000000000121e+00
1.700619000000000103e+00 2.533980000000000121e+00
1.755443000000000087e+00 2.459677000000000113e+00
1.755443000000000087e+00 2.459677000000000113e+00
1.755443000000000087e+00 2.403941999999999801e+00
1.755443000000000087e+00 2.403941999999999801e+00
1.755443000000000087e+00 2.403941999999999801e+00
1.838192000000000048e+00 2.403941999999999801e+00
1.785172999999999899e+00 2.403941999999999801e+00
1.759187000000000056e+00 2.403941999999999801e+00
1.761428999999999911e+00 2.412142999999999926e+00
1.731290999999999913e+00 2.412142999999999926e+00
1.759185999999999916e+00 2.412142999999999926e+00
1.694417999999999980e+00 2.412142999999999926e+00
1.719853000000000076e+00 2.412142999999999926e+00
1.773341000000000056e+00 2.412142999999999926e+00
1.794729000000000019e+00 2.412142999999999926e+00
1.755443000000000087e+00 2.412142999999999926e+00
1.682730000000000059e+00 2.412142999999999926e+00
1.669383000000000061e+00 2.412142999999999926e+00
1.669383000000000061e+00 2.419217999999999869e+00
1.669383000000000061e+00 2.419217999999999869e+00
1.669383000000000061e+00 2.419217999999999869e+00
1.618965999999999905e+00 2.419217999999999869e+00
1.565247999999999973e+00 2.419217999999999869e+00
1.565247999999999973e+00 2.419217999999999869e+00
1.507873999999999937e+00 2.419217999999999869e+00
1.507873999999999937e+00 2.419217999999999869e+00
1.446410999999999891e+00 2.419217999999999869e+00
1.446410999999999891e+00 2.446801999999999921e+00
1.446410999999999891e+00 2.446801999999999921e+00
1.446410999999999891e+00 2.446801999999999921e+00
1.446410999999999891e+00 2.446801999999999921e+00
1.446410999999999891e+00 2.446801999999999921e+00
1.446410999999999891e+00 2.446801999999999921e+00
1.417929999999999913e+00 2.446801999999999921e+00
1.417929999999999913e+00 2.446801999999999921e+00
1.417929999999999913e+00 2.408320999999999934e+00
1.417929999999999913e+00 2.408320999999999934e+00
1.417929999999999913e+00 2.408320999999999934e+00
1.417929999999999913e+00 2.408320999999999934e+00
1.417929999999999913e+00 2.408320999999999934e+00
1.417929999999999913e+00 2.323221000000000203e+00
1.417929999999999913e+00 2.350248999999999810e+00
1.417929999999999913e+00 2.350248999999999810e+00
1.460893999999999915e+00 2.350248999999999810e+00
1.460893999999999915e+00 2.350248999999999810e+00
1.460893999999999915e+00 2.350248999999999810e+00
1.460893999999999915e+00 2.350248999999999810e+00
1.429022999999999932e+00 2.350248999999999810e+00
1.429022999999999932e+00 2.350248999999999810e+00
1.429022999999999932e+00 2.259482999999999908e+00
1.429022999999999932e+00 2.282083999999999779e+00
1.429022999999999932e+00 2.280349000000000181e+00
1.429022999999999932e+00 2.280349000000000181e+00
1.429022999999999932e+00 2.368103000000000069e+00
1.429022999999999932e+00 2.430072000000000010e+00
1.431782000000000110e+00 2.430072000000000010e+00
1.431782000000000110e+00 2.430072000000000010e+00
1.431782000000000110e+00 2.430072000000000010e+00
1.395480999999999971e+00 2.430072000000000010e+00
1.465389999999999970e+00 2.430072000000000010e+00
1.460893999999999915e+00 2.430072000000000010e+00
1.525225999999999971e+00 2.430072000000000010e+00
1.446410999999999891e+00 2.430072000000000010e+00
1.446410999999999891e+00 2.403397000000000006e+00
1.446410999999999891e+00 2.330576999999999899e+00
1.446410999999999891e+00 2.330576999999999899e+00
1.507873999999999937e+00 2.330576999999999899e+00
1.507873999999999937e+00 2.330576999999999899e+00
1.507873999999999937e+00 2.323221000000000203e+00
1.507873999999999937e+00 2.359752999999999989e+00
1.507873999999999937e+00 2.359752999999999989e+00
1.424411000000000094e+00 2.359752999999999989e+00
1.394538000000000055e+00 2.359752999999999989e+00
1.394538000000000055e+00 2.372536999999999896e+00
1.414214000000000082e+00 2.372536999999999896e+00
1.414214000000000082e+00 2.372536999999999896e+00
1.414214000000000082e+00 2.427907999999999955e+00
1.414214000000000082e+00 2.468750000000000000e+00
1.414214000000000082e+00 2.468750000000000000e+00
1.372665000000000024e+00 2.455395000000000216e+00
1.372665000000000024e+00 2.455395000000000216e+00
1.372665000000000024e+00 2.336777000000000104e+00
1.372665000000000024e+00 2.336777000000000104e+00
1.372665000000000024e+00 2.336777000000000104e+00
1.372665000000000024e+00 2.336777000000000104e+00
1.372665000000000024e+00 2.336777000000000104e+00
1.472555999999999976e+00 2.336777000000000104e+00
1.472555999999999976e+00 2.336777000000000104e+00
1.472555999999999976e+00 2.336777000000000104e+00
1.472555999999999976e+00 2.336777000000000104e+00
1.409553999999999974e+00 2.336777000000000104e+00
1.409553999999999974e+00 2.336777000000000104e+00
1.409553999999999974e+00 2.336777000000000104e+00
1.341641000000000084e+00 2.336777000000000104e+00
1.308875999999999928e+00 2.336777000000000104e+00
1.308875999999999928e+00 2.336777000000000104e+00
1.308875999999999928e+00 2.336777000000000104e+00
1.308875999999999928e+00 2.336777000000000104e+00
1.308875999999999928e+00 2.336777000000000104e+00
1.273206000000000060e+00 2.336777000000000104e+00
1.273206000000000060e+00 2.336777000000000104e+00
1.273206000000000060e+00 2.336777000000000104e+00
1.273206000000000060e+00 2.336777000000000104e+00
1.273206000000000060e+00 2.336777000000000104e+00
1.273206000000000060e+00 2.336777000000000104e+00
1.273206000000000060e+00 2.336777000000000104e+00
1.273206000000000060e+00 2.364208999999999783e+00
1.234375999999999918e+00 2.364208999999999783e+00
1.234375999999999918e+00 2.364208999999999783e+00
1.235441999999999929e+00 2.364208999999999783e+00
1.316894000000000009e+00 2.345766999999999936e+00
1.313892999999999978e+00 2.257150000000000212e+00
1.348487999999999909e+00 2.236067999999999945e+00
1.348487999999999909e+00 2.236067999999999945e+00
1.348487999999999909e+00 2.236067999999999945e+00
1.348487999999999909e+00 2.235482000000000191e+00
1.348487999999999909e+00 2.235482000000000191e+00
1.348487999999999909e+00 2.235482000000000191e+00
1.348487999999999909e+00 2.235482000000000191e+00
1.348487999999999909e+00 2.235482000000000191e+00
1.341641000000000084e+00 2.235482000000000191e+00
1.341641000000000084e+00 2.137383999999999951e+00
1.251314999999999955e+00 2.137383999999999951e+00
1.251314999999999955e+00 2.137383999999999951e+00
1.251314999999999955e+00 2.058996000000000048e+00
1.251314999999999955e+00 2.058996000000000048e+00
1.196485999999999938e+00 2.058996000000000048e+00
1.196485999999999938e+00 2.058996000000000048e+00
1.136708000000000052e+00 2.079969999999999875e+00
1.136708000000000052e+00 2.124419000000000057e+00
1.136708000000000052e+00 2.124419000000000057e+00
1.136708000000000052e+00 2.124419000000000057e+00
1.136708000000000052e+00 2.142307999999999879e+00
1.136708000000000052e+00 2.142307999999999879e+00
1.136708000000000052e+00 2.142307999999999879e+00
1.136708000000000052e+00 2.142307999999999879e+00
1.165286999999999962e+00 2.074910000000000032e+00
1.165286999999999962e+00 2.074910000000000032e+00
1.165286999999999962e+00 2.074910000000000032e+00
1.145931000000000033e+00 2.074910000000000032e+00
1.145931000000000033e+00 2.074910000000000032e+00
1.145931000000000033e+00 2.074910000000000032e+00
1.145931000000000033e+00 2.012450999999999990e+00
1.145931000000000033e+00 2.012450999999999990e+00
1.145931000000000033e+00 1.946657000000000082e+00
1.145931000000000033e+00 1.904981999999999953e+00
1.145931000000000033e+00 1.904981999999999953e+00
1.145931000000000033e+00 1.904981999999999953e+00
1.145931000000000033e+00 1.926952999999999916e+00
1.145931000000000033e+00 1.926952999999999916e+00
1.145931000000000033e+00 1.926952999999999916e+00
1.145931000000000033e+00 1.926952999999999916e+00
1.145931000000000033e+00 1.926952999999999916e+00
1.145931000000000033e+00 1.852441000000000004e+00
1.145931000000000033e+00 1.852441000000000004e+00
1.145931000000000033e+00 1.852441000000000004e+00
1.145931000000000033e+00 1.852441000000000004e+00
1.145931000000000033e+00 1.831738000000000088e+00
1.145931000000000033e+00 1.831738000000000088e+00
1.145931000000000033e+00 1.831738000000000088e+00
1.145931000000000033e+00 1.831738000000000088e+00
1.145931000000000033e+00 1.831738000000000088e+00
1.145931000000000033e+00 1.831738000000000088e+00
1.169794999999999918e+00 1.831738000000000088e+00
1.145931000000000033e+00 1.831738000000000088e+00
1.145931000000000033e+00 1.838194000000000106e+00
1.145931000000000033e+00 1.838194000000000106e+00
1.145931000000000033e+00 1.838194000000000106e+00
1.145931000000000033e+00 1.814413000000000054e+00
1.145931000000000033e+00 1.759184000000000081e+00
1.145931000000000033e+00 1.731279000000000012e+00
1.165286999999999962e+00 1.731279000000000012e+00
1.089423000000000030e+00 1.731279000000000012e+00
1.056308999999999942e+00 1.731279000000000012e+00
1.069924000000000097e+00 1.731279000000000012e+00
1.069924000000000097e+00 1.731279000000000012e+00
1.069924000000000097e+00 1.731279000000000012e+00
1.031095000000000095e+00 1.731279000000000012e+00
1.031095000000000095e+00 1.731279000000000012e+00
1.031095000000000095e+00 1.731279000000000012e+00
9.947230000000000238e-01 1.731279000000000012e+00
9.947230000000000238e-01 1.731279000000000012e+00
9.947230000000000238e-01 1.731279000000000012e+00
9.947230000000000238e-01 1.731279000000000012e+00
9.947230000000000238e-01 1.731279000000000012e+00
9.947230000000000238e-01 1.605909999999999949e+00
9.947230000000000238e-01 1.605909999999999949e+00
9.947230000000000238e-01 1.605909999999999949e+00
9.947230000000000238e-01 1.605909999999999949e+00
9.947230000000000238e-01 1.605909999999999949e+00
9.947230000000000238e-01 1.605909999999999949e+00
9.947230000000000238e-01 1.605094000000000021e+00
9.947230000000000238e-01 1.635137000000000063e+00
9.947230000000000238e-01 1.565244000000000080e+00
9.947230000000000238e-01 1.565244000000000080e+00
9.986829999999999874e-01 1.565244000000000080e+00
9.986829999999999874e-01 1.525212999999999930e+00
9.986829999999999874e-01 1.525212999999999930e+00
9.986829999999999874e-01 1.525212999999999930e+00
9.986829999999999874e-01 1.525212999999999930e+00
9.986829999999999874e-01 1.525212999999999930e+00
9.986829999999999874e-01 1.525212999999999930e+00
9.986829999999999874e-01 1.517441999999999958e+00
9.986829999999999874e-01 1.517441999999999958e+00
9.986829999999999874e-01 1.517441999999999958e+00
9.986829999999999874e-01 1.517441999999999958e+00
9.986829999999999874e-01 1.517441999999999958e+00
9.986829999999999874e-01 1.507876999999999912e+00
9.459049999999999958e-01 1.507876999999999912e+00
9.445130000000000470e-01 1.507876999999999912e+00
9.445130000000000470e-01 1.507876999999999912e+00
9.403249999999999664e-01 1.507876999999999912e+00
9.403249999999999664e-01 1.531250000000000000e+00
9.403249999999999664e-01 1.531250000000000000e+00
9.403249999999999664e-01 1.531250000000000000e+00
9.403249999999999664e-01 1.531250000000000000e+00
9.880870000000000486e-01 1.531250000000000000e+00
9.880870000000000486e-01 1.410482999999999931e+00
9.880870000000000486e-01 1.316878999999999911e+00
9.880870000000000486e-01 1.316878999999999911e+00
9.880870000000000486e-01 1.316878999999999911e+00
9.880870000000000486e-01 1.316878999999999911e+00
9.880870000000000486e-01 1.316878999999999911e+00
9.880870000000000486e-01 1.316878999999999911e+00
9.880870000000000486e-01 1.316878999999999911e+00
9.880870000000000486e-01 1.316878999999999911e+00
9.880870000000000486e-01 1.316878999999999911e+00
9.787209999999999521e-01 1.316878999999999911e+00
9.787209999999999521e-01 1.256561999999999957e+00
9.787209999999999521e-01 1.256561999999999957e+00
9.104649999999999688e-01 1.256561999999999957e+00
9.104649999999999688e-01 1.256561999999999957e+00
9.104649999999999688e-01 1.256561999999999957e+00
9.104649999999999688e-01 1.256561999999999957e+00
9.104649999999999688e-01 1.256561999999999957e+00
9.104649999999999688e-01 1.234380000000000033e+00
9.104649999999999688e-01 1.234380000000000033e+00
9.104649999999999688e-01 1.119205999999999923e+00
9.104649999999999688e-01 1.119205999999999923e+00
9.104649999999999688e-01 1.196469000000000005e+00
9.104649999999999688e-01 1.196469000000000005e+00
8.944269999999999721e-01 1.196469000000000005e+00
8.944269999999999721e-01 1.196469000000000005e+00
8.944269999999999721e-01 1.196469000000000005e+00
8.944269999999999721e-01 1.196469000000000005e+00
8.944269999999999721e-01 1.196469000000000005e+00
8.750940000000000385e-01 1.196469000000000005e+00
8.750940000000000385e-01 1.196469000000000005e+00
8.750940000000000385e-01 1.118033999999999972e+00
8.750940000000000385e-01 1.182099000000000011e+00
8.750940000000000385e-01 1.182099000000000011e+00
8.750940000000000385e-01 1.182099000000000011e+00
8.750940000000000385e-01 1.182099000000000011e+00
8.750940000000000385e-01 1.095439999999999969e+00
8.750940000000000385e-01 1.095439999999999969e+00
8.750940000000000385e-01 1.095439999999999969e+00
8.750940000000000385e-01 1.095439999999999969e+00
8.750940000000000385e-01 1.095439999999999969e+00
8.750940000000000385e-01 1.095439999999999969e+00
8.750940000000000385e-01 1.095439999999999969e+00
8.750940000000000385e-01 1.145912999999999959e+00
8.750940000000000385e-01 1.145912999999999959e+00
7.181849999999999623e-01 1.145912999999999959e+00
7.181849999999999623e-01 1.050068000000000001e+00
7.181849999999999623e-01 1.046292000000000000e+00
7.591550000000000242e-01 1.046292000000000000e+00
7.591550000000000242e-01 1.046292000000000000e+00
7.591550000000000242e-01 1.039984999999999937e+00
7.591550000000000242e-01 1.039984999999999937e+00
7.591550000000000242e-01 1.039984999999999937e+00
7.591550000000000242e-01 1.039984999999999937e+00
7.591550000000000242e-01 1.039984999999999937e+00
7.591550000000000242e-01 1.039984999999999937e+00
7.591550000000000242e-01 9.665460000000000163e-01
7.591550000000000242e-01 9.665460000000000163e-01
7.591550000000000242e-01 9.665460000000000163e-01
7.591550000000000242e-01 9.665460000000000163e-01
7.591550000000000242e-01 9.665460000000000163e-01
7.591550000000000242e-01 9.665460000000000163e-01
7.591550000000000242e-01 9.665460000000000163e-01
7.591550000000000242e-01 9.665460000000000163e-01
7.254760000000000097e-01 9.665460000000000163e-01
7.254760000000000097e-01 9.665460000000000163e-01
7.254760000000000097e-01 9.665460000000000163e-01
7.254760000000000097e-01 9.665460000000000163e-01
7.254760000000000097e-01 9.665460000000000163e-01
7.254760000000000097e-01 9.665460000000000163e-01
7.254760000000000097e-01 8.944330000000000336e-01
7.254760000000000097e-01 8.944330000000000336e-01
7.254760000000000097e-01 8.944330000000000336e-01
7.254760000000000097e-01 8.944330000000000336e-01
7.254760000000000097e-01 8.944330000000000336e-01
7.254760000000000097e-01 8.944330000000000336e-01
7.254760000000000097e-01 8.944330000000000336e-01
7.254760000000000097e-01 8.944330000000000336e-01
7.254760000000000097e-01 8.944330000000000336e-01
7.254760000000000097e-01 8.944330000000000336e-01
6.048050000000000370e-01 8.944330000000000336e-01
6.048050000000000370e-01 8.750879999999999770e-01
6.407230000000000425e-01 8.750879999999999770e-01
6.407230000000000425e-01 8.750879999999999770e-01
5.871429999999999705e-01 8.750879999999999770e-01
5.871429999999999705e-01 8.750879999999999770e-01
5.871429999999999705e-01 9.119040000000000479e-01
5.871429999999999705e-01 9.119040000000000479e-01
5.871429999999999705e-01 9.119040000000000479e-01
5.871429999999999705e-01 9.119040000000000479e-01
6.155869999999999953e-01 9.119040000000000479e-01
6.155869999999999953e-01 9.119040000000000479e-01
6.155869999999999953e-01 9.119040000000000479e-01
6.155869999999999953e-01 9.119040000000000479e-01
6.155869999999999953e-01 9.119040000000000479e-01
6.155869999999999953e-01 9.119040000000000479e-01
6.155869999999999953e-01 8.870179999999999731e-01
6.155869999999999953e-01 9.176630000000000065e-01
6.386659999999999560e-01 9.176630000000000065e-01
6.386659999999999560e-01 9.176630000000000065e-01
6.386659999999999560e-01 9.176630000000000065e-01
6.386659999999999560e-01 9.176630000000000065e-01
6.386659999999999560e-01 9.176630000000000065e-01
6.386659999999999560e-01 9.176630000000000065e-01
6.386659999999999560e-01 9.176630000000000065e-01
6.386659999999999560e-01 9.176630000000000065e-01
6.386659999999999560e-01 9.176630000000000065e-01
6.386659999999999560e-01 9.445189999999999975e-01
6.386659999999999560e-01 9.445189999999999975e-01
6.386659999999999560e-01 9.445189999999999975e-01
6.386659999999999560e-01 9.445189999999999975e-01
6.386659999999999560e-01 9.445189999999999975e-01
6.386659999999999560e-01 9.445189999999999975e-01
6.386659999999999560e-01 9.119040000000000479e-01
6.386659999999999560e-01 1.005228999999999928e+00
6.386659999999999560e-01 1.005228999999999928e+00
6.386659999999999560e-01 1.005228999999999928e+00
5.712409999999999988e-01 1.005228999999999928e+00
5.712409999999999988e-01 1.005228999999999928e+00
5.712409999999999988e-01 1.005228999999999928e+00
5.712409999999999988e-01 1.005228999999999928e+00
5.712409999999999988e-01 1.005228999999999928e+00
5.712409999999999988e-01 1.005228999999999928e+00
5.712409999999999988e-01 1.005228999999999928e+00
5.712409999999999988e-01 1.005228999999999928e+00
5.712409999999999988e-01 1.005228999999999928e+00
5.712409999999999988e-01 1.005228999999999928e+00
5.712409999999999988e-01 1.005228999999999928e+00
5.712409999999999988e-01 1.005228999999999928e+00
5.712409999999999988e-01 1.005228999999999928e+00
5.712409999999999988e-01 1.019546000000000063e+00
5.712409999999999988e-01 1.031101000000000045e+00
5.712409999999999988e-01 1.031101000000000045e+00
5.871429999999999705e-01 1.031101000000000045e+00
5.871429999999999705e-01 1.031101000000000045e+00
5.871429999999999705e-01 1.031101000000000045e+00
5.871429999999999705e-01 1.031101000000000045e+00
5.871429999999999705e-01 1.031101000000000045e+00
5.871429999999999705e-01 1.031101000000000045e+00
5.871429999999999705e-01 1.031101000000000045e+00
5.871429999999999705e-01 1.039984999999999937e+00
5.982429999999999692e-01 1.039984999999999937e+00
5.982429999999999692e-01 1.039984999999999937e+00
5.982429999999999692e-01 1.039984999999999937e+00
5.982429999999999692e-01 1.039984999999999937e+00
5.104180000000000383e-01 1.039984999999999937e+00
5.129890000000000283e-01 1.039984999999999937e+00
5.129890000000000283e-01 1.039984999999999937e+00
5.129890000000000283e-01 1.039984999999999937e+00
5.129890000000000283e-01 1.039984999999999937e+00
5.129890000000000283e-01 1.039984999999999937e+00
5.129890000000000283e-01 1.039984999999999937e+00
5.129890000000000283e-01 1.039984999999999937e+00
5.129890000000000283e-01 1.039984999999999937e+00
5.129890000000000283e-01 1.039984999999999937e+00
5.129890000000000283e-01 1.039984999999999937e+00
5.129890000000000283e-01 1.039984999999999937e+00
5.129890000000000283e-01 1.039984999999999937e+00
5.129890000000000283e-01 1.039984999999999937e+00
5.129890000000000283e-01 1.039984999999999937e+00
5.129890000000000283e-01 1.099024000000000001e+00
5.129890000000000283e-01 1.099024000000000001e+00
5.129890000000000283e-01 1.099024000000000001e+00
5.129890000000000283e-01 1.099024000000000001e+00
5.129890000000000283e-01 1.100238999999999967e+00
5.129890000000000283e-01 1.100238999999999967e+00
5.129890000000000283e-01 1.100238999999999967e+00
5.104180000000000383e-01 1.100238999999999967e+00
5.104180000000000383e-01 1.100238999999999967e+00
5.104180000000000383e-01 1.100238999999999967e+00
5.104180000000000383e-01 1.099047000000000107e+00
5.104180000000000383e-01 1.099047000000000107e+00
5.104180000000000383e-01 1.099047000000000107e+00
5.026249999999999885e-01 1.095439999999999969e+00
5.026249999999999885e-01 1.095439999999999969e+00
5.026249999999999885e-01 1.095439999999999969e+00
5.026249999999999885e-01 1.095439999999999969e+00
5.026249999999999885e-01 1.095439999999999969e+00
5.026249999999999885e-01 1.095439999999999969e+00
5.026249999999999885e-01 1.039984999999999937e+00
5.026249999999999885e-01 1.039984999999999937e+00
5.026249999999999885e-01 1.039984999999999937e+00
5.026249999999999885e-01 1.039984999999999937e+00
5.026249999999999885e-01 1.039984999999999937e+00
5.026249999999999885e-01 1.039984999999999937e+00
4.893600000000000172e-01 9.787000000000000144e-01
4.893600000000000172e-01 9.787000000000000144e-01
4.893600000000000172e-01 9.787000000000000144e-01
4.893600000000000172e-01 9.787000000000000144e-01
4.893600000000000172e-01 9.787000000000000144e-01
4.893600000000000172e-01 9.787000000000000144e-01
4.893600000000000172e-01 9.787000000000000144e-01
4.893600000000000172e-01 9.787000000000000144e-01
4.893600000000000172e-01 9.787000000000000144e-01
4.893600000000000172e-01 9.787000000000000144e-01
4.893600000000000172e-01 9.787000000000000144e-01
4.893600000000000172e-01 9.787000000000000144e-01
4.893600000000000172e-01 9.787000000000000144e-01
4.893600000000000172e-01 9.787000000000000144e-01
4.893600000000000172e-01 9.787000000000000144e-01
4.893600000000000172e-01 9.787000000000000144e-01
4.893600000000000172e-01 9.787000000000000144e-01
4.893600000000000172e-01 9.787000000000000144e-01
4.893600000000000172e-01 9.787000000000000144e-01
4.893600000000000172e-01 9.787000000000000144e-01
4.893600000000000172e-01 9.787000000000000144e-01
4.893600000000000172e-01 9.514590000000000547e-01
4.893600000000000172e-01 9.514590000000000547e-01
4.893600000000000172e-01 9.514590000000000547e-01
4.893600000000000172e-01 9.514590000000000547e-01
4.893600000000000172e-01 9.514590000000000547e-01
4.893600000000000172e-01 9.514590000000000547e-01
4.893600000000000172e-01 9.514590000000000547e-01
4.893600000000000172e-01 9.514590000000000547e-01
4.893600000000000172e-01 9.514590000000000547e-01
4.893600000000000172e-01 9.514590000000000547e-01
4.893600000000000172e-01 9.514590000000000547e-01
4.893600000000000172e-01 9.514590000000000547e-01
4.893600000000000172e-01 9.514590000000000547e-01
4.701620000000000243e-01 9.514590000000000547e-01
4.701620000000000243e-01 9.514590000000000547e-01
4.701620000000000243e-01 9.514590000000000547e-01
4.701620000000000243e-01 9.514590000000000547e-01
4.701620000000000243e-01 9.514590000000000547e-01
4.701620000000000243e-01 9.514590000000000547e-01
4.701620000000000243e-01 9.880820000000000158e-01
4.701620000000000243e-01 9.880820000000000158e-01
4.701620000000000243e-01 9.880820000000000158e-01
4.701620000000000243e-01 9.880820000000000158e-01
4.701620000000000243e-01 9.880820000000000158e-01
4.701620000000000243e-01 9.880820000000000158e-01
4.701620000000000243e-01 9.880820000000000158e-01
4.701620000000000243e-01 9.880820000000000158e-01
4.701620000000000243e-01 9.880820000000000158e-01
4.701620000000000243e-01 9.880820000000000158e-01
4.701620000000000243e-01 9.880820000000000158e-01
4.701620000000000243e-01 9.880820000000000158e-01
4.701620000000000243e-01 9.880820000000000158e-01
4.701620000000000243e-01 9.880820000000000158e-01
4.701620000000000243e-01 9.880820000000000158e-01
4.701620000000000243e-01 9.880820000000000158e-01
4.701620000000000243e-01 9.880820000000000158e-01
4.701620000000000243e-01 9.880820000000000158e-01
4.701620000000000243e-01 9.880820000000000158e-01
4.701620000000000243e-01 1.020831000000000044e+00
4.701620000000000243e-01 1.020831000000000044e+00
4.701620000000000243e-01 1.020831000000000044e+00
4.701620000000000243e-01 1.020831000000000044e+00
4.701620000000000243e-01 1.020831000000000044e+00
4.701620000000000243e-01 1.020831000000000044e+00
4.701620000000000243e-01 1.020831000000000044e+00
4.701620000000000243e-01 1.020831000000000044e+00
4.701620000000000243e-01 1.020831000000000044e+00
4.701620000000000243e-01 1.020831000000000044e+00
4.701620000000000243e-01 1.020831000000000044e+00
4.701620000000000243e-01 1.020831000000000044e+00
4.701620000000000243e-01 1.020831000000000044e+00
4.701620000000000243e-01 1.020831000000000044e+00
4.701620000000000243e-01 1.020831000000000044e+00
4.701620000000000243e-01 1.020831000000000044e+00
4.701620000000000243e-01 1.020831000000000044e+00
4.701620000000000243e-01 1.020831000000000044e+00
4.701620000000000243e-01 1.020831000000000044e+00
4.701620000000000243e-01 9.986629999999999674e-01
4.701620000000000243e-01 9.986629999999999674e-01
4.442619999999999902e-01 9.986629999999999674e-01
4.442619999999999902e-01 9.986629999999999674e-01
4.442619999999999902e-01 9.986629999999999674e-01
4.442619999999999902e-01 9.986629999999999674e-01
4.442619999999999902e-01 9.986629999999999674e-01
4.442619999999999902e-01 9.986629999999999674e-01
4.442619999999999902e-01 9.986629999999999674e-01
4.442619999999999902e-01 9.986629999999999674e-01
4.442619999999999902e-01 9.986629999999999674e-01
4.442619999999999902e-01 9.986629999999999674e-01
4.442619999999999902e-01 9.986629999999999674e-01
4.442619999999999902e-01 9.986629999999999674e-01
4.442619999999999902e-01 9.986629999999999674e-01
4.442619999999999902e-01 9.986629999999999674e-01
4.442619999999999902e-01 9.986629999999999674e-01
4.442619999999999902e-01 9.986629999999999674e-01
4.442619999999999902e-01 9.986629999999999674e-01
4.442619999999999902e-01 9.986629999999999674e-01
4.442619999999999902e-01 9.986629999999999674e-01
4.442619999999999902e-01 9.733289999999999997e-01
4.442619999999999902e-01 9.733289999999999997e-01
4.442619999999999902e-01 9.733289999999999997e-01
4.442619999999999902e-01 9.733289999999999997e-01
4.442619999999999902e-01 9.733289999999999997e-01
4.442619999999999902e-01 9.733289999999999997e-01
4.442619999999999902e-01 9.733289999999999997e-01
4.442619999999999902e-01 9.733289999999999997e-01
4.442619999999999902e-01 9.733289999999999997e-01
4.442619999999999902e-01 9.733289999999999997e-01
4.442619999999999902e-01 9.733289999999999997e-01
4.442619999999999902e-01 9.733289999999999997e-01
4.442619999999999902e-01 9.733289999999999997e-01
4.442619999999999902e-01 9.733289999999999997e-01
4.442619999999999902e-01 9.733289999999999997e-01
4.442619999999999902e-01 9.733289999999999997e-01
4.442619999999999902e-01 9.733289999999999997e-01
4.442619999999999902e-01 9.733289999999999997e-01
4.442619999999999902e-01 9.733289999999999997e-01
4.442619999999999902e-01 9.733289999999999997e-01
4.442619999999999902e-01 9.733289999999999997e-01
4.442619999999999902e-01 9.733289999999999997e-01
4.442619999999999902e-01 9.733289999999999997e-01
4.442619999999999902e-01 9.733289999999999997e-01
4.442619999999999902e-01 9.733289999999999997e-01
4.442619999999999902e-01 9.733289999999999997e-01
4.442619999999999902e-01 9.733289999999999997e-01
4.442619999999999902e-01 9.733289999999999997e-01
4.442619999999999902e-01 8.255839999999999845e-01
4.442619999999999902e-01 8.255839999999999845e-01
4.442619999999999902e-01 8.255839999999999845e-01
4.442619999999999902e-01 8.255839999999999845e-01
4.442619999999999902e-01 8.255839999999999845e-01
4.442619999999999902e-01 8.255839999999999845e-01
4.442619999999999902e-01 8.255839999999999845e-01
4.442619999999999902e-01 8.255839999999999845e-01
4.442619999999999902e-01 8.255839999999999845e-01
4.442619999999999902e-01 8.255839999999999845e-01
4.442619999999999902e-01 8.255839999999999845e-01
4.442619999999999902e-01 8.255839999999999845e-01
4.442619999999999902e-01 8.255839999999999845e-01
4.442619999999999902e-01 7.181779999999999831e-01
4.442619999999999902e-01 7.181779999999999831e-01
4.442619999999999902e-01 7.181779999999999831e-01
4.442619999999999902e-01 7.181779999999999831e-01
4.442619999999999902e-01 7.181779999999999831e-01
4.442619999999999902e-01 7.181779999999999831e-01
4.442619999999999902e-01 7.451529999999999543e-01
4.442619999999999902e-01 7.451529999999999543e-01
4.442619999999999902e-01 7.451529999999999543e-01
4.442619999999999902e-01 7.677450000000000108e-01
4.442619999999999902e-01 7.677450000000000108e-01
4.442619999999999902e-01 7.677450000000000108e-01
4.442619999999999902e-01 7.677450000000000108e-01
4.442619999999999902e-01 7.677450000000000108e-01
4.442619999999999902e-01 7.677450000000000108e-01
4.442619999999999902e-01 7.677450000000000108e-01
4.442619999999999902e-01 7.677450000000000108e-01
4.442619999999999902e-01 7.677450000000000108e-01
4.442619999999999902e-01 7.677450000000000108e-01
4.442619999999999902e-01 7.677450000000000108e-01
4.442619999999999902e-01 7.677450000000000108e-01
4.442619999999999902e-01 7.677450000000000108e-01
4.442619999999999902e-01 7.677450000000000108e-01
4.442619999999999902e-01 7.677450000000000108e-01
4.442619999999999902e-01 7.677450000000000108e-01
4.442619999999999902e-01 7.677450000000000108e-01
4.442619999999999902e-01 7.163500000000000423e-01
4.442619999999999902e-01 7.163500000000000423e-01
4.442619999999999902e-01 7.163500000000000423e-01
4.442619999999999902e-01 7.163500000000000423e-01
4.442619999999999902e-01 7.163500000000000423e-01
4.103910000000000058e-01 7.163500000000000423e-01
4.103910000000000058e-01 7.163500000000000423e-01
4.103910000000000058e-01 7.163500000000000423e-01
4.103910000000000058e-01 7.163500000000000423e-01
4.103910000000000058e-01 7.163500000000000423e-01
4.103910000000000058e-01 7.163500000000000423e-01
4.103910000000000058e-01 7.163500000000000423e-01
4.103910000000000058e-01 7.163500000000000423e-01
4.103910000000000058e-01 7.163500000000000423e-01
4.103910000000000058e-01 7.163500000000000423e-01
4.103910000000000058e-01 7.163500000000000423e-01
4.103910000000000058e-01 7.163500000000000423e-01
4.103910000000000058e-01 7.163500000000000423e-01
4.103910000000000058e-01 7.163500000000000423e-01
4.103910000000000058e-01 7.163500000000000423e-01
3.663480000000000070e-01 7.163500000000000423e-01
3.663480000000000070e-01 7.163500000000000423e-01
3.663480000000000070e-01 7.163500000000000423e-01
3.663480000000000070e-01 7.163500000000000423e-01
3.663480000000000070e-01 7.163500000000000423e-01
3.663480000000000070e-01 7.163500000000000423e-01
3.663480000000000070e-01 7.163500000000000423e-01
3.663480000000000070e-01 7.163500000000000423e-01
3.663480000000000070e-01 7.163500000000000423e-01
3.663480000000000070e-01 7.163500000000000423e-01
3.663480000000000070e-01 7.163500000000000423e-01
3.663480000000000070e-01 7.163500000000000423e-01
3.663480000000000070e-01 7.163500000000000423e-01
3.663480000000000070e-01 7.163500000000000423e-01
3.663480000000000070e-01 7.163500000000000423e-01
3.077929999999999833e-01 7.163500000000000423e-01
3.077929999999999833e-01 7.163500000000000423e-01
3.077929999999999833e-01 7.163500000000000423e-01
3.077929999999999833e-01 7.163500000000000423e-01
3.077929999999999833e-01 7.163500000000000423e-01
3.077929999999999833e-01 7.163500000000000423e-01
3.077929999999999833e-01 7.163500000000000423e-01
3.077929999999999833e-01 7.163500000000000423e-01
3.077929999999999833e-01 7.163500000000000423e-01
3.077929999999999833e-01 6.569549999999999557e-01
3.077929999999999833e-01 6.569549999999999557e-01
2.236070000000000002e-01 6.569549999999999557e-01
2.236070000000000002e-01 6.569549999999999557e-01
2.236070000000000002e-01 6.569549999999999557e-01
2.236070000000000002e-01 6.569549999999999557e-01
2.236070000000000002e-01 6.569549999999999557e-01
2.236070000000000002e-01 6.569549999999999557e-01
2.236070000000000002e-01 6.569549999999999557e-01
2.236070000000000002e-01 6.569549999999999557e-01
2.236070000000000002e-01 6.569549999999999557e-01
2.236070000000000002e-01 6.569549999999999557e-01
2.236070000000000002e-01 6.569549999999999557e-01
2.236070000000000002e-01 6.569549999999999557e-01
2.236070000000000002e-01 6.708129999999999926e-01
2.236070000000000002e-01 6.708129999999999926e-01
2.236070000000000002e-01 6.708129999999999926e-01
2.236070000000000002e-01 6.708129999999999926e-01
2.236070000000000002e-01 6.708129999999999926e-01
2.236070000000000002e-01 6.708129999999999926e-01
2.236070000000000002e-01 6.708129999999999926e-01
2.236070000000000002e-01 6.708129999999999926e-01
2.236070000000000002e-01 6.708129999999999926e-01
2.236070000000000002e-01 6.708129999999999926e-01
2.236070000000000002e-01 6.708129999999999926e-01
2.236070000000000002e-01 6.708129999999999926e-01
2.236070000000000002e-01 6.708129999999999926e-01
2.236070000000000002e-01 6.708129999999999926e-01
2.236070000000000002e-01 6.708129999999999926e-01
2.236070000000000002e-01 6.708129999999999926e-01
2.236070000000000002e-01 6.708129999999999926e-01
2.236070000000000002e-01 6.708129999999999926e-01
2.236070000000000002e-01 6.708129999999999926e-01
2.236070000000000002e-01 6.708129999999999926e-01
2.236070000000000002e-01 6.708129999999999926e-01
2.236070000000000002e-01 6.708129999999999926e-01
0.000000000000000000e+00 6.708129999999999926e-01
0.000000000000000000e+00 6.708129999999999926e-01
0.000000000000000000e+00 6.708129999999999926e-01
0.000000000000000000e+00 6.708129999999999926e-01
0.000000000000000000e+00 6.708129999999999926e-01
0.000000000000000000e+00 6.708129999999999926e-01
0.000000000000000000e+00 6.708129999999999926e-01
0.000000000000000000e+00 6.708129999999999926e-01
0.000000000000000000e+00 6.708129999999999926e-01
0.000000000000000000e+00 6.708129999999999926e-01
0.000000000000000000e+00 6.708129999999999926e-01
0.000000000000000000e+00 6.708129999999999926e-01
0.000000000000000000e+00 6.708129999999999926e-01
0.000000000000000000e+00 6.708129999999999926e-01
0.000000000000000000e+00 6.708129999999999926e-01
0.000000000000000000e+00 6.708129999999999926e-01
0.000000000000000000e+00 6.708129999999999926e-01
0.000000000000000000e+00 6.708129999999999926e-01
0.000000000000000000e+00 6.708129999999999926e-01
0.000000000000000000e+00 6.708129999999999926e-01
0.000000000000000000e+00 6.708129999999999926e-01
0.000000000000000000e+00 6.708129999999999926e-01
0.000000000000000000e+00 6.708129999999999926e-01
0.000000000000000000e+00 6.708129999999999926e-01
0.000000000000000000e+00 6.708129999999999926e-01
0.000000000000000000e+00 6.708129999999999926e-01
0.000000000000000000e+00 6.708129999999999926e-01
0.000000000000000000e+00 6.708129999999999926e-01
0.000000000000000000e+00 6.708129999999999926e-01
0.000000000000000000e+00 6.708129999999999926e-01
0.000000000000000000e+00 6.805499999999999883e-01
0.000000000000000000e+00 6.805499999999999883e-01
0.000000000000000000e+00 6.805499999999999883e-01
0.000000000000000000e+00 6.805499999999999883e-01
0.000000000000000000e+00 6.047709999999999475e-01
0.000000000000000000e+00 6.047709999999999475e-01
0.000000000000000000e+00 6.047709999999999475e-01
0.000000000000000000e+00 6.047709999999999475e-01
0.000000000000000000e+00 6.047709999999999475e-01
0.000000000000000000e+00 6.047709999999999475e-01
0.000000000000000000e+00 6.047709999999999475e-01
0.000000000000000000e+00 6.047709999999999475e-01
0.000000000000000000e+00 6.047709999999999475e-01
0.000000000000000000e+00 6.047709999999999475e-01
0.000000000000000000e+00 6.047709999999999475e-01
0.000000000000000000e+00 6.047709999999999475e-01
0.000000000000000000e+00 6.047709999999999475e-01
0.000000000000000000e+00 6.047709999999999475e-01
0.000000000000000000e+00 6.047709999999999475e-01
0.000000000000000000e+00 6.047709999999999475e-01
0.000000000000000000e+00 6.047709999999999475e-01
0.000000000000000000e+00 6.047709999999999475e-01
0.000000000000000000e+00 6.047709999999999475e-01
0.000000000000000000e+00 6.047709999999999475e-01
0.000000000000000000e+00 6.047709999999999475e-01
0.000000000000000000e+00 6.047709999999999475e-01
0.000000000000000000e+00 6.047709999999999475e-01
0.000000000000000000e+00 6.047709999999999475e-01
0.000000000000000000e+00 6.047709999999999475e-01
0.000000000000000000e+00 6.047709999999999475e-01
0.000000000000000000e+00 6.047709999999999475e-01
0.000000000000000000e+00 6.047709999999999475e-01
0.000000000000000000e+00 6.047709999999999475e-01
0.000000000000000000e+00 6.047709999999999475e-01
0.000000000000000000e+00 6.047709999999999475e-01
0.000000000000000000e+00 6.047709999999999475e-01
0.000000000000000000e+00 6.047709999999999475e-01
0.000000000000000000e+00 6.047709999999999475e-01
0.000000000000000000e+00 6.047709999999999475e-01
0.000000000000000000e+00 6.069769999999999888e-01
0.000000000000000000e+00 6.069769999999999888e-01
0.000000000000000000e+00 6.069769999999999888e-01
0.000000000000000000e+00 6.069769999999999888e-01
0.000000000000000000e+00 6.069769999999999888e-01
0.000000000000000000e+00 6.069769999999999888e-01
0.000000000000000000e+00 6.069769999999999888e-01
0.000000000000000000e+00 6.069769999999999888e-01
0.000000000000000000e+00 6.069769999999999888e-01
0.000000000000000000e+00 6.069769999999999888e-01
0.000000000000000000e+00 6.069769999999999888e-01
0.000000000000000000e+00 6.069769999999999888e-01
0.000000000000000000e+00 6.069769999999999888e-01
0.000000000000000000e+00 6.069769999999999888e-01
0.000000000000000000e+00 6.069769999999999888e-01
0.000000000000000000e+00 6.069769999999999888e-01
0.000000000000000000e+00 6.069769999999999888e-01
0.000000000000000000e+00 6.069769999999999888e-01
0.000000000000000000e+00 6.069769999999999888e-01
0.000000000000000000e+00 6.069769999999999888e-01
0.000000000000000000e+00 6.069769999999999888e-01
0.000000000000000000e+00 6.069769999999999888e-01
0.000000000000000000e+00 6.069769999999999888e-01
0.000000000000000000e+00 6.069769999999999888e-01
0.000000000000000000e+00 6.069769999999999888e-01
0.000000000000000000e+00 6.069769999999999888e-01
0.000000000000000000e+00 6.069769999999999888e-01
0.000000000000000000e+00 6.069769999999999888e-01
0.000000000000000000e+00 6.069769999999999888e-01
0.000000000000000000e+00 6.069769999999999888e-01
0.000000000000000000e+00 6.069769999999999888e-01
0.000000000000000000e+00 6.069769999999999888e-01
0.000000000000000000e+00 6.069769999999999888e-01
0.000000000000000000e+00 6.069769999999999888e-01
0.000000000000000000e+00 6.069769999999999888e-01
0.000000000000000000e+00 6.069769999999999888e-01
0.000000000000000000e+00 6.069769999999999888e-01
0.000000000000000000e+00 6.069769999999999888e-01
0.000000000000000000e+00 6.069769999999999888e-01
0.000000000000000000e+00 6.069769999999999888e-01
0.000000000000000000e+00 6.069769999999999888e-01
0.000000000000000000e+00 6.069769999999999888e-01
0.000000000000000000e+00 6.069769999999999888e-01
0.000000000000000000e+00 6.069769999999999888e-01
0.000000000000000000e+00 6.069769999999999888e-01
0.000000000000000000e+00 6.069769999999999888e-01
0.000000000000000000e+00 6.069769999999999888e-01
0.000000000000000000e+00 6.069769999999999888e-01
0.000000000000000000e+00 6.069769999999999888e-01
0.000000000000000000e+00 6.069769999999999888e-01
0.000000000000000000e+00 6.048139999999999628e-01
0.000000000000000000e+00 6.048139999999999628e-01
0.000000000000000000e+00 6.048139999999999628e-01
0.000000000000000000e+00 6.048139999999999628e-01
0.000000000000000000e+00 6.048139999999999628e-01
0.000000000000000000e+00 6.048139999999999628e-01
0.000000000000000000e+00 6.048139999999999628e-01
0.000000000000000000e+00 6.048139999999999628e-01
0.000000000000000000e+00 6.048139999999999628e-01
0.000000000000000000e+00 6.048139999999999628e-01
0.000000000000000000e+00 6.048139999999999628e-01
0.000000000000000000e+00 6.048139999999999628e-01
0.000000000000000000e+00 6.048139999999999628e-01
0.000000000000000000e+00 6.048139999999999628e-01
0.000000000000000000e+00 6.048139999999999628e-01
0.000000000000000000e+00 6.048139999999999628e-01
0.000000000000000000e+00 6.048139999999999628e-01
0.000000000000000000e+00 6.048139999999999628e-01
0.000000000000000000e+00 6.048139999999999628e-01
0.000000000000000000e+00 6.048139999999999628e-01
0.000000000000000000e+00 6.048139999999999628e-01
0.000000000000000000e+00 6.048139999999999628e-01
0.000000000000000000e+00 6.048139999999999628e-01
0.000000000000000000e+00 6.048139999999999628e-01
0.000000000000000000e+00 6.048139999999999628e-01
0.000000000000000000e+00 6.048139999999999628e-01
0.000000000000000000e+00 5.982340000000000435e-01
0.000000000000000000e+00 5.982340000000000435e-01
0.000000000000000000e+00 5.982340000000000435e-01
0.000000000000000000e+00 5.982340000000000435e-01
0.000000000000000000e+00 5.982340000000000435e-01
0.000000000000000000e+00 5.982340000000000435e-01
0.000000000000000000e+00 5.982340000000000435e-01
0.000000000000000000e+00 5.982340000000000435e-01
0.000000000000000000e+00 5.982340000000000435e-01
0.000000000000000000e+00 5.982340000000000435e-01
0.000000000000000000e+00 5.982340000000000435e-01
0.000000000000000000e+00 5.982340000000000435e-01
0.000000000000000000e+00 5.982340000000000435e-01
0.000000000000000000e+00 5.982340000000000435e-01
0.000000000000000000e+00 5.982340000000000435e-01
0.000000000000000000e+00 5.982340000000000435e-01
0.000000000000000000e+00 5.982340000000000435e-01
0.000000000000000000e+00 5.982340000000000435e-01
0.000000000000000000e+00 5.982340000000000435e-01
0.000000000000000000e+00 5.982340000000000435e-01
0.000000000000000000e+00 4.893500000000000072e-01
0.000000000000000000e+00 4.893500000000000072e-01
0.000000000000000000e+00 4.893500000000000072e-01
0.000000000000000000e+00 4.893500000000000072e-01
0.000000000000000000e+00 4.893500000000000072e-01
0.000000000000000000e+00 4.893500000000000072e-01
0.000000000000000000e+00 4.893500000000000072e-01
0.000000000000000000e+00 4.893500000000000072e-01
0.000000000000000000e+00 4.893500000000000072e-01
0.000000000000000000e+00 4.893500000000000072e-01
0.000000000000000000e+00 4.893500000000000072e-01
0.000000000000000000e+00 4.893500000000000072e-01
0.000000000000000000e+00 4.701190000000000091e-01
0.000000000000000000e+00 4.701190000000000091e-01
0.000000000000000000e+00 4.701190000000000091e-01
0.000000000000000000e+00 4.701190000000000091e-01
0.000000000000000000e+00 4.701190000000000091e-01
0.000000000000000000e+00 4.701190000000000091e-01
0.000000000000000000e+00 4.442619999999999902e-01
0.000000000000000000e+00 4.442619999999999902e-01
0.000000000000000000e+00 4.442619999999999902e-01
0.000000000000000000e+00 4.104039999999999910e-01
0.000000000000000000e+00 4.104039999999999910e-01
0.000000000000000000e+00 4.104039999999999910e-01
0.000000000000000000e+00 4.104039999999999910e-01
0.000000000000000000e+00 4.104039999999999910e-01
0.000000000000000000e+00 4.104039999999999910e-01
0.000000000000000000e+00 4.104039999999999910e-01
0.000000000000000000e+00 4.104039999999999910e-01
0.000000000000000000e+00 4.104039999999999910e-01
0.000000000000000000e+00 4.104039999999999910e-01
