0.794719 
0.803979 
0.794719 
0.806022 
0.927468 
1.030776 
1.162744 
1.120972 
1.157072 
1.253285 
1.395481 
1.396071 
1.491202 
1.550149 
1.537898 
1.677541 
1.677051 
1.677051 
1.708146 
1.779821 
1.778897 
1.777972 
1.778434 
1.811876 
1.858480 
1.852718 
1.823639 
1.959290 
1.961806 
1.956770 
1.948768 
1.950034 
1.923282 
1.904807 
1.916857 
1.901350 
1.933942 
2.015972 
2.162023 
2.289133 
2.300958 
2.457534 
2.457199 
2.460210 
2.664644 
2.663718 
2.620767 
2.605346 
2.586338 
2.632040 
2.603767 
2.568470 
2.496379 
2.481511 
2.463216 
2.463216 
2.463216 
2.437036 
2.412618 
2.392766 
2.383468 
2.385193 
2.322657 
2.322657 
2.302744 
2.306313 
2.306313 
2.267839 
2.278691 
2.230913 
2.752690 
2.746709 
2.784178 
2.824063 
2.824063 
2.833366 
2.833366 
2.822315 
2.944386 
2.944386 
2.944386 
2.944386 
2.952196 
3.020761 
3.008486 
2.997257 
3.023211 
3.008212 
3.000274 
3.000274 
3.018855 
3.018855 
3.273699 
3.243161 
3.250253 
3.296978 
3.253541 
3.253541 
3.257077 
3.257077 
3.271689 
3.271689 
3.482097 
3.836931 
3.828778 
4.216002 
4.260822 
4.260822 
4.260822 
4.277004 
4.230412 
4.230412 
4.351157 
4.374718 
4.363990 
4.317003 
4.293316 
4.281424 
4.281424 
4.778825 
4.769179 
4.807478 
4.807478 
4.807478 
4.752250 
4.719256 
4.708440 
4.685855 
4.627755 
4.627755 
4.609772 
4.623844 
4.624022 
4.651683 
4.730396 
4.701973 
4.637696 
4.620464 
4.641773 
4.600486 
4.600486 
4.615655 
4.615655 
4.600129 
4.600129 
4.681641 
4.527874 
4.514778 
4.535133 
4.511681 
4.511681 
4.462932 
4.497989 
4.497989 
4.583473 
4.602452 
4.627400 
4.627400 
4.784501 
4.784501 
4.754326 
4.733350 
4.767109 
4.839360 
4.839360 
4.793087 
4.778309 
4.778309 
4.672674 
4.672674 
4.642481 
4.928936 
4.928936 
4.928936 
4.928936 
4.925431 
4.872385 
4.890579 
4.890579 
4.890579 
4.914064 
4.920419 
4.903845 
4.873566 
4.873566 
4.873566 
4.843097 
4.768661 
4.757439 
4.786907 
4.645845 
4.645845 
4.645845 
4.689890 
4.593152 
4.518602 
4.518602 
4.518602 
4.518602 
4.441506 
4.476914 
4.847680 
4.804740 
4.797203 
4.797203 
4.797203 
4.797203 
4.797203 
4.797203 
4.797203 
4.797203 
4.797203 
4.797203 
4.797203 
4.797203 
4.756228 
4.789483 
4.913897 
4.913897 
4.869514 
4.869514 
4.722915 
4.859371 
4.847680 
4.847680 
4.847680 
4.847680 
4.847680 
4.825065 
4.825065 
4.825065 
4.721173 
4.721173 
4.721173 
4.721173 
4.721173 
4.796689 
4.762276 
4.762276 
4.762276 
4.710361 
4.710361 
4.611378 
4.611378 
4.631841 
4.769179 
4.802172 
4.802172 
5.031970 
4.939935 
4.939935 
4.920252 
4.874241 
4.874241 
4.874241 
4.874241 
4.905690 
4.774866 
4.973118 
4.973118 
4.884017 
4.987979 
4.927100 
4.927100 
4.927100 
4.927100 
4.927100 
4.927100 
4.799603 
4.799603 
4.799603 
4.765038 
4.765038 
4.765038 
4.656454 
4.656454 
4.656454 
4.531687 
4.531687 
4.531687 
4.531687 
4.479118 
4.479118 
4.479118 
4.479118 
4.455740 
4.455740 
4.416253 
4.416253 
4.326707 
4.277004 
4.281616 
4.281616 
4.281616 
4.281616 
4.255801 
4.287950 
4.287950 
4.287950 
4.162410 
4.162410 
4.177989 
4.177989 
4.177989 
4.201543 
4.201543 
4.201543 
4.149152 
4.149152 
4.123505 
4.123505 
4.123505 
4.123505 
4.123505 
4.196843 
4.196843 
4.210341 
4.213270 
4.213270 
4.213270 
4.213270 
4.213270 
4.621175 
4.482422 
4.482422 
4.337907 
4.337907 
4.337907 
4.182514 
4.182514 
4.076570 
4.076570 
4.076570 
4.013341 
4.013341 
4.013341 
4.398901 
4.398901 
4.566216 
4.434464 
4.393289 
4.393289 
4.353802 
4.353802 
4.309186 
4.206824 
4.206824 
4.157864 
4.157864 
4.157864 
4.157864 
4.157864 
4.157864 
4.157864 
4.157864 
4.128686 
4.012522 
4.012522 
4.005547 
4.005547 
4.005547 
4.005547 
4.005547 
3.936168 
3.936168 
3.936168 
3.936168 
3.921936 
3.935959 
3.935959 
3.935959 
3.885491 
3.885491 
3.885491 
3.885491 
3.871072 
3.871072 
3.871072 
3.871072 
3.871072 
3.871072 
3.871072 
3.871072 
3.871072 
3.871072 
3.871072 
3.871072 
3.871072 
3.840573 
3.840573 
3.782317 
3.782317 
3.607147 
3.607147 
3.760293 
3.760293 
3.760293 
3.490824 
3.490824 
3.490824 
3.490824 
3.490824 
3.490824 
3.490824 
3.490824 
3.490824 
3.490824 
3.490824 
3.490824 
3.514303 
3.514303 
3.315881 
3.315881 
3.315881 
3.315881 
3.315881 
3.315881 
3.315881 
3.173699 
3.173699 
3.173699 
3.031631 
3.031631 
3.031631 
3.181981 
3.181981 
3.181981 
3.181981 
3.181981 
3.301465 
3.301465 
3.301465 
3.301465 
3.217704 
3.217704 
3.185597 
3.185597 
3.185597 
3.305697 
3.305697 
3.305697 
3.305697 
3.305697 
3.402544 
3.402544 
3.270432 
3.270432 
3.270432 
3.270432 
3.270432 
3.270432 
3.270432 
3.270432 
3.270432 
3.233892 
3.233892 
3.233892 
3.233892 
3.313772 
3.259854 
3.259854 
3.259854 
3.052717 
3.052717 
3.124474 
3.124474 
3.124474 
3.124474 
3.124474 
3.124474 
3.124474 
3.124474 
3.124474 
3.124474 
3.124474 
3.124474 
3.124474 
3.124474 
3.124474 
3.124474 
3.124474 
3.186758 
3.186758 
3.186758 
3.186758 
3.186758 
3.186758 
3.186758 
3.186758 
3.186758 
3.186758 
3.186758 
3.186758 
3.186758 
3.186758 
3.186758 
3.186758 
3.186758 
3.186758 
3.186758 
3.186758 
3.186758 
3.186758 
3.186758 
3.186758 
3.186758 
3.186758 
3.186758 
3.186758 
3.186758 
3.186758 
3.186758 
3.186758 
3.186758 
3.186758 
3.186758 
3.186758 
3.186758 
3.401939 
3.401939 
3.223449 
3.223449 
3.223449 
3.223449 
3.223449 
3.188435 
3.188435 
3.150031 
3.176678 
3.176678 
3.176678 
3.176678 
3.176678 
3.176678 
3.176678 
3.176678 
3.176678 
3.176678 
3.176678 
3.176678 
3.072988 
3.072988 
3.072988 
3.072988 
3.072988 
3.072988 
3.072988 
3.072988 
3.019809 
3.019809 
3.019809 
3.019809 
3.019809 
3.019809 
3.019809 
3.019809 
3.019809 
3.019809 
3.019809 
3.019809 
3.019809 
3.043003 
3.043003 
3.043003 
3.043003 
3.043003 
2.900204 
2.900204 
2.900204 
2.900204 
2.900204 
2.900204 
2.900204 
2.900204 
2.900204 
2.900204 
2.900204 
3.072453 
3.072453 
3.072453 
3.072453 
3.072453 
3.072453 
3.072453 
3.072453 
3.072453 
3.072453 
3.072453 
3.072453 
3.072453 
3.072453 
2.913360 
2.913360 
2.913360 
2.913360 
2.913360 
2.913360 
2.913360 
2.913360 
2.913360 
2.913360 
2.913360 
2.913360 
2.913360 
2.913360 
3.067363 
3.067363 
3.067363 
3.067363 
3.067363 
3.067363 
2.799642 
2.799642 
2.799642 
2.799642 
2.799642 
2.799642 
2.799642 
2.799642 
2.626879 
2.626879 
2.626879 
2.435179 
2.403054 
2.403054 
2.403054 
2.403054 
2.403054 
2.403054 
2.403054 
2.403054 
2.403054 
2.403054 
2.403054 
2.403054 
2.320000 
2.320000 
2.320000 
2.320000 
2.320000 
2.320000 
2.320000 
2.320000 
2.320000 
2.320000 
2.320000 
2.320000 
2.320000 
2.351686 
2.351686 
2.351686 
2.351686 
2.351686 
2.351686 
2.463216 
2.463216 
2.463216 
2.463216 
2.463216 
2.463216 
2.463216 
2.463216 
2.463216 
2.463216 
2.463216 
2.463216 
2.463216 
2.463216 
2.463216 
2.463216 
2.463216 
2.463216 
2.463216 
2.463216 
2.463216 
2.463216 
2.463216 
2.463216 
2.463216 
2.463216 
2.463216 
2.463216 
2.463216 
2.463216 
2.463216 
2.463216 
2.463216 
2.463216 
2.463216 
2.463216 
2.463216 
2.463216 
2.463216 
2.463216 
2.463216 
2.463216 
2.463216 
2.463216 
2.463216 
2.463216 
2.390703 
2.390703 
2.390703 
2.390703 
2.390703 
2.390703 
2.390703 
2.390703 
2.390703 
2.390703 
2.390703 
2.390703 
2.390703 
2.390703 
2.390703 
2.390703 
2.308986 
2.308986 
2.308986 
2.308986 
2.308986 
2.308986 
2.308986 
2.308986 
2.308986 
2.308986 
2.308986 
2.308986 
2.308986 
2.308986 
2.308986 
2.308986 
2.308986 
2.217417 
2.217417 
2.217417 
2.217417 
2.217417 
2.217417 
2.217417 
2.217417 
2.217417 
2.217417 
2.217417 
2.217417 
2.217417 
2.217417 
2.217417 
2.217417 
2.217417 
2.217417 
2.024318 
2.024318 
2.024318 
2.024318 
2.024318 
2.024318 
2.024318 
2.024318 
2.024318 
2.024318 
2.024318 
2.024318 
2.024318 
2.024318 
2.024318 
1.903511 
1.903511 
1.903511 
1.903511 
1.903511 
1.903511 
1.903511 
1.903511 
1.903511 
1.903511 
1.903511 
1.903511 
1.903511 
1.903511 
1.903511 
1.903511 
1.903511 
1.903511 
1.903511 
1.903511 
1.903511 
1.903511 
1.903511 
1.903511 
1.903511 
1.903511 
1.903511 
1.903511 
1.903511 
1.903511 
1.903511 
1.903511 
1.903511 
1.903511 
1.976840 
1.976840 
1.976840 
1.976840 
1.976840 
1.976840 
1.976840 
1.976840 
1.976840 
1.976840 
1.976840 
1.976840 
1.976840 
1.976840 
1.976840 
1.976840 
1.976840 
1.976840 
1.834205 
1.834205 
1.834205 
1.834205 
1.834205 
1.834205 
1.834205 
1.834205 
1.834205 
1.834205 
1.834205 
1.834205 
1.834205 
1.834205 
1.834205 
1.834205 
1.834205 
1.834205 
1.834205 
1.834205 
1.834205 
1.834205 
1.834205 
1.834205 
1.834205 
1.834205 
1.834205 
1.834205 
1.834205 
1.834205 
1.834205 
1.834205 
1.834205 
1.834205 
1.834205 
1.834205 
1.834205 
1.834205 
1.834205 
1.834205 
1.834205 
1.834205 
1.834205 
1.834205 
1.834205 
1.834205 
1.834205 
1.834205 
1.834205 
1.834205 
1.834205 
1.834205 
1.834205 
1.834205 
1.834205 
1.834205 
1.834205 
1.834205 
1.834205 
1.834205 
1.834205 
1.834205 
1.834205 
1.834205 
1.834205 
1.834205 
1.834205 
1.834205 
1.834205 
1.834205 
1.834205 
1.834205 
1.834205 
1.834205 
1.834205 
1.834205 
1.834205 
1.834205 
1.834205 
1.834205 
1.884843 
1.884843 
1.884843 
1.884843 
1.884843 
1.884843 
1.884843 
1.884843 
1.884843 
1.884843 
1.884843 
1.884843 
1.884843 
1.920286 
1.920286 
1.920286 
1.920286 
1.920286 
1.920286 
1.920286 
1.920286 
1.920286 
1.920286 
1.920286 
1.920286 
1.920286 
1.920286 
1.920286 
1.920286 
1.920286 
1.920286 
1.920286 
1.920286 
1.941369 
1.941369 
1.941369 
1.941369 
1.941369 
1.941369 
1.941369 
1.941369 
1.941369 
1.941369 
1.941369 
1.941369 
1.941369 
1.941369 
1.941369 
1.941369 
1.941369 
1.941369 
1.941369 
1.941369 
1.941369 
1.941369 
1.941369 
1.941369 
1.941369 
1.941369 
1.941369 
1.941369 
1.941369 
1.941369 
1.941369 
1.941369 
1.941369 
1.941369 
1.941369 
1.941369 
1.941369 
1.941369 
1.941369 
1.941369 
1.941369 
1.942851 
1.942851 
1.942851 
1.942851 
1.942851 
1.942851 
1.942851 
1.942851 
1.942851 
1.942851 
1.942851 
1.942851 
1.942851 
1.942851 
1.942851 
1.942851 
1.942851 
1.942851 
1.942851 
1.942851 
1.942851 
1.942851 
1.921785 
1.921785 
1.921785 
1.921785 
1.921785 
1.921785 
