2	1	0	1	0
0	2	0	0	0
2	1	0	1	0
0	0	1	1	0
0	0	0	1	0

8	2	1	1	0
0	2	0	1	0
3	1	1	1	0
2	1	1	2	0
0	0	0	1	0

12	3	1	1	0
0	2	0	3	0
3	1	1	1	0
3	1	1	4	0
0	0	0	1	0

19	4	3	1	0
0	4	1	3	0
4	4	2	1	0
4	1	1	4	0
1	0	0	1	0

24	5	5	1	0
0	5	3	3	0
6	6	4	1	0
4	2	3	5	0
1	1	0	2	0

26	6	5	1	0
1	5	4	3	1
8	10	5	4	0
8	2	3	6	0
2	1	1	2	0

33	6	5	1	0
1	6	6	3	1
9	12	5	4	0
10	2	6	7	0
2	1	1	2	0

38	7	7	1	0
4	6	6	3	2
11	12	5	5	0
12	3	6	9	1
2	1	1	4	0

45	7	7	2	0
4	7	8	3	2
11	12	5	5	0
12	3	7	9	1
3	1	1	5	0

47	9	7	2	1
4	8	9	3	2
14	12	5	7	0
13	4	10	10	2
3	1	1	5	0

52	10	8	2	1
4	9	10	5	2
15	12	5	9	0
13	4	13	13	2
4	1	2	5	0

55	10	8	4	1
5	9	10	8	2
18	13	8	10	0
15	4	16	13	2
4	1	2	5	0

58	10	10	5	1
6	9	12	9	2
19	14	10	10	0
17	6	17	14	2
4	1	2	7	0

62	10	10	7	1
6	11	12	9	2
21	14	10	10	0
20	8	17	15	2
4	1	2	8	0

64	11	11	9	1
10	12	14	9	3
23	15	11	11	0
23	8	18	18	2
4	1	2	8	0

67	11	11	11	2
11	13	14	10	4
25	17	15	11	0
26	8	18	19	2
4	1	2	9	0

72	11	11	15	2
13	13	15	12	4
25	17	18	11	0
26	9	20	19	2
5	1	2	9	0

80	11	13	16	2
15	14	16	12	4
31	19	18	11	0
26	11	20	19	2
5	1	3	9	0

84	11	13	18	2
17	14	16	14	4
34	19	18	13	0
26	13	22	19	2
5	1	4	9	0

85	12	13	19	2
18	14	18	14	4
37	21	20	13	0
29	13	23	19	2
6	1	4	9	0

88	13	14	20	2
20	14	19	15	4
40	23	21	14	0
29	14	23	21	2
6	1	4	9	0

92	14	14	20	2
20	14	19	15	4
42	23	23	16	0
30	15	25	21	2
6	1	6	9	0

99	14	14	21	2
21	14	21	15	4
45	24	23	17	0
33	16	27	21	2
6	1	6	9	0

103	14	14	22	2
22	14	21	15	4
48	24	24	19	0
34	16	29	22	2
6	1	6	9	0

105	14	17	23	2
24	14	22	15	4
52	25	25	21	0
36	18	30	22	2
6	1	6	9	0

109	15	17	24	3
26	14	22	15	4
54	25	27	21	0
38	18	31	22	2
6	1	6	9	0

115	17	17	24	3
27	15	23	15	4
54	26	31	23	0
41	18	32	24	2
7	1	6	9	0

120	17	17	24	4
28	15	23	15	4
55	28	32	25	0
42	18	35	25	2
8	1	6	9	0

124	17	18	25	5
28	16	23	15	4
57	28	32	25	0
45	20	36	29	2
9	1	6	9	0

126	17	18	26	5
30	20	23	15	4
58	28	33	25	0
51	20	36	29	2
10	1	7	9	0

130	18	19	26	5
32	21	26	15	4
61	28	34	25	0
51	21	38	29	2
10	1	7	9	0

136	19	20	26	5
34	21	26	15	4
65	28	34	25	0
51	21	39	31	2
10	1	7	9	0

140	19	20	27	5
34	22	27	15	4
67	28	36	25	0
52	21	40	31	2
10	2	7	9	0

147	19	23	29	5
34	22	27	15	4
70	29	36	25	0
54	21	42	31	2
11	2	7	9	0

150	20	23	30	5
34	22	28	15	4
71	31	38	25	0
55	22	44	33	2
11	2	7	9	0

153	20	24	30	5
37	22	28	15	4
75	35	38	27	0
60	22	46	33	2
11	2	7	9	0

158	23	28	30	5
39	22	28	15	4
76	38	38	29	0
65	23	47	33	2
11	3	7	9	0

162	23	31	30	5
41	24	31	15	4
79	38	40	29	0
66	24	48	35	2
11	3	7	9	0

170	24	31	30	5
44	24	33	15	4
80	42	43	29	0
68	24	48	35	2
11	3	8	9	0

175	27	33	30	5
48	25	33	15	4
82	45	43	31	0
70	24	48	35	2
11	3	8	9	0

178	28	36	30	5
48	27	33	15	4
85	48	44	31	0
71	24	48	36	2
11	3	8	9	0

181	31	36	30	5
49	28	35	15	4
87	51	44	34	0
74	24	48	36	2
11	3	8	9	0

186	34	36	31	5
50	29	37	15	4
88	53	48	36	0
76	25	48	36	2
11	3	8	9	0

194	35	36	31	5
50	29	38	15	4
92	54	50	37	0
80	25	50	36	2
12	3	9	9	0

200	43	36	31	5
54	30	38	15	4
94	55	50	40	0
80	25	50	36	2
12	3	9	9	0

201	47	38	31	5
58	30	39	15	4
97	57	50	42	0
84	26	50	36	2
13	3	9	9	0

204	48	38	31	5
59	30	42	15	4
99	58	50	45	0
89	27	50	36	2
13	4	9	9	0

212	49	39	31	5
60	30	43	15	4
104	58	51	46	0
92	27	50	36	2
13	4	9	9	0

220	49	40	32	5
60	30	43	15	4
106	59	52	49	0
97	27	50	36	2
14	5	9	9	0

230	50	40	32	5
63	31	43	16	4
114	60	53	50	0
98	28	50	36	2
15	5	9	9	0

241	53	41	32	5
64	35	43	16	4
118	63	54	51	0
98	28	50	36	2
15	6	9	9	0

249	56	41	32	5
65	37	44	16	4
122	63	54	52	0
100	28	51	36	2
15	6	9	9	0

259	56	41	33	6
70	40	44	16	4
125	64	54	53	0
101	28	52	36	2
15	6	9	9	0

270	59	42	33	6
75	43	44	16	4
129	65	54	56	0
104	28	52	36	2
15	8	9	9	0

277	59	42	33	6
78	44	44	16	4
130	66	56	56	0
105	28	52	36	2
15	10	9	9	0

284	62	42	33	6
81	45	44	16	4
131	67	56	56	0
105	28	54	36	2
16	10	9	9	0

293	62	42	33	6
83	46	44	16	4
134	69	56	56	0
106	30	54	36	2
17	10	9	9	0

300	64	43	33	6
87	47	44	16	4
135	69	57	56	0
106	30	54	36	2
17	11	9	9	0

310	65	44	33	6
95	49	44	16	4
138	70	57	56	0
109	30	56	36	2
17	11	9	9	0

318	66	44	33	6
99	51	44	16	4
142	71	57	56	0
109	30	56	36	2
17	12	9	9	0

329	67	44	33	6
104	53	45	16	4
145	71	57	56	0
109	30	56	36	2
17	12	9	9	0

336	69	45	33	6
104	54	45	16	4
146	73	60	56	0
109	32	56	36	2
17	13	9	9	0

352	69	45	33	6
109	55	46	16	4
153	75	60	56	0
109	33	56	36	2
17	14	9	9	0

362	72	45	33	6
112	55	46	16	4
155	75	60	58	0
112	35	56	36	2
17	15	10	9	0

372	75	45	33	6
115	56	46	16	4
159	76	60	58	0
114	35	56	36	2
17	15	10	9	0

388	75	45	33	6
121	56	46	16	4
160	78	61	58	0
118	36	57	36	2
18	15	11	9	0

398	75	45	33	6
127	56	46	16	4
161	78	61	58	0
118	36	57	36	2
18	15	11	9	0

410	76	46	33	6
131	57	46	16	4
169	81	61	58	0
122	36	57	36	2
18	15	11	9	0

423	79	49	33	6
137	58	46	16	4
171	84	61	58	0
124	37	57	36	2
18	16	11	9	0

434	80	49	33	6
142	59	46	16	4
172	84	61	58	0
124	38	58	36	2
18	16	11	9	0

447	82	49	33	6
152	60	46	16	4
174	85	61	58	0
124	40	58	36	2
18	16	11	9	0

453	83	50	33	6
158	62	47	16	4
180	85	61	58	0
124	40	58	36	2
18	17	11	9	0

459	86	53	33	6
167	63	47	16	4
182	85	61	58	0
125	40	59	36	2
18	17	11	9	0

471	88	53	33	6
174	64	47	16	4
188	86	61	58	0
128	42	59	36	2
18	18	11	9	0

481	92	54	33	6
183	64	47	16	4
192	88	61	58	0
129	45	59	36	2
18	19	11	9	0

490	92	54	33	6
187	64	48	16	4
195	90	61	58	0
129	46	61	36	2
18	19	11	9	0

502	96	54	34	6
190	64	48	16	4
204	90	61	58	0
129	46	61	36	2
18	19	11	9	0

511	97	54	34	6
195	65	48	16	4
208	91	61	58	0
130	48	61	36	2
18	19	11	9	0

521	99	54	34	6
203	66	48	16	4
212	92	61	58	0
130	48	61	36	2
18	19	11	9	0

531	101	55	34	6
207	66	48	16	4
218	93	61	58	0
131	48	61	36	2
18	19	11	9	0

539	102	55	34	6
219	67	48	16	4
224	93	61	58	0
134	50	61	36	2
18	19	11	9	0

555	102	56	34	6
228	68	48	16	4
233	93	61	58	0
136	50	61	36	2
18	19	11	9	0

573	103	57	34	6
242	68	48	16	4
239	94	62	58	0
137	51	61	36	2
18	19	11	9	0

581	103	58	34	6
251	68	48	16	4
249	94	64	58	0
140	51	62	36	2
18	19	11	9	0

590	103	58	34	6
258	68	50	17	4
255	94	64	58	0
143	51	62	36	2
18	20	11	9	0

605	103	59	34	6
266	69	51	17	4
265	94	64	58	0
146	52	63	36	2
18	20	11	9	0

619	104	60	34	6
276	69	51	17	4
272	95	64	58	0
147	52	63	36	2
18	20	11	9	0

630	104	60	34	6
286	69	51	17	4
281	95	64	58	0
147	52	63	36	2
18	20	11	9	0

643	107	61	34	6
297	70	51	17	4
288	95	65	58	0
149	52	64	36	2
18	20	11	9	0

656	108	61	34	6
304	72	51	17	4
300	95	65	58	0
153	52	64	36	2
18	20	11	9	0

671	109	61	34	6
309	72	51	17	4
307	95	66	58	0
157	52	65	36	2
18	21	11	9	0

681	109	61	34	6
322	73	51	17	4
315	95	66	58	0
159	54	66	36	2
18	21	11	9	0

689	112	61	34	6
331	73	51	17	4
325	95	66	58	0
161	54	66	36	2
19	21	11	9	0

697	114	61	34	6
337	73	52	17	4
336	95	67	58	0
163	54	67	36	2
19	21	11	9	0

709	115	62	34	6
342	73	53	17	4
345	95	67	58	0
164	54	67	36	2
19	21	11	9	0

724	115	64	34	6
350	73	55	17	4
354	95	67	58	0
165	54	67	36	2
19	21	11	9	0

740	120	64	34	6
359	73	55	17	4
364	95	67	58	0
168	54	67	36	2
20	21	11	9	0

754	121	65	34	6
365	73	57	17	4
373	95	67	58	0
171	54	67	36	2
20	21	11	9	0

763	125	66	34	6
373	73	59	17	4
383	95	67	58	0
174	55	67	36	2
20	21	11	9	0

778	126	66	34	6
382	74	59	17	4
394	95	67	58	0
175	56	67	36	2
20	21	11	9	0

793	126	66	34	6
390	76	59	17	4
402	95	67	58	0
180	58	67	36	2
20	21	11	9	0

804	129	66	34	6
398	78	59	17	4
409	95	68	58	0
183	59	68	36	2
20	21	11	9	0

819	130	66	34	6
408	78	59	17	4
413	95	68	58	0
184	59	68	36	2
20	21	11	9	0

828	133	66	34	6
418	78	59	17	4
423	95	68	58	0
185	59	69	36	2
21	21	11	9	0

843	138	68	34	6
427	79	59	17	4
425	95	68	58	0
188	59	69	36	2
21	21	11	9	0

854	142	69	34	6
439	82	59	19	4
429	95	69	58	0
192	59	69	36	2
22	21	11	9	0

867	146	71	34	6
449	83	59	20	4
434	95	69	58	0
194	59	69	36	2
22	21	11	9	0

885	149	71	34	6
460	83	59	20	4
446	95	69	58	0
194	59	69	36	2
22	21	11	9	0

898	153	73	34	6
467	84	59	20	4
452	95	69	58	0
199	59	69	36	2
22	21	11	9	0

908	157	74	34	6
478	84	59	20	4
462	95	69	58	0
202	59	69	36	2
22	21	11	9	0

915	160	76	34	6
491	84	59	20	4
472	95	69	58	0
205	59	69	36	2
22	21	11	9	0

929	166	76	34	6
497	84	59	20	4
486	95	70	58	0
209	59	69	36	2
22	21	11	9	0

941	175	76	34	6
509	84	59	20	4
496	95	70	58	0
211	59	69	36	2
22	21	11	9	0

954	177	76	34	6
515	84	59	20	4
504	95	70	58	0
212	59	69	36	2
22	21	11	9	0

963	179	76	34	6
526	84	59	20	4
510	97	70	58	0
215	59	69	36	2
22	21	11	9	0

979	182	76	34	6
540	87	59	20	4
520	97	70	58	0
216	59	69	36	2
22	21	11	9	0

994	187	76	34	6
550	87	59	20	4
530	97	70	58	0
218	59	69	36	2
22	21	11	9	0

1011	192	76	34	6
556	87	60	20	4
542	100	70	58	0
219	59	69	36	2
22	21	11	9	0

1024	200	77	34	6
565	87	61	20	4
551	101	70	58	0
223	59	69	36	2
22	21	11	9	0

1042	204	77	34	6
575	87	61	20	4
557	101	71	58	0
226	59	69	36	2
22	21	11	9	0

1058	206	77	34	6
583	89	61	20	4
563	103	71	58	0
227	59	69	36	2
22	21	11	9	0

1072	212	78	34	6
589	90	61	20	4
570	106	71	58	0
230	59	69	36	2
22	21	11	9	0

1088	216	79	34	6
597	90	62	20	4
576	106	71	58	0
232	59	69	36	2
22	21	11	9	0

1102	218	79	34	6
609	90	62	20	4
585	106	72	58	0
235	59	69	36	2
22	21	11	9	0

1120	219	79	34	6
614	90	62	20	4
595	106	72	58	0
236	59	69	36	2
22	21	11	9	0

1131	224	79	34	6
621	90	62	20	4
607	106	72	58	0
242	59	69	36	2
22	21	11	9	0

1144	229	79	34	6
626	90	62	20	4
614	106	72	58	0
249	59	69	36	2
22	21	11	9	0

1153	234	79	34	6
636	90	62	20	4
621	107	72	58	0
254	59	70	36	2
22	21	11	9	0

1167	241	80	34	6
641	90	62	20	4
631	107	72	58	0
256	59	70	36	2
22	21	11	9	0

1179	247	81	34	6
651	90	62	20	4
640	107	72	58	0
256	59	70	36	2
22	21	11	9	0

1192	252	81	34	6
659	90	62	20	4
644	107	72	58	0
257	59	70	36	2
22	21	11	9	0

1206	259	81	34	6
669	90	62	20	4
652	107	72	58	0
259	60	70	36	2
22	21	11	9	0

1220	264	81	34	6
677	90	62	20	4
663	108	72	58	0
261	60	70	36	2
22	21	11	9	0

1233	271	81	34	6
684	90	62	20	4
669	108	72	58	0
261	62	70	36	2
22	21	11	9	0

1241	273	82	34	6
695	91	62	20	4
678	108	72	58	0
265	62	70	36	2
22	21	11	9	0

1263	281	82	34	6
709	92	62	20	4
685	109	72	58	0
268	62	70	36	2
22	21	11	9	0

1276	286	82	34	6
720	92	62	20	4
689	111	72	58	0
270	62	70	36	2
22	21	11	9	0

1291	294	83	34	6
725	92	62	20	4
696	111	72	58	0
271	62	70	36	2
22	21	11	9	0

1308	298	83	34	6
738	94	62	20	4
709	111	72	58	0
271	63	70	36	2
22	21	11	9	0

1324	307	83	34	6
745	94	62	20	4
718	112	72	58	0
273	64	70	36	2
22	21	11	9	0

1339	311	83	34	6
751	95	62	20	4
731	112	72	58	0
276	64	70	36	2
22	21	11	9	0

1352	317	83	34	6
762	96	62	20	4
737	112	72	58	0
280	66	70	36	2
22	21	11	9	0

1366	327	83	34	6
774	96	62	20	4
747	112	72	58	0
282	66	70	36	2
22	21	11	9	0

1380	335	83	34	6
784	96	62	20	4
753	112	72	58	0
285	66	70	36	2
22	21	11	9	0

1396	339	83	34	6
796	97	62	20	4
764	112	72	58	0
286	68	70	36	2
22	21	11	9	0

1418	344	83	34	6
808	98	62	20	4
769	112	72	58	0
288	68	70	36	2
22	21	11	9	0

1434	350	84	34	6
815	98	62	20	4
778	112	72	58	0
291	68	70	36	2
22	21	11	9	0

1445	357	84	34	6
824	98	62	20	4
783	112	72	58	0
293	68	70	36	2
22	21	11	9	0

1457	364	85	34	6
830	99	62	20	4
795	112	72	58	0
296	68	70	36	2
22	21	11	9	0

1475	370	85	34	6
843	101	62	20	4
804	112	72	58	0
299	68	70	36	2
22	21	11	9	0

1494	376	85	34	6
852	102	62	20	4
813	112	72	58	0
302	68	70	36	2
22	21	11	9	0

1501	382	85	34	6
862	102	62	20	4
817	112	72	58	0
304	68	70	36	2
22	21	11	9	0

1522	391	85	34	6
873	102	62	20	4
830	112	72	58	0
307	68	70	36	2
22	21	11	9	0

1541	395	85	34	6
887	104	62	20	4
839	112	72	58	0
307	69	70	36	2
22	21	11	9	0

1556	402	85	34	6
897	104	62	20	4
848	112	72	58	0
310	69	70	36	2
22	21	11	9	0

1572	406	86	34	6
907	104	62	20	4
857	112	72	58	0
313	70	70	36	2
22	21	11	9	0

1583	412	86	34	6
918	106	62	20	4
869	112	72	58	0
315	70	70	36	2
22	21	11	9	0

1599	415	89	34	6
929	106	62	20	4
877	112	72	58	0
317	70	70	36	2
22	21	11	9	0

1611	419	90	35	6
942	106	62	20	4
887	112	72	58	0
321	71	70	36	2
22	21	11	9	0

1625	424	91	35	6
951	107	62	20	4
896	112	72	58	0
324	71	70	36	2
22	21	11	9	0

1640	430	91	35	6
961	111	62	20	4
908	112	72	58	0
328	71	70	36	2
22	21	11	9	0

1655	435	91	35	6
975	112	62	20	4
920	112	72	58	0
330	71	70	36	2
22	21	11	9	0

1667	444	91	35	6
990	112	62	20	4
929	112	72	58	0
332	71	70	36	2
22	21	11	9	0

1671	453	92	35	6
997	113	62	20	4
936	112	72	58	0
336	71	70	36	2
22	21	11	9	0

1685	461	92	35	6
1007	115	62	20	4
947	112	72	58	0
340	71	70	36	2
22	21	11	9	0

1702	467	93	35	6
1021	116	62	20	4
950	112	72	58	0
346	71	70	36	2
22	21	11	9	0

1711	473	93	35	6
1028	116	62	20	4
961	112	72	58	0
350	71	70	36	2
22	21	11	9	0

1727	478	94	35	6
1038	116	62	20	4
971	112	72	58	0
353	71	70	36	2
22	21	11	9	0

1736	484	94	35	6
1049	117	62	20	4
981	112	72	58	0
357	71	70	36	2
22	21	11	9	0

1752	489	94	35	6
1062	118	62	20	4
986	112	72	58	0
358	71	70	36	2
23	21	11	9	0

1766	496	94	35	6
1076	119	62	20	4
995	112	72	58	0
362	71	70	36	2
23	21	11	9	0

1776	500	94	35	6
1083	120	62	20	4
1002	112	72	58	0
365	71	70	36	2
23	21	11	9	0

1795	507	94	35	6
1094	122	62	20	4
1012	112	72	58	0
366	71	70	36	2
23	21	11	9	0

1808	514	94	35	6
1104	123	62	20	4
1021	112	72	58	0
368	71	70	36	2
23	21	11	9	0

1820	521	94	36	6
1119	124	62	20	4
1029	112	72	58	0
373	71	70	36	2
23	21	11	9	0

1831	526	94	36	6
1127	125	62	20	4
1038	113	72	58	0
378	71	70	36	2
23	21	11	9	0

1847	537	94	36	6
1134	127	63	20	4
1048	113	72	58	0
384	71	70	36	2
23	21	11	9	0

1861	545	95	36	6
1142	127	64	20	4
1056	113	72	58	0
384	71	70	36	2
23	21	11	9	0

1874	551	97	36	6
1148	127	64	20	4
1063	113	72	58	0
387	71	70	36	2
23	21	11	9	0

1887	557	99	36	6
1154	129	64	20	4
1075	113	72	58	0
388	71	70	36	2
23	21	11	9	0

1901	562	100	36	6
1165	130	64	20	4
1085	113	72	58	0
389	71	70	36	2
23	21	11	9	0

1915	567	100	36	6
1173	133	64	20	4
1094	113	72	58	0
389	71	70	36	2
23	21	11	9	0

1924	571	100	36	6
1183	134	64	20	4
1107	113	72	58	0
390	71	70	36	2
23	21	11	9	0

1940	577	101	36	6
1192	137	64	20	4
1112	114	72	58	0
393	71	70	36	2
23	21	11	9	0

1956	587	101	36	6
1202	139	64	20	4
1129	114	72	58	0
398	71	70	36	2
23	21	11	9	0

1969	592	101	36	6
1209	141	64	20	4
1139	114	72	58	0
399	71	70	36	2
23	21	11	9	0

1982	596	102	37	6
1220	143	64	20	4
1147	114	72	58	0
401	71	70	36	2
23	21	11	9	0

2001	601	102	37	6
1236	143	64	20	4
1158	114	72	58	0
404	71	70	36	2
23	21	11	9	0

2015	607	104	37	6
1250	143	64	20	4
1164	115	72	58	0
409	71	70	36	2
23	21	11	9	0

2029	614	104	37	6
1261	143	64	20	4
1171	115	72	58	0
411	71	70	36	2
23	21	11	9	0

2049	617	104	37	6
1271	145	64	20	4
1179	115	72	58	0
413	71	70	36	2
23	21	11	9	0

2062	623	104	37	6
1284	146	64	20	4
1193	115	72	58	0
418	71	70	36	2
23	21	11	9	0

2078	624	105	38	6
1295	149	64	20	4
1207	115	72	58	0
424	71	70	36	2
23	21	11	9	0

2099	632	105	39	6
1297	149	64	20	4
1218	115	72	58	0
425	71	70	36	2
23	21	11	9	0

2118	643	105	39	6
1306	151	64	20	4
1229	116	72	58	0
428	71	70	36	2
23	21	11	9	0

2133	652	108	39	6
1319	151	64	20	4
1240	116	72	58	0
429	71	70	36	2
23	21	11	9	0

2143	658	108	39	6
1325	152	64	20	4
1251	116	72	58	0
431	71	70	36	2
23	21	11	9	0

2160	661	108	39	6
1338	153	64	20	4
1262	117	72	58	0
432	71	70	36	2
23	21	11	9	0

2180	668	111	39	6
1348	154	64	20	4
1269	117	72	58	0
437	71	70	36	2
23	21	11	9	0

2193	674	112	39	6
1356	155	64	20	4
1281	117	72	58	0
438	71	70	36	2
23	21	11	9	0

2206	676	114	39	6
1370	155	64	20	4
1289	117	72	58	0
444	71	70	36	2
23	21	11	9	0

2215	683	115	39	6
1383	155	64	20	4
1301	117	72	58	0
451	71	70	36	2
23	21	11	9	0

2228	693	115	39	6
1392	157	64	20	4
1311	117	72	58	0
452	71	70	36	2
23	21	11	9	0

2242	698	116	39	6
1407	159	64	20	4
1319	118	72	58	0
454	71	70	36	2
23	21	11	9	0

2254	701	116	39	6
1414	161	64	20	4
1330	118	72	58	0
457	71	70	36	2
23	21	11	9	0

2269	710	117	39	6
1425	164	64	20	4
1338	118	72	58	0
458	71	70	36	2
23	21	11	9	0

2282	717	117	39	6
1433	165	64	20	4
1349	119	72	58	0
460	71	70	36	2
23	21	11	9	0

2298	725	120	39	6
1449	167	64	20	4
1363	119	72	58	0
465	71	70	36	2
23	21	11	9	0

2322	732	120	39	6
1461	167	64	20	4
1373	119	72	58	0
469	71	70	36	2
23	21	11	9	0

2337	738	120	39	6
1469	168	64	20	4
1381	119	72	58	0
474	71	70	36	2
23	21	11	9	0

2348	746	120	39	6
1482	170	64	20	4
1392	119	72	58	0
477	71	70	36	2
23	21	11	9	0

2362	758	120	39	6
1488	172	64	20	4
1402	120	72	58	0
480	71	70	36	2
23	21	11	9	0

2376	765	120	39	6
1499	172	64	20	4
1411	120	72	58	0
480	71	70	36	2
23	21	11	9	0

2394	772	120	39	6
1506	172	64	20	4
1423	120	72	58	0
481	71	70	36	2
23	21	11	9	0

2412	782	120	39	6
1514	175	64	20	4
1440	120	72	58	0
486	71	70	36	2
23	21	11	9	0

2427	788	120	39	6
1525	176	64	20	4
1447	120	72	58	0
488	71	70	36	2
23	21	11	9	0

2444	797	120	39	6
1542	178	64	20	4
1453	120	72	58	0
490	71	70	36	2
23	21	11	9	0

2450	805	120	39	6
1549	179	64	20	4
1462	120	72	58	0
496	71	70	36	2
23	21	11	9	0

2463	812	123	39	6
1560	179	64	20	4
1472	120	72	58	0
501	71	70	36	2
23	21	11	9	0

2478	817	123	39	6
1566	179	64	20	4
1481	120	72	58	0
505	71	70	36	2
23	21	11	9	0

2492	827	125	39	6
1578	179	64	20	4
1491	120	72	58	0
511	71	70	36	2
23	21	11	9	0

2504	832	125	39	6
1589	181	64	20	4
1497	120	72	58	0
514	71	70	36	2
23	21	11	9	0

2521	838	125	39	6
1600	184	64	20	4
1508	120	72	58	0
516	71	70	36	2
23	21	11	9	0

2540	843	125	39	6
1609	184	64	20	4
1518	120	72	58	0
518	71	70	36	2
23	21	11	9	0

2555	845	125	39	6
1618	185	64	20	4
1531	120	72	58	0
520	71	70	36	2
23	21	11	9	0

2569	850	125	39	6
1630	185	64	20	4
1540	120	72	58	0
525	71	70	36	2
23	21	11	9	0

2585	858	125	39	6
1636	189	64	20	4
1549	120	72	58	0
529	71	70	36	2
23	21	11	9	0

2594	860	125	39	6
1647	189	64	20	4
1555	120	72	58	0
533	71	70	36	2
23	21	11	9	0

2610	866	126	39	6
1659	189	64	20	4
1561	120	72	58	0
535	71	70	36	2
23	21	11	9	0

2623	873	127	39	6
1669	189	64	20	4
1570	121	72	58	0
537	71	70	36	2
23	21	11	9	0

2631	881	129	39	6
1681	190	64	20	4
1579	121	72	58	0
538	71	70	36	2
23	21	11	9	0

2648	888	129	39	6
1696	191	64	20	4
1589	121	72	58	0
541	71	70	36	2
23	21	11	9	0

2661	892	130	39	6
1707	191	64	20	4
1596	121	72	58	0
544	71	70	36	2
23	21	11	9	0

2673	896	130	39	6
1716	191	64	20	4
1604	121	72	58	0
550	71	70	36	2
23	21	11	9	0

2680	903	131	39	6
1729	191	64	20	4
1613	121	72	58	0
552	71	70	36	2
23	21	11	9	0

2692	910	131	39	6
1739	191	64	20	4
1621	121	72	58	0
556	71	70	36	2
23	21	11	9	0

2704	917	131	39	6
1745	191	64	20	4
1629	121	72	58	0
560	71	70	36	2
23	21	11	9	0

2714	924	132	39	6
1756	191	64	20	4
1638	121	72	58	0
562	71	70	36	2
23	21	11	9	0

2736	930	133	39	6
1772	191	64	20	4
1644	121	72	58	0
563	71	70	36	2
23	21	11	9	0

2752	938	133	39	6
1787	192	64	20	4
1650	121	72	58	0
565	71	70	36	2
23	21	11	9	0

2770	948	135	39	6
1799	195	64	20	4
1662	121	72	58	0
567	71	70	36	2
23	21	11	9	0

2778	949	136	39	6
1809	196	64	20	4
1669	121	72	58	0
570	71	70	36	2
23	21	11	9	0

2788	955	136	39	6
1822	196	64	20	4
1682	121	72	58	0
573	71	70	36	2
23	21	11	9	0

2805	966	139	39	6
1839	196	64	20	4
1689	121	72	58	0
576	71	70	36	2
24	21	11	9	0

2818	973	139	39	6
1848	198	64	20	4
1698	121	72	58	0
579	71	70	36	2
24	21	11	9	0

2828	979	140	39	6
1854	199	64	20	4
1704	121	72	58	0
583	71	70	36	2
24	21	11	9	0

2847	985	140	39	6
1861	203	64	20	4
1713	121	72	58	0
586	71	70	36	2
24	21	11	9	0

2864	993	142	39	6
1873	205	64	20	4
1724	123	72	58	0
589	71	70	36	2
24	21	11	9	0

2876	999	143	39	6
1884	205	64	20	4
1731	123	72	58	0
592	71	70	36	2
24	21	11	9	0

2894	1010	144	39	6
1892	207	64	20	4
1737	123	72	58	0
594	71	70	36	2
24	21	11	9	0

2910	1018	144	39	6
1899	208	64	20	4
1745	123	72	58	0
599	71	70	36	2
24	21	11	9	0

2919	1025	144	39	6
1908	209	64	20	4
1755	123	72	58	0
603	71	70	36	2
24	21	11	9	0

2937	1033	144	39	6
1916	214	64	20	4
1761	123	72	58	0
605	71	70	36	2
24	21	11	9	0

2949	1036	144	39	6
1928	216	64	20	4
1774	123	72	58	0
607	71	70	36	2
24	21	11	9	0

2964	1045	144	39	6
1936	216	64	20	4
1784	123	72	58	0
610	71	70	36	2
24	21	11	9	0

2976	1051	144	39	6
1945	217	64	20	4
1791	123	72	58	0
613	71	70	36	2
24	21	11	9	0

2992	1059	145	39	6
1955	218	64	20	4
1798	123	72	58	0
616	71	70	36	2
24	21	11	9	0

3002	1064	146	39	6
1965	220	64	20	4
1805	123	72	58	0
620	71	70	36	2
24	21	11	9	0

3014	1075	146	39	6
1973	222	64	20	4
1817	123	72	58	0
622	71	70	36	2
24	21	11	9	0

3031	1080	146	39	6
1979	222	64	20	4
1827	123	72	58	0
625	71	70	36	2
24	21	11	9	0

3047	1084	146	39	6
1986	224	64	20	4
1840	123	72	58	0
626	71	70	36	2
24	21	11	9	0

3056	1092	147	39	6
1991	225	64	20	4
1850	123	72	58	0
626	71	70	36	2
24	21	11	9	0

3067	1098	147	39	6
2002	225	64	20	4
1858	123	72	58	0
629	71	70	36	2
24	21	11	9	0

3087	1103	147	39	6
2011	226	64	20	4
1870	123	72	58	0
632	71	70	36	2
24	21	11	9	0

3104	1107	147	39	6
2020	226	64	20	4
1879	123	72	58	0
634	71	70	36	2
24	21	11	9	0

3120	1111	147	39	6
2032	226	64	20	4
1888	123	72	58	0
637	71	70	36	2
24	21	11	9	0

3136	1117	147	39	6
2041	226	64	20	4
1897	123	72	58	0
638	71	70	36	2
24	21	11	9	0

3153	1124	147	39	6
2053	226	64	20	4
1903	124	72	58	0
641	71	70	36	2
24	21	11	9	0

3173	1129	148	39	6
2064	228	64	20	4
1912	124	72	58	0
645	71	70	36	2
24	21	11	9	0

3188	1133	148	39	6
2074	228	64	20	4
1923	124	72	58	0
651	71	70	36	2
24	21	11	9	0

3203	1138	148	39	6
2082	231	64	20	4
1928	124	72	58	0
651	71	70	36	2
24	21	11	9	0

3221	1150	149	39	6
2091	233	64	20	4
1938	126	72	58	0
651	71	70	36	2
24	21	11	9	0

3236	1155	150	39	6
2103	235	64	20	4
1942	126	72	58	0
652	71	70	36	2
24	21	11	9	0

3249	1157	151	39	6
2116	236	64	20	4
1947	127	72	58	0
657	71	70	36	2
24	21	11	9	0

3265	1160	152	39	6
2125	236	64	20	4
1953	127	72	58	0
662	71	70	36	2
24	21	11	9	0

3279	1164	152	39	6
2137	237	64	20	4
1964	127	72	58	0
664	71	70	36	2
24	21	11	9	0

3298	1171	153	39	6
2151	238	64	20	4
1973	127	72	58	0
670	71	70	36	2
24	21	11	9	0

3313	1177	154	39	6
2164	238	64	20	4
1982	127	72	58	0
672	71	70	36	2
24	21	11	9	0

3326	1183	156	39	6
2175	241	64	20	4
1988	127	72	58	0
675	71	70	36	2
24	21	11	9	0

3339	1192	158	39	6
2188	245	64	20	4
1999	127	72	58	0
679	71	70	36	2
24	21	11	9	0

3355	1196	160	39	6
2199	246	64	20	4
2008	127	72	58	0
680	71	70	36	2
24	21	11	9	0

3368	1202	160	39	6
2208	248	64	20	4
2018	127	72	58	0
685	71	70	36	2
24	21	11	9	0

3380	1205	160	39	6
2220	249	64	20	4
2029	127	72	58	0
688	71	70	36	2
24	21	11	9	0

3394	1216	160	39	6
2228	249	64	20	4
2041	127	72	58	0
691	71	70	36	2
24	21	11	9	0

3406	1218	161	39	6
2237	251	64	20	4
2046	127	72	58	0
692	71	70	36	2
24	21	11	9	0

3423	1223	162	39	6
2244	252	64	20	4
2054	127	72	58	0
696	71	70	36	2
24	21	11	9	0

3439	1230	162	39	6
2252	253	64	20	4
2061	127	72	58	0
698	71	70	36	2
24	21	11	9	0

3455	1235	163	39	6
2260	254	64	20	4
2071	127	72	58	0
701	71	70	36	2
24	21	11	9	0

3470	1244	164	39	6
2267	255	64	20	4
2081	127	72	58	0
705	71	70	36	2
24	21	11	9	0

3483	1251	165	39	6
2274	256	64	20	4
2091	127	72	58	0
706	71	70	36	2
24	21	11	9	0

3500	1255	168	39	6
2287	256	64	20	4
2094	127	72	58	0
711	71	70	36	2
24	21	11	9	0

3513	1263	169	39	6
2297	257	64	20	4
2100	127	72	58	0
717	71	70	36	2
24	21	11	9	0

3525	1271	169	39	6
2304	258	64	20	4
2112	127	72	58	0
723	71	70	36	2
24	21	11	9	0

3535	1279	171	39	6
2311	258	64	20	4
2121	127	72	58	0
726	71	70	36	2
24	21	11	9	0

3551	1287	172	39	6
2319	258	64	20	4
2132	127	72	58	0
728	71	70	36	2
24	21	11	9	0

3567	1297	174	39	6
2327	258	64	20	4
2139	127	72	58	0
732	71	70	36	2
24	21	11	9	0

3580	1300	174	39	6
2336	259	64	20	4
2148	127	72	58	0
734	71	70	36	2
24	21	11	9	0

3591	1308	174	39	6
2349	260	64	20	4
2154	127	72	58	0
737	71	70	36	2
24	21	11	9	0

3604	1314	174	39	6
2363	261	64	20	4
2160	127	72	58	0
738	71	70	36	2
24	21	11	9	0

3620	1323	176	39	6
2372	261	64	20	4
2167	127	72	58	0
744	71	70	36	2
24	21	11	9	0

3635	1331	176	39	6
2383	261	64	20	4
2172	127	72	58	0
747	71	70	36	2
24	21	11	9	0

3649	1335	176	39	6
2392	262	64	20	4
2181	127	72	58	0
752	71	70	36	2
24	21	11	9	0

3668	1341	176	39	6
2403	265	64	20	4
2187	127	72	58	0
755	71	70	36	2
24	21	11	9	0

3682	1353	177	39	6
2414	267	64	20	4
2194	127	72	58	0
758	71	70	36	2
24	21	11	9	0

3696	1359	178	39	6
2425	270	64	20	4
2203	127	72	58	0
759	71	70	36	2
24	21	11	9	0

3715	1366	179	39	6
2437	273	64	20	4
2213	127	72	58	0
763	71	70	36	2
24	21	11	9	0

3727	1372	179	39	6
2448	275	64	20	4
2222	127	72	58	0
766	71	70	36	2
24	21	11	9	0

3742	1375	179	39	6
2453	276	64	20	4
2230	127	72	58	0
768	71	70	36	2
24	21	11	9	0

3753	1381	179	39	6
2462	277	64	20	4
2234	127	72	58	0
769	71	70	36	2
24	21	11	9	0

3767	1391	180	39	6
2472	279	64	20	4
2242	127	72	58	0
772	71	70	36	2
24	21	11	9	0

3778	1400	180	39	6
2482	280	64	20	4
2253	127	72	58	0
773	71	70	36	2
24	21	11	9	0

3798	1408	180	39	6
2495	283	64	20	4
2262	127	72	58	0
779	71	70	36	2
24	21	11	9	0

3812	1418	182	39	6
2503	283	64	20	4
2267	127	72	58	0
782	71	70	36	2
24	21	11	9	0

3822	1422	183	39	6
2514	284	64	20	4
2275	127	72	58	0
785	71	70	36	2
24	21	11	9	0

3833	1429	183	39	6
2519	285	64	20	4
2282	127	72	58	0
789	71	70	36	2
24	21	11	9	0

3845	1434	183	39	6
2526	287	64	20	4
2287	127	72	58	0
791	71	70	36	2
25	21	11	9	0

3855	1438	184	39	6
2534	287	64	20	4
2297	127	72	58	0
795	71	70	36	2
25	21	11	9	0

3867	1446	184	39	6
2541	287	64	20	4
2309	128	72	58	0
799	71	70	36	2
26	21	11	9	0

3882	1451	184	39	6
2555	289	64	20	4
2317	128	72	58	0
800	71	70	36	2
26	21	11	9	0

3897	1459	185	39	6
2568	294	64	20	4
2324	128	72	58	0
804	71	70	36	2
26	21	11	9	0

3912	1462	185	39	6
2577	295	64	20	4
2335	128	72	58	0
806	71	70	36	2
26	21	11	9	0

3927	1467	187	39	6
2587	295	64	20	4
2346	128	72	58	0
807	71	70	36	2
26	21	11	9	0

3940	1473	187	39	6
2595	295	64	20	4
2356	128	72	58	0
810	71	70	36	2
26	21	11	9	0

3962	1481	189	39	6
2606	295	64	20	4
2365	128	72	58	0
815	71	70	36	2
26	21	11	9	0

3973	1495	189	39	6
2615	295	64	20	4
2371	128	72	58	0
821	71	70	36	2
26	21	11	9	0

3986	1504	189	39	6
2629	295	64	20	4
2376	128	72	58	0
827	71	70	36	2
26	21	11	9	0

4000	1514	189	39	6
2641	295	64	20	4
2386	128	72	58	0
833	71	70	36	2
26	21	11	9	0

4013	1519	190	39	6
2651	299	64	20	4
2396	128	72	58	0
838	71	70	36	2
26	21	11	9	0

4031	1534	190	39	6
2662	299	64	20	4
2404	128	72	58	0
843	71	70	36	2
26	21	11	9	0

4042	1541	192	39	6
2668	300	64	20	4
2416	128	72	58	0
846	71	70	36	2
26	21	11	9	0

4056	1543	192	39	6
2680	300	64	20	4
2428	128	72	58	0
850	71	70	36	2
26	21	11	9	0

4070	1553	195	39	6
2691	302	64	20	4
2438	128	72	58	0
852	71	70	36	2
26	21	11	9	0

4087	1563	196	39	6
2702	303	64	20	4
2447	128	72	58	0
858	71	70	36	2
26	21	11	9	0

4098	1570	196	39	6
2709	303	64	20	4
2456	128	72	58	0
861	71	70	36	2
26	21	11	9	0

4112	1572	198	39	6
2717	305	64	20	4
2467	128	72	58	0
862	71	70	36	2
26	21	11	9	0

4124	1579	198	39	6
2728	305	64	20	4
2480	128	72	58	0
866	71	70	36	2
26	21	11	9	0

4135	1584	201	39	6
2740	309	64	20	4
2483	128	72	58	0
869	71	70	36	2
26	21	11	9	0

4147	1589	202	39	6
2756	310	64	20	4
2494	128	72	58	0
871	71	70	36	2
26	21	11	9	0

4166	1595	202	39	6
2769	313	64	20	4
2504	128	72	58	0
872	71	70	36	2
26	21	11	9	0

4181	1608	202	39	6
2774	316	64	20	4
2519	128	72	58	0
876	71	70	36	2
26	21	11	9	0

4195	1621	202	39	6
2783	319	64	20	4
2526	128	72	58	0
881	71	70	36	2
26	21	11	9	0

4203	1626	202	39	6
2794	322	64	20	4
2538	128	72	58	0
884	71	70	36	2
26	21	11	9	0

4223	1635	202	39	6
2804	324	64	20	4
2549	128	72	58	0
887	71	70	36	2
26	21	11	9	0

4240	1641	203	39	6
2814	324	64	20	4
2560	128	72	58	0
892	71	70	36	2
26	21	11	9	0

4261	1652	204	39	6
2821	324	64	20	4
2569	128	72	58	0
898	71	70	36	2
26	21	11	9	0

4272	1658	204	39	6
2832	326	64	20	4
2578	128	72	58	0
900	71	70	36	2
26	21	11	9	0

4285	1667	204	39	6
2846	326	64	20	4
2582	128	72	58	0
906	71	70	36	2
26	21	11	9	0

4303	1678	206	39	6
2859	327	64	20	4
2596	128	72	58	0
908	71	70	36	2
26	21	11	9	0

4319	1685	206	39	6
2872	329	64	20	4
2601	128	72	58	0
911	71	70	36	2
26	21	11	9	0

4336	1690	208	39	6
2881	331	64	20	4
2609	128	72	58	0
915	71	70	36	2
26	21	11	9	0

4352	1695	208	39	6
2886	333	64	20	4
2619	128	72	58	0
917	71	70	36	2
26	21	11	9	0

4364	1703	208	39	6
2899	333	64	20	4
2630	128	72	58	0
923	71	70	36	2
26	21	11	9	0

4383	1708	208	39	6
2907	334	64	20	4
2638	128	72	58	0
927	71	70	36	2
26	21	11	9	0

4394	1716	209	39	6
2918	336	64	20	4
2651	128	72	58	0
932	71	70	36	2
26	21	11	9	0

4408	1720	211	39	6
2929	336	64	20	4
2656	128	72	58	0
934	71	70	36	2
26	21	11	9	0

4429	1727	211	39	6
2940	337	64	20	4
2664	128	72	58	0
934	71	70	36	2
26	21	11	9	0

4443	1735	211	39	6
2946	339	64	20	4
2676	128	72	58	0
937	71	70	36	2
26	21	11	9	0

4460	1742	211	39	6
2955	340	64	20	4
2680	128	72	58	0
940	71	70	36	2
26	21	11	9	0

4468	1751	211	39	6
2964	342	64	20	4
2689	128	72	58	0
941	71	70	36	2
26	21	11	9	0

4478	1754	213	39	6
2979	344	64	20	4
2695	128	72	58	0
946	71	70	36	2
26	21	11	9	0

4493	1760	213	39	6
2992	345	64	20	4
2702	128	72	58	0
946	71	70	36	2
26	21	11	9	0

4507	1765	214	39	6
3002	347	64	20	4
2710	128	72	58	0
950	71	70	36	2
26	21	11	9	0

4522	1773	214	39	6
3013	347	64	20	4
2718	128	72	58	0
956	71	70	36	2
26	21	11	9	0

4537	1782	214	39	6
3028	350	64	20	4
2724	128	72	58	0
961	71	70	36	2
26	21	11	9	0

4552	1793	216	39	6
3043	352	64	20	4
2729	128	72	58	0
964	71	70	36	2
26	21	11	9	0

4567	1797	216	39	6
3054	352	64	20	4
2740	128	72	58	0
965	71	70	36	2
26	21	11	9	0

4579	1804	216	39	6
3064	353	64	20	4
2750	128	72	58	0
965	71	70	36	2
26	21	11	9	0

4594	1812	218	39	6
3080	356	64	20	4
2752	128	72	58	0
968	71	70	36	2
26	21	11	9	0

4608	1818	218	39	6
3087	357	64	20	4
2762	128	72	58	0
972	71	70	36	2
26	21	11	9	0

4625	1823	218	39	6
3093	357	64	20	4
2771	128	72	58	0
976	71	70	36	2
26	21	11	9	0

4637	1830	218	39	6
3101	358	64	20	4
2785	128	72	58	0
982	71	70	36	2
26	21	11	9	0

4648	1835	218	39	6
3111	360	64	20	4
2794	128	72	58	0
985	71	70	36	2
26	21	11	9	0

4661	1845	221	39	6
3118	361	64	20	4
2801	128	72	58	0
990	71	70	36	2
26	21	11	9	0

4667	1852	221	39	6
3132	362	64	20	4
2810	128	72	58	0
993	71	70	36	2
26	21	11	9	0

4680	1855	223	39	6
3140	362	64	20	4
2820	128	72	58	0
996	71	70	36	2
26	21	11	9	0

4690	1862	225	39	6
3146	364	64	20	4
2826	128	72	58	0
998	71	70	36	2
26	21	11	9	0

4711	1871	225	39	6
3156	366	64	20	4
2831	128	72	58	0
999	71	70	36	2
26	21	11	9	0

4721	1877	225	39	6
3170	367	64	20	4
2838	128	72	58	0
999	71	70	36	2
26	21	11	9	0

4730	1885	225	39	6
3181	370	64	20	4
2844	128	72	58	0
999	71	70	36	2
26	21	11	9	0

4741	1888	225	39	6
3193	373	64	20	4
2855	128	72	58	0
1000	71	70	36	2
26	21	11	9	0

4755	1898	225	39	6
3201	374	64	20	4
2860	128	72	58	0
1004	71	70	36	2
26	21	11	9	0

4769	1908	225	39	6
3211	375	64	20	4
2870	128	72	58	0
1007	71	70	36	2
26	21	11	9	0

4787	1915	225	39	6
3218	375	64	20	4
2885	128	72	58	0
1011	71	70	36	2
26	21	11	9	0

4804	1924	227	39	6
3225	375	64	20	4
2896	128	72	58	0
1014	71	70	36	2
26	21	11	9	0

4824	1929	227	39	6
3233	377	64	20	4
2908	128	72	58	0
1017	71	70	36	2
26	21	11	9	0

4833	1938	228	39	6
3244	377	64	20	4
2919	128	72	58	0
1021	71	70	36	2
26	21	11	9	0

4845	1951	229	39	6
3260	380	64	20	4
2923	128	72	58	0
1021	71	70	36	2
26	21	11	9	0

4860	1960	229	39	6
3274	382	64	20	4
2933	128	72	58	0
1025	71	70	36	2
26	21	11	9	0

4878	1964	229	39	6
3282	383	64	20	4
2942	128	72	58	0
1030	71	70	36	2
26	21	11	9	0

4891	1971	231	39	6
3295	384	64	20	4
2949	128	72	58	0
1035	71	70	36	2
26	21	11	9	0

4907	1979	231	39	6
3306	384	64	20	4
2955	128	72	58	0
1036	71	70	36	2
26	21	11	9	0

4921	1990	232	39	6
3314	384	64	20	4
2963	128	72	58	0
1040	71	70	36	2
26	21	11	9	0

4938	1999	232	39	6
3325	386	64	20	4
2970	128	72	58	0
1046	71	70	36	2
26	21	11	9	0

4952	2008	232	39	6
3331	386	64	20	4
2973	128	72	58	0
1048	71	70	36	2
26	21	11	9	0

4961	2017	232	39	6
3342	387	64	20	4
2982	128	72	58	0
1051	71	70	36	2
26	21	11	9	0

4978	2020	232	39	6
3353	389	64	20	4
2995	128	72	58	0
1053	71	70	36	2
26	21	11	9	0

4990	2028	234	39	6
3362	391	64	20	4
3002	128	72	58	0
1057	71	70	36	2
26	21	11	9	0

5002	2033	234	39	6
3366	395	64	20	4
3015	128	72	58	0
1062	71	70	36	2
26	21	11	9	0

5014	2036	234	39	6
3376	397	64	20	4
3023	128	72	58	0
1064	71	70	36	2
26	21	11	9	0

5028	2043	235	39	6
3380	397	64	20	4
3027	128	72	58	0
1070	71	70	36	2
26	21	11	9	0

5042	2051	235	39	6
3390	397	64	20	4
3040	128	72	58	0
1074	71	70	36	2
26	21	11	9	0

5060	2059	236	39	6
3402	398	64	20	4
3050	128	72	58	0
1078	71	70	36	2
26	21	11	9	0

5069	2065	236	39	6
3415	398	64	20	4
3054	128	72	58	0
1084	71	70	36	2
26	21	11	9	0

5087	2076	236	39	6
3426	399	64	20	4
3061	128	72	58	0
1084	71	70	36	2
26	21	11	9	0

5102	2086	236	39	6
3433	399	64	20	4
3071	128	72	58	0
1088	71	70	36	2
26	21	11	9	0

5116	2100	237	39	6
3446	399	64	20	4
3079	128	72	58	0
1091	71	70	36	2
26	21	11	9	0

5123	2105	238	39	6
3455	400	64	20	4
3090	128	72	58	0
1093	71	70	36	2
26	21	11	9	0

5138	2119	242	39	6
3462	400	64	20	4
3100	128	72	58	0
1094	71	70	36	2
26	21	11	9	0

5149	2128	243	39	6
3471	403	64	20	4
3113	128	72	58	0
1099	71	70	36	2
26	21	11	9	0

5168	2132	244	39	6
3484	404	64	20	4
3123	128	72	58	0
1104	71	70	36	2
26	21	11	9	0

5181	2137	246	39	6
3491	405	64	20	4
3133	128	72	58	0
1107	71	70	36	2
26	21	11	9	0

5191	2144	248	39	6
3502	408	64	20	4
3141	128	72	58	0
1112	71	70	36	2
26	21	11	9	0

5204	2150	251	39	6
3513	409	64	20	4
3148	128	72	58	0
1114	71	70	36	2
26	21	11	9	0

5222	2155	252	39	6
3524	412	64	20	4
3159	128	72	58	0
1116	71	70	36	2
26	21	11	9	0

5239	2161	253	39	6
3532	413	64	20	4
3168	128	72	58	0
1119	71	70	36	2
26	21	11	9	0

5253	2169	253	39	6
3539	415	64	20	4
3177	128	72	58	0
1122	71	70	36	2
26	21	11	9	0

5268	2174	253	39	6
3550	416	64	20	4
3189	128	72	58	0
1125	71	70	36	2
26	21	11	9	0

5285	2179	253	39	6
3566	419	64	20	4
3203	128	72	58	0
1128	71	70	36	2
26	21	11	9	0

5298	2186	254	39	6
3574	419	64	20	4
3207	128	72	58	0
1128	71	70	36	2
26	21	11	9	0

5314	2199	255	39	6
3584	421	64	20	4
3216	128	72	58	0
1131	71	70	36	2
26	21	11	9	0

5329	2205	255	39	6
3593	422	64	20	4
3226	128	72	58	0
1136	71	70	36	2
26	21	11	9	0

5349	2214	256	39	6
3605	423	64	20	4
3232	128	72	58	0
1136	71	70	36	2
26	21	11	9	0

5365	2223	258	39	6
3619	425	64	20	4
3240	128	72	58	0
1140	71	70	36	2
26	21	11	9	0

5382	2236	258	39	6
3625	428	64	20	4
3247	128	72	58	0
1146	71	70	36	2
26	21	11	9	0

5395	2243	259	39	6
3635	431	64	20	4
3258	128	72	58	0
1151	71	70	36	2
26	21	11	9	0

5407	2251	259	39	6
3646	432	64	20	4
3269	128	72	58	0
1156	71	70	36	2
26	21	11	9	0

5416	2257	261	39	6
3657	434	64	20	4
3279	128	72	58	0
1159	71	70	36	2
26	21	11	9	0

5431	2263	262	39	6
3670	435	64	20	4
3289	128	72	58	0
1162	71	70	36	2
26	21	11	9	0

5449	2272	262	39	6
3678	436	64	20	4
3295	128	72	58	0
1165	71	70	36	2
26	21	11	9	0

5465	2279	263	39	6
3685	436	64	20	4
3303	128	72	58	0
1170	71	70	36	2
26	21	11	9	0

5481	2283	263	39	6
3698	438	64	20	4
3316	128	72	58	0
1173	71	70	36	2
26	21	11	9	0

5495	2292	263	39	6
3705	438	64	20	4
3324	128	72	58	0
1174	71	70	36	2
26	21	11	9	0

5510	2300	263	39	6
3715	440	64	20	4
3332	128	72	58	0
1177	71	70	36	2
26	21	11	9	0

5525	2312	263	39	6
3719	442	64	20	4
3346	128	72	58	0
1181	71	70	36	2
26	21	11	9	0

5542	2322	263	39	6
3728	443	64	20	4
3354	128	72	58	0
1185	71	70	36	2
26	21	11	9	0

5558	2329	263	39	6
3733	443	64	20	4
3363	128	72	58	0
1186	71	70	36	2
26	21	11	9	0

5573	2333	263	39	6
3742	443	64	20	4
3373	128	72	58	0
1188	71	70	36	2
26	21	11	9	0

5590	2340	263	39	6
3751	444	64	20	4
3386	128	72	58	0
1192	71	70	36	2
26	21	11	9	0

5602	2347	263	39	6
3762	445	64	20	4
3394	128	72	58	0
1193	71	70	36	2
26	21	11	9	0

5617	2358	266	39	6
3773	445	64	20	4
3401	128	72	58	0
1194	71	70	36	2
26	21	11	9	0

5634	2364	267	39	6
3787	448	64	20	4
3416	128	72	58	0
1197	71	70	36	2
26	21	11	9	0

5648	2372	269	39	6
3797	452	64	20	4
3427	128	72	58	0
1202	71	70	36	2
26	21	11	9	0

5659	2374	270	39	6
3811	452	64	20	4
3436	128	72	58	0
1207	71	70	36	2
26	21	11	9	0

5669	2378	270	39	6
3821	452	64	20	4
3443	128	72	58	0
1209	71	70	36	2
26	21	11	9	0

5693	2382	270	39	6
3833	455	64	20	4
3453	128	72	58	0
1214	71	70	36	2
26	21	11	9	0

5717	2390	272	39	6
3844	457	64	20	4
3462	128	72	58	0
1219	71	70	36	2
26	21	11	9	0

5730	2396	272	39	6
3849	457	64	20	4
3467	128	72	58	0
1222	71	70	36	2
26	21	11	9	0

5747	2406	272	39	6
3861	457	64	20	4
3476	128	72	58	0
1224	71	70	36	2
26	21	11	9	0

5753	2418	273	39	6
3869	458	64	20	4
3484	128	72	58	0
1229	71	70	36	2
26	21	11	9	0

5774	2422	274	39	6
3880	459	64	20	4
3490	128	72	58	0
1234	71	70	36	2
26	21	11	9	0

5787	2427	275	39	6
3890	460	64	20	4
3498	128	72	58	0
1237	71	70	36	2
26	21	11	9	0

5797	2436	276	39	6
3903	460	64	20	4
3508	128	72	58	0
1241	71	70	36	2
27	21	11	9	0

5815	2444	276	39	6
3914	460	64	20	4
3515	128	72	58	0
1242	71	70	36	2
27	21	11	9	0

5831	2452	276	39	6
3923	461	64	20	4
3524	128	72	58	0
1242	71	70	36	2
27	21	11	9	0

5850	2456	277	39	6
3937	461	64	20	4
3532	128	72	58	0
1248	71	70	36	2
27	21	11	9	0

5865	2462	277	39	6
3948	461	64	20	4
3543	128	72	58	0
1249	71	70	36	2
27	21	11	9	0

5878	2467	278	39	6
3957	462	64	20	4
3549	128	72	58	0
1253	71	70	36	2
27	21	11	9	0

5890	2476	282	39	6
3962	463	64	20	4
3558	128	72	58	0
1257	71	70	36	2
27	21	11	9	0

5907	2482	284	39	6
3976	466	64	20	4
3572	128	72	58	0
1257	71	70	36	2
28	21	11	9	0

5925	2491	284	39	6
3982	466	64	20	4
3579	128	72	58	0
1260	71	70	36	2
28	21	11	9	0

5942	2499	285	39	6
3988	467	64	20	4
3589	128	72	58	0
1262	71	70	36	2
28	21	11	9	0

5962	2507	285	39	6
4003	469	64	20	4
3596	128	72	58	0
1266	71	70	36	2
29	21	11	9	0

5980	2516	285	39	6
4018	472	64	20	4
3605	128	72	58	0
1270	71	70	36	2
29	21	11	9	0

5991	2522	286	39	6
4032	475	64	20	4
3620	128	72	58	0
1275	71	70	36	2
29	21	11	9	0

6010	2532	287	39	6
4044	479	64	20	4
3630	128	72	58	0
1279	71	70	36	2
29	21	11	9	0

6024	2541	287	39	6
4051	480	64	20	4
3636	128	72	58	0
1280	71	70	36	2
29	21	11	9	0

6036	2550	287	39	6
4063	481	64	20	4
3643	128	72	58	0
1283	71	70	36	2
29	21	11	9	0

6052	2554	288	39	6
4075	483	64	20	4
3652	128	72	58	0
1289	71	70	36	2
29	21	11	9	0

6066	2564	288	39	6
4088	485	64	20	4
3663	128	72	58	0
1293	71	70	36	2
29	21	11	9	0

6076	2570	290	39	6
4097	486	64	20	4
3671	128	72	58	0
1294	71	70	36	2
29	21	11	9	0

6093	2574	290	39	6
4104	486	64	20	4
3680	128	72	58	0
1300	71	70	36	2
29	21	11	9	0

6109	2581	291	39	6
4117	487	64	20	4
3690	128	72	58	0
1303	71	70	36	2
29	21	11	9	0

6130	2590	293	39	6
4123	488	64	20	4
3695	128	72	58	0
1304	71	70	36	2
29	21	11	9	0

6141	2599	296	39	6
4134	488	64	20	4
3704	128	72	58	0
1308	71	70	36	2
29	21	11	9	0

6156	2609	297	39	6
4146	491	64	20	4
3717	128	72	58	0
1311	71	70	36	2
29	21	11	9	0

6173	2614	297	39	6
4158	494	64	20	4
3726	128	72	58	0
1312	71	70	36	2
29	21	11	9	0

6183	2626	297	39	6
4170	494	64	20	4
3732	128	72	58	0
1314	71	70	36	2
29	21	11	9	0

6199	2634	298	39	6
4181	494	64	20	4
3739	128	72	58	0
1318	71	70	36	2
29	21	11	9	0

6214	2641	298	39	6
4194	495	64	20	4
3750	128	72	58	0
1322	71	70	36	2
29	21	11	9	0

6227	2650	299	39	6
4203	495	64	20	4
3757	128	72	58	0
1323	71	70	36	2
29	21	11	9	0

6236	2659	299	39	6
4212	496	64	20	4
3765	128	72	58	0
1326	71	70	36	2
29	21	11	9	0

6247	2665	300	39	6
4218	498	64	20	4
3772	128	72	58	0
1330	71	70	36	2
29	21	11	9	0

6262	2671	301	39	6
4228	500	64	20	4
3779	128	72	58	0
1332	71	70	36	2
29	21	11	9	0

6272	2679	301	39	6
4240	500	64	20	4
3788	128	72	58	0
1334	71	70	36	2
29	21	11	9	0

6290	2691	301	39	6
4250	501	64	20	4
3796	128	72	58	0
1338	71	70	36	2
29	21	11	9	0

6305	2702	301	39	6
4261	502	64	20	4
3805	128	72	58	0
1340	71	70	36	2
29	21	11	9	0

6319	2707	302	39	6
4274	504	64	20	4
3810	128	72	58	0
1342	71	70	36	2
29	21	11	9	0

6328	2710	302	39	6
4288	505	64	20	4
3817	128	72	58	0
1345	71	70	36	2
29	21	11	9	0

6344	2716	303	39	6
4293	505	64	20	4
3826	128	72	58	0
1350	71	70	36	2
29	21	11	9	0

6362	2724	303	39	6
4300	506	64	20	4
3832	128	72	58	0
1353	71	70	36	2
29	21	11	9	0

6375	2731	305	39	6
4312	507	64	20	4
3838	128	72	58	0
1356	71	70	36	2
29	21	11	9	0

6390	2743	307	39	6
4325	509	64	20	4
3845	128	72	58	0
1361	71	70	36	2
29	21	11	9	0

6403	2752	307	39	6
4339	512	64	20	4
3851	128	72	58	0
1364	71	70	36	2
29	21	11	9	0

6417	2761	309	39	6
4351	513	64	20	4
3861	128	72	58	0
1367	71	70	36	2
29	21	11	9	0

6428	2765	311	39	6
4365	514	64	20	4
3870	128	72	58	0
1371	71	70	36	2
29	21	11	9	0

6441	2773	311	39	6
4372	515	64	20	4
3874	128	72	58	0
1375	71	70	36	2
29	21	11	9	0

6449	2781	315	39	6
4383	517	64	20	4
3887	128	72	58	0
1376	71	70	36	2
29	21	11	9	0

6454	2788	315	39	6
4390	517	64	20	4
3895	128	72	58	0
1379	71	70	36	2
29	21	11	9	0

6478	2799	315	39	6
4400	518	64	20	4
3903	128	72	58	0
1384	71	70	36	2
29	21	11	9	0

6487	2809	316	39	6
4412	519	64	20	4
3910	128	72	58	0
1387	71	70	36	2
29	21	11	9	0

