12.280000 12.240000 12.720000 12.760000 
12.400000 11.980000 12.600000 13.020000 
12.660000 11.820000 12.340000 13.180000 
12.900000 11.660000 12.100000 13.340000 
12.960000 11.560000 12.040000 13.440000 
13.060000 11.460000 11.940000 13.540000 
13.180000 11.380000 11.820000 13.620000 
13.280000 11.280000 11.720000 13.720000 
13.400000 11.240000 11.600000 13.760000 
13.480000 11.120000 11.520000 13.880000 
13.540000 11.040000 11.460000 13.960000 
13.720000 10.980000 11.280000 14.020000 
13.860000 10.980000 11.140000 14.020000 
13.980000 10.900000 11.020000 14.100000 
14.060000 10.840000 10.940000 14.160000 
14.100000 10.800000 10.900000 14.200000 
14.220000 10.740000 10.780000 14.260000 
14.340000 10.640000 10.660000 14.360000 
14.380000 10.600000 10.620000 14.400000 
14.460000 10.600000 10.540000 14.400000 
14.500000 10.540000 10.500000 14.460000 
14.640000 10.460000 10.360000 14.540000 
14.740000 10.400000 10.260000 14.600000 
14.820000 10.360000 10.180000 14.640000 
14.940000 10.300000 10.060000 14.700000 
14.980000 10.240000 10.020000 14.760000 
15.020000 10.220000 9.980000 14.780000 
15.060000 10.180000 9.940000 14.820000 
15.120000 10.160000 9.880000 14.840000 
15.140000 10.100000 9.860000 14.900000 
15.160000 10.060000 9.840000 14.940000 
15.240000 10.060000 9.760000 14.940000 
15.320000 10.060000 9.680000 14.940000 
15.380000 10.020000 9.620000 14.980000 
15.440000 10.000000 9.560000 15.000000 
15.440000 9.960000 9.560000 15.040000 
15.500000 9.900000 9.500000 15.100000 
15.560000 9.880000 9.440000 15.120000 
15.600000 9.800000 9.400000 15.200000 
15.660000 9.780000 9.340000 15.220000 
15.740000 9.760000 9.260000 15.240000 
15.780000 9.660000 9.220000 15.340000 
15.860000 9.640000 9.140000 15.360000 
15.940000 9.540000 9.060000 15.460000 
16.020000 9.500000 8.980000 15.500000 
16.139999 9.480000 8.860000 15.520000 
16.219999 9.440000 8.780000 15.560000 
16.240000 9.400000 8.760000 15.600000 
16.320000 9.320000 8.680000 15.680000 
16.379999 9.300000 8.620000 15.700000 
16.400000 9.260000 8.600000 15.740000 
16.459999 9.240000 8.540000 15.760000 
16.540001 9.240000 8.460000 15.760000 
16.600000 9.240000 8.400000 15.760000 
16.660000 9.200000 8.340000 15.800000 
16.719999 9.200000 8.280000 15.800000 
16.740000 9.120000 8.260000 15.880000 
16.799999 9.120000 8.200000 15.880000 
16.820000 9.100000 8.180000 15.900000 
16.940001 9.040000 8.060000 15.960000 
17.020000 9.020000 7.980000 15.980000 
17.020000 9.000000 7.980000 16.000000 
17.040001 8.960000 7.960000 16.040001 
17.120001 8.960000 7.880000 16.040001 
17.219999 8.960000 7.780000 16.040001 
17.240000 8.900000 7.760000 16.100000 
17.299999 8.840000 7.700000 16.160000 
17.320000 8.840000 7.680000 16.160000 
17.420000 8.800000 7.580000 16.200001 
17.459999 8.800000 7.540000 16.200001 
17.480000 8.800000 7.520000 16.200001 
17.500000 8.760000 7.500000 16.240000 
17.540001 8.720000 7.460000 16.280001 
17.580000 8.680000 7.420000 16.320000 
17.680000 8.660000 7.320000 16.340000 
17.740000 8.600000 7.260000 16.400000 
17.820000 8.580000 7.180000 16.420000 
17.860001 8.540000 7.140000 16.459999 
17.879999 8.520000 7.120000 16.480000 
17.940001 8.440000 7.060000 16.559999 
17.940001 8.440000 7.060000 16.559999 
17.959999 8.440000 7.040000 16.559999 
18.020000 8.400000 6.980000 16.600000 
18.040001 8.380000 6.960000 16.620001 
18.120001 8.360000 6.880000 16.639999 
18.120001 8.340000 6.880000 16.660000 
18.160000 8.280000 6.840000 16.719999 
18.219999 8.240000 6.780000 16.760000 
18.240000 8.220000 6.760000 16.780001 
18.260000 8.220000 6.740000 16.780001 
18.280001 8.220000 6.720000 16.780001 
18.340000 8.180000 6.660000 16.820000 
18.379999 8.060000 6.620000 16.940001 
18.420000 8.060000 6.580000 16.940001 
18.459999 8.060000 6.540000 16.940001 
18.540001 8.020000 6.460000 16.980000 
18.559999 8.020000 6.440000 16.980000 
18.580000 8.000000 6.420000 17.000000 
18.600000 7.980000 6.400000 17.020000 
18.660000 7.960000 6.340000 17.040001 
18.680000 7.960000 6.320000 17.040001 
18.680000 7.860000 6.320000 17.139999 
18.700001 7.840000 6.300000 17.160000 
18.719999 7.820000 6.280000 17.180000 
18.760000 7.760000 6.240000 17.240000 
18.780001 7.720000 6.220000 17.280001 
18.840000 7.640000 6.160000 17.360001 
18.900000 7.620000 6.100000 17.379999 
18.940001 7.600000 6.060000 17.400000 
19.020000 7.560000 5.980000 17.440001 
19.100000 7.520000 5.900000 17.480000 
19.120001 7.480000 5.880000 17.520000 
19.139999 7.460000 5.860000 17.540001 
19.139999 7.420000 5.860000 17.580000 
19.180000 7.380000 5.820000 17.620001 
19.200001 7.340000 5.800000 17.660000 
19.240000 7.320000 5.760000 17.680000 
19.240000 7.280000 5.760000 17.719999 
19.280001 7.240000 5.720000 17.760000 
19.320000 7.180000 5.680000 17.820000 
19.340000 7.180000 5.660000 17.820000 
19.360001 7.160000 5.640000 17.840000 
19.459999 7.140000 5.540000 17.860001 
19.480000 7.100000 5.520000 17.900000 
19.500000 7.100000 5.500000 17.900000 
19.559999 7.080000 5.440000 17.920000 
19.639999 7.060000 5.360000 17.940001 
19.639999 6.940000 5.360000 18.059999 
19.660000 6.900000 5.340000 18.100000 
19.680000 6.840000 5.320000 18.160000 
19.719999 6.840000 5.280000 18.160000 
19.740000 6.820000 5.260000 18.180000 
19.799999 6.780000 5.200000 18.219999 
19.840000 6.720000 5.160000 18.280001 
19.860001 6.720000 5.140000 18.280001 
19.860001 6.720000 5.140000 18.280001 
19.900000 6.720000 5.100000 18.280001 
19.920000 6.680000 5.080000 18.320000 
19.980000 6.660000 5.020000 18.340000 
20.040001 6.640000 4.960000 18.360001 
20.040001 6.580000 4.960000 18.420000 
20.100000 6.560000 4.900000 18.440001 
20.160000 6.540000 4.840000 18.459999 
20.200001 6.500000 4.800000 18.500000 
20.219999 6.480000 4.780000 18.520000 
20.280001 6.420000 4.720000 18.580000 
20.360001 6.340000 4.640000 18.660000 
20.379999 6.300000 4.620000 18.700001 
20.379999 6.280000 4.620000 18.719999 
20.440001 6.280000 4.560000 18.719999 
20.440001 6.260000 4.560000 18.740000 
20.480000 6.240000 4.520000 18.760000 
20.500000 6.240000 4.500000 18.760000 
20.559999 6.200000 4.440000 18.799999 
20.559999 6.200000 4.440000 18.799999 
20.600000 6.180000 4.400000 18.820000 
20.639999 6.140000 4.360000 18.860001 
20.639999 6.100000 4.360000 18.900000 
20.700001 6.040000 4.300000 18.959999 
20.740000 6.020000 4.260000 18.980000 
20.740000 5.980000 4.260000 19.020000 
20.740000 5.940000 4.260000 19.059999 
20.760000 5.920000 4.240000 19.080000 
20.799999 5.900000 4.200000 19.100000 
20.820000 5.880000 4.180000 19.120001 
20.840000 5.860000 4.160000 19.139999 
20.879999 5.860000 4.120000 19.139999 
20.879999 5.840000 4.120000 19.160000 
20.900000 5.820000 4.100000 19.180000 
20.900000 5.800000 4.100000 19.200001 
20.900000 5.800000 4.100000 19.200001 
20.920000 5.800000 4.080000 19.200001 
20.920000 5.720000 4.080000 19.280001 
20.920000 5.720000 4.080000 19.280001 
20.959999 5.680000 4.040000 19.320000 
20.980000 5.640000 4.020000 19.360001 
20.980000 5.620000 4.020000 19.379999 
21.000000 5.620000 4.000000 19.379999 
21.059999 5.600000 3.940000 19.400000 
21.059999 5.580000 3.940000 19.420000 
21.059999 5.560000 3.940000 19.440001 
21.120001 5.560000 3.880000 19.440001 
21.139999 5.540000 3.860000 19.459999 
21.139999 5.520000 3.860000 19.480000 
21.160000 5.500000 3.840000 19.500000 
21.160000 5.500000 3.840000 19.500000 
21.200001 5.440000 3.800000 19.559999 
21.200001 5.400000 3.800000 19.600000 
21.240000 5.380000 3.760000 19.620001 
21.240000 5.360000 3.760000 19.639999 
21.240000 5.360000 3.760000 19.639999 
21.260000 5.320000 3.740000 19.680000 
21.280001 5.320000 3.720000 19.680000 
21.299999 5.320000 3.700000 19.680000 
21.299999 5.320000 3.700000 19.680000 
21.320000 5.280000 3.680000 19.719999 
21.320000 5.220000 3.680000 19.780001 
21.379999 5.160000 3.620000 19.840000 
21.440001 5.100000 3.560000 19.900000 
21.440001 5.100000 3.560000 19.900000 
21.440001 5.080000 3.560000 19.920000 
21.459999 5.080000 3.540000 19.920000 
21.459999 5.060000 3.540000 19.940001 
21.480000 5.020000 3.520000 19.980000 
21.480000 5.020000 3.520000 19.980000 
21.540001 5.020000 3.460000 19.980000 
21.559999 4.980000 3.440000 20.020000 
21.559999 4.980000 3.440000 20.020000 
21.580000 4.940000 3.420000 20.059999 
21.600000 4.920000 3.400000 20.080000 
21.620001 4.920000 3.380000 20.080000 
21.660000 4.920000 3.340000 20.080000 
21.680000 4.880000 3.320000 20.120001 
21.680000 4.840000 3.320000 20.160000 
21.700001 4.820000 3.300000 20.180000 
21.719999 4.780000 3.280000 20.219999 
21.719999 4.780000 3.280000 20.219999 
21.719999 4.780000 3.280000 20.219999 
21.719999 4.780000 3.280000 20.219999 
21.719999 4.720000 3.280000 20.280001 
21.740000 4.700000 3.260000 20.299999 
21.760000 4.700000 3.240000 20.299999 
21.760000 4.660000 3.240000 20.340000 
21.820000 4.600000 3.180000 20.400000 
21.840000 4.600000 3.160000 20.400000 
21.860001 4.560000 3.140000 20.440001 
21.879999 4.560000 3.120000 20.440001 
21.879999 4.540000 3.120000 20.459999 
21.900000 4.520000 3.100000 20.480000 
21.959999 4.520000 3.040000 20.480000 
22.000000 4.520000 3.000000 20.480000 
22.059999 4.500000 2.940000 20.500000 
22.059999 4.480000 2.940000 20.520000 
22.080000 4.480000 2.920000 20.520000 
22.080000 4.460000 2.920000 20.540001 
22.080000 4.380000 2.920000 20.620001 
22.120001 4.380000 2.880000 20.620001 
22.139999 4.360000 2.860000 20.639999 
22.180000 4.360000 2.820000 20.639999 
22.219999 4.340000 2.780000 20.660000 
22.219999 4.320000 2.780000 20.680000 
22.219999 4.300000 2.780000 20.700001 
22.219999 4.280000 2.780000 20.719999 
22.240000 4.260000 2.760000 20.740000 
22.240000 4.240000 2.760000 20.760000 
22.260000 4.240000 2.740000 20.760000 
22.260000 4.180000 2.740000 20.820000 
22.260000 4.140000 2.740000 20.860001 
22.260000 4.140000 2.740000 20.860001 
22.280001 4.140000 2.720000 20.860001 
22.299999 4.140000 2.700000 20.860001 
22.299999 4.140000 2.700000 20.860001 
22.299999 4.100000 2.700000 20.900000 
22.299999 4.100000 2.700000 20.900000 
22.320000 4.100000 2.680000 20.900000 
22.320000 4.080000 2.680000 20.920000 
22.320000 4.020000 2.680000 20.980000 
22.320000 4.020000 2.680000 20.980000 
22.320000 4.020000 2.680000 20.980000 
22.320000 4.020000 2.680000 20.980000 
22.340000 4.000000 2.660000 21.000000 
22.340000 3.980000 2.660000 21.020000 
22.379999 3.880000 2.620000 21.120001 
22.420000 3.880000 2.580000 21.120001 
22.480000 3.880000 2.520000 21.120001 
22.480000 3.880000 2.520000 21.120001 
22.500000 3.860000 2.500000 21.139999 
22.500000 3.820000 2.500000 21.180000 
22.520000 3.800000 2.480000 21.200001 
22.540001 3.800000 2.460000 21.200001 
22.559999 3.780000 2.440000 21.219999 
22.559999 3.720000 2.440000 21.280001 
22.559999 3.700000 2.440000 21.299999 
22.580000 3.700000 2.420000 21.299999 
22.580000 3.660000 2.420000 21.340000 
22.600000 3.660000 2.400000 21.340000 
22.600000 3.640000 2.400000 21.360001 
22.600000 3.640000 2.400000 21.360001 
22.600000 3.640000 2.400000 21.360001 
22.620001 3.620000 2.380000 21.379999 
22.620001 3.580000 2.380000 21.420000 
22.660000 3.540000 2.340000 21.459999 
22.700001 3.520000 2.300000 21.480000 
22.719999 3.520000 2.280000 21.480000 
22.719999 3.520000 2.280000 21.480000 
22.719999 3.480000 2.280000 21.520000 
22.719999 3.480000 2.280000 21.520000 
22.719999 3.480000 2.280000 21.520000 
22.719999 3.460000 2.280000 21.540001 
22.740000 3.460000 2.260000 21.540001 
22.740000 3.440000 2.260000 21.559999 
22.760000 3.440000 2.240000 21.559999 
22.780001 3.420000 2.220000 21.580000 
22.799999 3.380000 2.200000 21.620001 
22.799999 3.360000 2.200000 21.639999 
22.799999 3.360000 2.200000 21.639999 
22.799999 3.340000 2.200000 21.660000 
22.820000 3.340000 2.180000 21.660000 
22.860001 3.320000 2.140000 21.680000 
22.879999 3.300000 2.120000 21.700001 
22.940001 3.280000 2.060000 21.719999 
22.940001 3.220000 2.060000 21.780001 
22.959999 3.200000 2.040000 21.799999 
23.020000 3.180000 1.980000 21.820000 
23.020000 3.180000 1.980000 21.820000 
23.080000 3.180000 1.920000 21.820000 
23.080000 3.160000 1.920000 21.840000 
23.080000 3.120000 1.920000 21.879999 
23.100000 3.080000 1.900000 21.920000 
23.100000 3.060000 1.900000 21.940001 
23.100000 3.060000 1.900000 21.940001 
23.139999 3.060000 1.860000 21.940001 
23.139999 3.000000 1.860000 22.000000 
23.160000 3.000000 1.840000 22.000000 
23.160000 2.980000 1.840000 22.020000 
23.160000 2.960000 1.840000 22.040001 
23.180000 2.960000 1.820000 22.040001 
23.180000 2.960000 1.820000 22.040001 
23.200001 2.940000 1.800000 22.059999 
23.240000 2.940000 1.760000 22.059999 
23.240000 2.940000 1.760000 22.059999 
23.240000 2.940000 1.760000 22.059999 
23.240000 2.940000 1.760000 22.059999 
23.260000 2.940000 1.740000 22.059999 
23.260000 2.940000 1.740000 22.059999 
23.260000 2.920000 1.740000 22.080000 
23.260000 2.900000 1.740000 22.100000 
23.260000 2.900000 1.740000 22.100000 
23.260000 2.900000 1.740000 22.100000 
23.260000 2.900000 1.740000 22.100000 
23.280001 2.900000 1.720000 22.100000 
23.299999 2.860000 1.700000 22.139999 
23.299999 2.840000 1.700000 22.160000 
23.299999 2.840000 1.700000 22.160000 
23.340000 2.840000 1.660000 22.160000 
23.340000 2.840000 1.660000 22.160000 
23.340000 2.840000 1.660000 22.160000 
23.340000 2.840000 1.660000 22.160000 
23.360001 2.820000 1.640000 22.180000 
23.360001 2.820000 1.640000 22.180000 
23.400000 2.800000 1.600000 22.200001 
23.420000 2.800000 1.580000 22.200001 
23.420000 2.760000 1.580000 22.240000 
23.440001 2.740000 1.560000 22.260000 
23.459999 2.740000 1.540000 22.260000 
23.459999 2.740000 1.540000 22.260000 
23.480000 2.720000 1.520000 22.280001 
23.480000 2.700000 1.520000 22.299999 
23.480000 2.700000 1.520000 22.299999 
23.480000 2.640000 1.520000 22.360001 
23.500000 2.640000 1.500000 22.360001 
23.500000 2.620000 1.500000 22.379999 
23.500000 2.620000 1.500000 22.379999 
23.520000 2.600000 1.480000 22.400000 
23.520000 2.580000 1.480000 22.420000 
23.580000 2.580000 1.420000 22.420000 
23.580000 2.580000 1.420000 22.420000 
23.580000 2.580000 1.420000 22.420000 
23.580000 2.580000 1.420000 22.420000 
23.600000 2.580000 1.400000 22.420000 
23.600000 2.560000 1.400000 22.440001 
23.620001 2.520000 1.380000 22.480000 
23.620001 2.520000 1.380000 22.480000 
23.639999 2.520000 1.360000 22.480000 
23.660000 2.520000 1.340000 22.480000 
23.660000 2.520000 1.340000 22.480000 
23.660000 2.480000 1.340000 22.520000 
23.660000 2.480000 1.340000 22.520000 
23.660000 2.480000 1.340000 22.520000 
23.660000 2.480000 1.340000 22.520000 
23.660000 2.460000 1.340000 22.540001 
23.719999 2.460000 1.280000 22.540001 
23.719999 2.440000 1.280000 22.559999 
23.719999 2.420000 1.280000 22.580000 
23.719999 2.420000 1.280000 22.580000 
23.740000 2.360000 1.260000 22.639999 
23.740000 2.360000 1.260000 22.639999 
23.740000 2.360000 1.260000 22.639999 
23.740000 2.360000 1.260000 22.639999 
23.760000 2.340000 1.240000 22.660000 
23.760000 2.340000 1.240000 22.660000 
23.760000 2.340000 1.240000 22.660000 
23.760000 2.340000 1.240000 22.660000 
23.760000 2.340000 1.240000 22.660000 
23.760000 2.340000 1.240000 22.660000 
23.760000 2.340000 1.240000 22.660000 
23.760000 2.320000 1.240000 22.680000 
23.760000 2.300000 1.240000 22.700001 
23.760000 2.300000 1.240000 22.700001 
23.760000 2.280000 1.240000 22.719999 
23.760000 2.260000 1.240000 22.740000 
23.780001 2.240000 1.220000 22.760000 
23.780001 2.220000 1.220000 22.780001 
23.780001 2.180000 1.220000 22.820000 
23.780001 2.180000 1.220000 22.820000 
23.780001 2.180000 1.220000 22.820000 
23.780001 2.160000 1.220000 22.840000 
23.799999 2.160000 1.200000 22.840000 
23.799999 2.160000 1.200000 22.840000 
23.820000 2.140000 1.180000 22.860001 
23.860001 2.120000 1.140000 22.879999 
23.860001 2.080000 1.140000 22.920000 
23.860001 2.080000 1.140000 22.920000 
23.879999 2.080000 1.120000 22.920000 
23.879999 2.080000 1.120000 22.920000 
23.879999 2.080000 1.120000 22.920000 
23.879999 2.060000 1.120000 22.940001 
23.879999 2.040000 1.120000 22.959999 
23.879999 2.040000 1.120000 22.959999 
23.879999 2.020000 1.120000 22.980000 
23.879999 2.000000 1.120000 23.000000 
23.879999 2.000000 1.120000 23.000000 
23.879999 2.000000 1.120000 23.000000 
23.879999 2.000000 1.120000 23.000000 
23.920000 2.000000 1.080000 23.000000 
23.940001 2.000000 1.060000 23.000000 
23.980000 1.980000 1.020000 23.020000 
24.000000 1.980000 1.000000 23.020000 
24.000000 1.940000 1.000000 23.059999 
24.020000 1.920000 0.980000 23.080000 
24.020000 1.920000 0.980000 23.080000 
24.040001 1.920000 0.960000 23.080000 
24.040001 1.920000 0.960000 23.080000 
24.059999 1.900000 0.940000 23.100000 
24.059999 1.900000 0.940000 23.100000 
24.059999 1.900000 0.940000 23.100000 
24.080000 1.900000 0.920000 23.100000 
24.080000 1.900000 0.920000 23.100000 
24.120001 1.900000 0.880000 23.100000 
24.120001 1.900000 0.880000 23.100000 
24.120001 1.880000 0.880000 23.120001 
24.120001 1.880000 0.880000 23.120001 
24.120001 1.880000 0.880000 23.120001 
24.120001 1.880000 0.880000 23.120001 
24.120001 1.880000 0.880000 23.120001 
24.120001 1.840000 0.880000 23.160000 
24.120001 1.840000 0.880000 23.160000 
24.120001 1.840000 0.880000 23.160000 
24.120001 1.840000 0.880000 23.160000 
24.120001 1.820000 0.880000 23.180000 
24.120001 1.800000 0.880000 23.200001 
24.120001 1.800000 0.880000 23.200001 
24.160000 1.800000 0.840000 23.200001 
24.160000 1.800000 0.840000 23.200001 
24.180000 1.800000 0.820000 23.200001 
24.180000 1.800000 0.820000 23.200001 
24.180000 1.780000 0.820000 23.219999 
24.200001 1.780000 0.800000 23.219999 
24.200001 1.780000 0.800000 23.219999 
24.200001 1.780000 0.800000 23.219999 
24.200001 1.780000 0.800000 23.219999 
24.219999 1.780000 0.780000 23.219999 
24.219999 1.780000 0.780000 23.219999 
24.240000 1.780000 0.760000 23.219999 
24.240000 1.780000 0.760000 23.219999 
24.240000 1.780000 0.760000 23.219999 
24.260000 1.780000 0.740000 23.219999 
24.260000 1.760000 0.740000 23.240000 
24.260000 1.760000 0.740000 23.240000 
24.260000 1.760000 0.740000 23.240000 
24.260000 1.760000 0.740000 23.240000 
24.260000 1.760000 0.740000 23.240000 
24.260000 1.760000 0.740000 23.240000 
24.260000 1.760000 0.740000 23.240000 
24.260000 1.740000 0.740000 23.260000 
24.260000 1.740000 0.740000 23.260000 
24.280001 1.740000 0.720000 23.260000 
24.280001 1.720000 0.720000 23.280001 
24.280001 1.720000 0.720000 23.280001 
24.280001 1.720000 0.720000 23.280001 
24.299999 1.720000 0.700000 23.280001 
24.299999 1.720000 0.700000 23.280001 
24.299999 1.700000 0.700000 23.299999 
24.299999 1.700000 0.700000 23.299999 
24.299999 1.700000 0.700000 23.299999 
24.340000 1.680000 0.660000 23.320000 
24.340000 1.680000 0.660000 23.320000 
24.340000 1.680000 0.660000 23.320000 
24.340000 1.660000 0.660000 23.340000 
24.340000 1.660000 0.660000 23.340000 
24.340000 1.660000 0.660000 23.340000 
24.340000 1.660000 0.660000 23.340000 
24.340000 1.640000 0.660000 23.360001 
24.340000 1.640000 0.660000 23.360001 
24.360001 1.640000 0.640000 23.360001 
24.360001 1.620000 0.640000 23.379999 
24.379999 1.620000 0.620000 23.379999 
24.400000 1.620000 0.600000 23.379999 
24.400000 1.600000 0.600000 23.400000 
24.400000 1.600000 0.600000 23.400000 
24.400000 1.600000 0.600000 23.400000 
24.400000 1.600000 0.600000 23.400000 
24.400000 1.600000 0.600000 23.400000 
24.400000 1.600000 0.600000 23.400000 
24.400000 1.600000 0.600000 23.400000 
24.420000 1.600000 0.580000 23.400000 
24.420000 1.580000 0.580000 23.420000 
24.420000 1.580000 0.580000 23.420000 
24.420000 1.580000 0.580000 23.420000 
24.420000 1.580000 0.580000 23.420000 
24.420000 1.580000 0.580000 23.420000 
24.420000 1.560000 0.580000 23.440001 
24.420000 1.560000 0.580000 23.440001 
24.420000 1.540000 0.580000 23.459999 
24.420000 1.520000 0.580000 23.480000 
24.420000 1.520000 0.580000 23.480000 
24.420000 1.500000 0.580000 23.500000 
24.420000 1.500000 0.580000 23.500000 
24.420000 1.500000 0.580000 23.500000 
24.420000 1.500000 0.580000 23.500000 
24.420000 1.500000 0.580000 23.500000 
24.420000 1.480000 0.580000 23.520000 
24.420000 1.480000 0.580000 23.520000 
24.420000 1.460000 0.580000 23.540001 
24.420000 1.420000 0.580000 23.580000 
24.420000 1.420000 0.580000 23.580000 
24.420000 1.420000 0.580000 23.580000 
24.420000 1.420000 0.580000 23.580000 
24.420000 1.420000 0.580000 23.580000 
24.420000 1.420000 0.580000 23.580000 
24.420000 1.420000 0.580000 23.580000 
24.420000 1.420000 0.580000 23.580000 
24.420000 1.400000 0.580000 23.600000 
24.420000 1.400000 0.580000 23.600000 
24.420000 1.400000 0.580000 23.600000 
24.420000 1.400000 0.580000 23.600000 
24.420000 1.400000 0.580000 23.600000 
24.420000 1.400000 0.580000 23.600000 
24.420000 1.400000 0.580000 23.600000 
24.420000 1.400000 0.580000 23.600000 
24.420000 1.400000 0.580000 23.600000 
24.420000 1.380000 0.580000 23.620001 
24.420000 1.360000 0.580000 23.639999 
24.420000 1.340000 0.580000 23.660000 
24.440001 1.340000 0.560000 23.660000 
24.459999 1.340000 0.540000 23.660000 
24.459999 1.340000 0.540000 23.660000 
24.459999 1.320000 0.540000 23.680000 
24.459999 1.320000 0.540000 23.680000 
24.459999 1.280000 0.540000 23.719999 
24.480000 1.280000 0.520000 23.719999 
24.500000 1.280000 0.500000 23.719999 
24.520000 1.280000 0.480000 23.719999 
24.520000 1.280000 0.480000 23.719999 
24.520000 1.280000 0.480000 23.719999 
24.520000 1.280000 0.480000 23.719999 
24.520000 1.260000 0.480000 23.740000 
24.520000 1.260000 0.480000 23.740000 
24.520000 1.260000 0.480000 23.740000 
24.520000 1.260000 0.480000 23.740000 
24.520000 1.260000 0.480000 23.740000 
24.540001 1.260000 0.460000 23.740000 
24.540001 1.260000 0.460000 23.740000 
24.540001 1.260000 0.460000 23.740000 
24.540001 1.260000 0.460000 23.740000 
24.540001 1.260000 0.460000 23.740000 
24.540001 1.260000 0.460000 23.740000 
24.540001 1.260000 0.460000 23.740000 
24.540001 1.260000 0.460000 23.740000 
24.540001 1.260000 0.460000 23.740000 
24.540001 1.260000 0.460000 23.740000 
24.540001 1.260000 0.460000 23.740000 
24.540001 1.260000 0.460000 23.740000 
24.540001 1.260000 0.460000 23.740000 
24.540001 1.260000 0.460000 23.740000 
24.540001 1.260000 0.460000 23.740000 
24.540001 1.240000 0.460000 23.760000 
24.540001 1.240000 0.460000 23.760000 
24.540001 1.220000 0.460000 23.780001 
24.540001 1.220000 0.460000 23.780001 
24.540001 1.220000 0.460000 23.780001 
24.540001 1.220000 0.460000 23.780001 
24.540001 1.220000 0.460000 23.780001 
24.540001 1.220000 0.460000 23.780001 
24.540001 1.220000 0.460000 23.780001 
24.540001 1.220000 0.460000 23.780001 
24.540001 1.220000 0.460000 23.780001 
24.540001 1.220000 0.460000 23.780001 
24.540001 1.220000 0.460000 23.780001 
24.540001 1.220000 0.460000 23.780001 
24.540001 1.200000 0.460000 23.799999 
24.540001 1.200000 0.460000 23.799999 
24.540001 1.180000 0.460000 23.820000 
24.540001 1.180000 0.460000 23.820000 
24.559999 1.180000 0.440000 23.820000 
24.559999 1.160000 0.440000 23.840000 
24.559999 1.160000 0.440000 23.840000 
24.559999 1.140000 0.440000 23.860001 
24.559999 1.140000 0.440000 23.860001 
24.559999 1.140000 0.440000 23.860001 
24.559999 1.140000 0.440000 23.860001 
24.559999 1.140000 0.440000 23.860001 
24.559999 1.140000 0.440000 23.860001 
24.559999 1.140000 0.440000 23.860001 
24.559999 1.140000 0.440000 23.860001 
24.559999 1.140000 0.440000 23.860001 
24.559999 1.140000 0.440000 23.860001 
24.559999 1.140000 0.440000 23.860001 
24.559999 1.120000 0.440000 23.879999 
24.580000 1.100000 0.420000 23.900000 
24.580000 1.080000 0.420000 23.920000 
24.580000 1.080000 0.420000 23.920000 
24.580000 1.060000 0.420000 23.940001 
24.580000 1.040000 0.420000 23.959999 
24.580000 1.040000 0.420000 23.959999 
24.580000 1.040000 0.420000 23.959999 
24.580000 1.040000 0.420000 23.959999 
24.580000 1.040000 0.420000 23.959999 
24.580000 1.040000 0.420000 23.959999 
24.580000 1.040000 0.420000 23.959999 
24.580000 1.000000 0.420000 24.000000 
24.580000 1.000000 0.420000 24.000000 
24.580000 1.000000 0.420000 24.000000 
24.600000 1.000000 0.400000 24.000000 
24.600000 1.000000 0.400000 24.000000 
24.600000 1.000000 0.400000 24.000000 
24.600000 1.000000 0.400000 24.000000 
24.600000 0.980000 0.400000 24.020000 
24.600000 0.980000 0.400000 24.020000 
24.600000 0.980000 0.400000 24.020000 
24.600000 0.980000 0.400000 24.020000 
24.600000 0.960000 0.400000 24.040001 
24.600000 0.960000 0.400000 24.040001 
24.600000 0.940000 0.400000 24.059999 
24.600000 0.920000 0.400000 24.080000 
24.639999 0.900000 0.360000 24.100000 
24.639999 0.900000 0.360000 24.100000 
24.639999 0.900000 0.360000 24.100000 
24.639999 0.900000 0.360000 24.100000 
24.639999 0.900000 0.360000 24.100000 
24.639999 0.880000 0.360000 24.120001 
24.639999 0.880000 0.360000 24.120001 
24.639999 0.880000 0.360000 24.120001 
24.639999 0.880000 0.360000 24.120001 
24.639999 0.880000 0.360000 24.120001 
24.639999 0.880000 0.360000 24.120001 
24.660000 0.880000 0.340000 24.120001 
24.660000 0.880000 0.340000 24.120001 
24.660000 0.880000 0.340000 24.120001 
24.660000 0.860000 0.340000 24.139999 
24.660000 0.860000 0.340000 24.139999 
24.660000 0.860000 0.340000 24.139999 
24.680000 0.860000 0.320000 24.139999 
24.680000 0.860000 0.320000 24.139999 
24.680000 0.860000 0.320000 24.139999 
24.680000 0.860000 0.320000 24.139999 
24.680000 0.860000 0.320000 24.139999 
24.700001 0.860000 0.300000 24.139999 
24.719999 0.860000 0.280000 24.139999 
24.719999 0.860000 0.280000 24.139999 
24.719999 0.860000 0.280000 24.139999 
24.719999 0.860000 0.280000 24.139999 
24.719999 0.860000 0.280000 24.139999 
24.719999 0.860000 0.280000 24.139999 
24.719999 0.860000 0.280000 24.139999 
24.719999 0.860000 0.280000 24.139999 
24.719999 0.860000 0.280000 24.139999 
24.719999 0.860000 0.280000 24.139999 
24.719999 0.860000 0.280000 24.139999 
24.719999 0.860000 0.280000 24.139999 
24.719999 0.860000 0.280000 24.139999 
24.719999 0.860000 0.280000 24.139999 
24.719999 0.860000 0.280000 24.139999 
24.719999 0.840000 0.280000 24.160000 
24.719999 0.840000 0.280000 24.160000 
24.719999 0.840000 0.280000 24.160000 
24.740000 0.840000 0.260000 24.160000 
24.760000 0.840000 0.240000 24.160000 
24.760000 0.840000 0.240000 24.160000 
24.760000 0.820000 0.240000 24.180000 
24.760000 0.820000 0.240000 24.180000 
24.760000 0.820000 0.240000 24.180000 
24.760000 0.820000 0.240000 24.180000 
24.760000 0.820000 0.240000 24.180000 
24.760000 0.820000 0.240000 24.180000 
24.760000 0.820000 0.240000 24.180000 
24.760000 0.820000 0.240000 24.180000 
24.760000 0.820000 0.240000 24.180000 
24.760000 0.820000 0.240000 24.180000 
24.760000 0.820000 0.240000 24.180000 
24.760000 0.820000 0.240000 24.180000 
24.760000 0.820000 0.240000 24.180000 
24.760000 0.800000 0.240000 24.200001 
24.760000 0.800000 0.240000 24.200001 
24.760000 0.800000 0.240000 24.200001 
24.760000 0.800000 0.240000 24.200001 
24.760000 0.780000 0.240000 24.219999 
24.760000 0.780000 0.240000 24.219999 
24.760000 0.780000 0.240000 24.219999 
24.760000 0.780000 0.240000 24.219999 
24.760000 0.780000 0.240000 24.219999 
24.760000 0.780000 0.240000 24.219999 
24.760000 0.780000 0.240000 24.219999 
24.760000 0.780000 0.240000 24.219999 
24.760000 0.780000 0.240000 24.219999 
24.760000 0.780000 0.240000 24.219999 
24.760000 0.760000 0.240000 24.240000 
24.760000 0.760000 0.240000 24.240000 
24.760000 0.760000 0.240000 24.240000 
24.760000 0.760000 0.240000 24.240000 
24.760000 0.760000 0.240000 24.240000 
24.760000 0.760000 0.240000 24.240000 
24.760000 0.760000 0.240000 24.240000 
24.760000 0.760000 0.240000 24.240000 
24.760000 0.760000 0.240000 24.240000 
24.760000 0.760000 0.240000 24.240000 
24.760000 0.760000 0.240000 24.240000 
24.760000 0.760000 0.240000 24.240000 
24.760000 0.760000 0.240000 24.240000 
24.760000 0.760000 0.240000 24.240000 
24.760000 0.760000 0.240000 24.240000 
24.760000 0.760000 0.240000 24.240000 
24.760000 0.760000 0.240000 24.240000 
24.760000 0.760000 0.240000 24.240000 
24.760000 0.760000 0.240000 24.240000 
24.760000 0.760000 0.240000 24.240000 
24.760000 0.760000 0.240000 24.240000 
24.760000 0.760000 0.240000 24.240000 
24.760000 0.760000 0.240000 24.240000 
24.760000 0.760000 0.240000 24.240000 
24.760000 0.760000 0.240000 24.240000 
24.760000 0.760000 0.240000 24.240000 
24.760000 0.740000 0.240000 24.260000 
24.760000 0.740000 0.240000 24.260000 
24.760000 0.740000 0.240000 24.260000 
24.760000 0.740000 0.240000 24.260000 
24.760000 0.740000 0.240000 24.260000 
24.780001 0.740000 0.220000 24.260000 
24.780001 0.740000 0.220000 24.260000 
24.780001 0.740000 0.220000 24.260000 
24.780001 0.740000 0.220000 24.260000 
24.780001 0.740000 0.220000 24.260000 
24.780001 0.740000 0.220000 24.260000 
24.780001 0.740000 0.220000 24.260000 
24.780001 0.720000 0.220000 24.280001 
24.780001 0.720000 0.220000 24.280001 
24.780001 0.720000 0.220000 24.280001 
24.780001 0.720000 0.220000 24.280001 
24.780001 0.720000 0.220000 24.280001 
24.780001 0.720000 0.220000 24.280001 
24.780001 0.720000 0.220000 24.280001 
24.780001 0.720000 0.220000 24.280001 
24.780001 0.720000 0.220000 24.280001 
24.780001 0.720000 0.220000 24.280001 
24.780001 0.720000 0.220000 24.280001 
24.780001 0.720000 0.220000 24.280001 
24.780001 0.720000 0.220000 24.280001 
24.780001 0.700000 0.220000 24.299999 
24.780001 0.700000 0.220000 24.299999 
24.780001 0.700000 0.220000 24.299999 
24.780001 0.700000 0.220000 24.299999 
24.799999 0.700000 0.200000 24.299999 
24.799999 0.700000 0.200000 24.299999 
24.799999 0.700000 0.200000 24.299999 
24.799999 0.700000 0.200000 24.299999 
24.799999 0.700000 0.200000 24.299999 
24.799999 0.680000 0.200000 24.320000 
24.799999 0.680000 0.200000 24.320000 
24.799999 0.680000 0.200000 24.320000 
24.799999 0.680000 0.200000 24.320000 
24.799999 0.680000 0.200000 24.320000 
24.799999 0.680000 0.200000 24.320000 
24.799999 0.680000 0.200000 24.320000 
24.799999 0.660000 0.200000 24.340000 
24.799999 0.660000 0.200000 24.340000 
24.799999 0.660000 0.200000 24.340000 
24.799999 0.660000 0.200000 24.340000 
24.799999 0.660000 0.200000 24.340000 
24.799999 0.660000 0.200000 24.340000 
24.799999 0.660000 0.200000 24.340000 
24.799999 0.660000 0.200000 24.340000 
24.820000 0.660000 0.180000 24.340000 
24.820000 0.660000 0.180000 24.340000 
24.820000 0.660000 0.180000 24.340000 
24.820000 0.660000 0.180000 24.340000 
24.820000 0.660000 0.180000 24.340000 
24.820000 0.660000 0.180000 24.340000 
24.820000 0.660000 0.180000 24.340000 
24.820000 0.660000 0.180000 24.340000 
24.820000 0.660000 0.180000 24.340000 
24.820000 0.660000 0.180000 24.340000 
24.820000 0.660000 0.180000 24.340000 
24.820000 0.660000 0.180000 24.340000 
24.820000 0.640000 0.180000 24.360001 
24.820000 0.640000 0.180000 24.360001 
24.820000 0.640000 0.180000 24.360001 
24.820000 0.640000 0.180000 24.360001 
24.820000 0.640000 0.180000 24.360001 
24.820000 0.640000 0.180000 24.360001 
24.820000 0.640000 0.180000 24.360001 
24.820000 0.640000 0.180000 24.360001 
24.820000 0.640000 0.180000 24.360001 
24.820000 0.640000 0.180000 24.360001 
24.820000 0.640000 0.180000 24.360001 
24.820000 0.640000 0.180000 24.360001 
24.820000 0.640000 0.180000 24.360001 
24.820000 0.640000 0.180000 24.360001 
24.820000 0.640000 0.180000 24.360001 
24.820000 0.640000 0.180000 24.360001 
24.820000 0.640000 0.180000 24.360001 
24.820000 0.640000 0.180000 24.360001 
24.820000 0.640000 0.180000 24.360001 
24.820000 0.640000 0.180000 24.360001 
24.820000 0.640000 0.180000 24.360001 
24.820000 0.620000 0.180000 24.379999 
24.820000 0.620000 0.180000 24.379999 
24.820000 0.620000 0.180000 24.379999 
24.820000 0.620000 0.180000 24.379999 
24.820000 0.600000 0.180000 24.400000 
24.820000 0.600000 0.180000 24.400000 
24.820000 0.600000 0.180000 24.400000 
24.820000 0.600000 0.180000 24.400000 
24.820000 0.580000 0.180000 24.420000 
24.820000 0.580000 0.180000 24.420000 
24.820000 0.580000 0.180000 24.420000 
24.820000 0.580000 0.180000 24.420000 
24.820000 0.580000 0.180000 24.420000 
24.820000 0.560000 0.180000 24.440001 
24.820000 0.560000 0.180000 24.440001 
24.820000 0.560000 0.180000 24.440001 
24.820000 0.560000 0.180000 24.440001 
24.820000 0.560000 0.180000 24.440001 
24.820000 0.560000 0.180000 24.440001 
24.820000 0.560000 0.180000 24.440001 
24.820000 0.540000 0.180000 24.459999 
24.820000 0.540000 0.180000 24.459999 
24.820000 0.540000 0.180000 24.459999 
24.820000 0.540000 0.180000 24.459999 
24.820000 0.540000 0.180000 24.459999 
24.820000 0.540000 0.180000 24.459999 
24.820000 0.540000 0.180000 24.459999 
24.820000 0.540000 0.180000 24.459999 
24.820000 0.540000 0.180000 24.459999 
24.820000 0.540000 0.180000 24.459999 
24.820000 0.540000 0.180000 24.459999 
24.820000 0.540000 0.180000 24.459999 
24.820000 0.540000 0.180000 24.459999 
24.820000 0.540000 0.180000 24.459999 
24.840000 0.540000 0.160000 24.459999 
24.840000 0.520000 0.160000 24.480000 
24.840000 0.520000 0.160000 24.480000 
24.840000 0.520000 0.160000 24.480000 
24.840000 0.520000 0.160000 24.480000 
24.860001 0.520000 0.140000 24.480000 
24.860001 0.520000 0.140000 24.480000 
24.860001 0.520000 0.140000 24.480000 
24.860001 0.520000 0.140000 24.480000 
24.860001 0.520000 0.140000 24.480000 
24.879999 0.520000 0.120000 24.480000 
24.879999 0.520000 0.120000 24.480000 
24.879999 0.520000 0.120000 24.480000 
24.879999 0.520000 0.120000 24.480000 
24.879999 0.520000 0.120000 24.480000 
24.879999 0.520000 0.120000 24.480000 
24.879999 0.520000 0.120000 24.480000 
24.879999 0.520000 0.120000 24.480000 
24.879999 0.520000 0.120000 24.480000 
24.879999 0.500000 0.120000 24.500000 
24.879999 0.500000 0.120000 24.500000 
24.879999 0.500000 0.120000 24.500000 
24.879999 0.500000 0.120000 24.500000 
24.879999 0.500000 0.120000 24.500000 
24.879999 0.500000 0.120000 24.500000 
24.879999 0.500000 0.120000 24.500000 
24.879999 0.500000 0.120000 24.500000 
24.879999 0.500000 0.120000 24.500000 
24.879999 0.500000 0.120000 24.500000 
24.879999 0.500000 0.120000 24.500000 
24.900000 0.500000 0.100000 24.500000 
24.900000 0.500000 0.100000 24.500000 
24.900000 0.500000 0.100000 24.500000 
24.900000 0.500000 0.100000 24.500000 
24.900000 0.500000 0.100000 24.500000 
24.900000 0.500000 0.100000 24.500000 
24.900000 0.500000 0.100000 24.500000 
24.900000 0.500000 0.100000 24.500000 
24.900000 0.500000 0.100000 24.500000 
24.900000 0.500000 0.100000 24.500000 
24.900000 0.500000 0.100000 24.500000 
24.900000 0.500000 0.100000 24.500000 
24.920000 0.500000 0.080000 24.500000 
24.920000 0.500000 0.080000 24.500000 
24.920000 0.500000 0.080000 24.500000 
24.920000 0.500000 0.080000 24.500000 
24.920000 0.500000 0.080000 24.500000 
24.920000 0.500000 0.080000 24.500000 
24.920000 0.480000 0.080000 24.520000 
24.920000 0.480000 0.080000 24.520000 
24.920000 0.480000 0.080000 24.520000 
24.920000 0.480000 0.080000 24.520000 
24.920000 0.480000 0.080000 24.520000 
24.920000 0.480000 0.080000 24.520000 
24.920000 0.480000 0.080000 24.520000 
24.920000 0.460000 0.080000 24.540001 
24.920000 0.460000 0.080000 24.540001 
24.920000 0.460000 0.080000 24.540001 
24.920000 0.460000 0.080000 24.540001 
24.920000 0.460000 0.080000 24.540001 
24.920000 0.460000 0.080000 24.540001 
24.920000 0.460000 0.080000 24.540001 
24.920000 0.460000 0.080000 24.540001 
24.920000 0.460000 0.080000 24.540001 
24.920000 0.460000 0.080000 24.540001 
24.920000 0.440000 0.080000 24.559999 
24.920000 0.440000 0.080000 24.559999 
24.920000 0.420000 0.080000 24.580000 
24.920000 0.400000 0.080000 24.600000 
24.920000 0.400000 0.080000 24.600000 
24.920000 0.400000 0.080000 24.600000 
24.920000 0.400000 0.080000 24.600000 
24.920000 0.400000 0.080000 24.600000 
24.920000 0.400000 0.080000 24.600000 
24.920000 0.380000 0.080000 24.620001 
24.920000 0.380000 0.080000 24.620001 
24.920000 0.380000 0.080000 24.620001 
24.920000 0.380000 0.080000 24.620001 
24.920000 0.380000 0.080000 24.620001 
24.920000 0.380000 0.080000 24.620001 
24.920000 0.380000 0.080000 24.620001 
24.920000 0.380000 0.080000 24.620001 
24.920000 0.380000 0.080000 24.620001 
24.920000 0.380000 0.080000 24.620001 
24.920000 0.380000 0.080000 24.620001 
24.920000 0.380000 0.080000 24.620001 
24.920000 0.380000 0.080000 24.620001 
24.920000 0.380000 0.080000 24.620001 
24.920000 0.360000 0.080000 24.639999 
24.920000 0.340000 0.080000 24.660000 
24.920000 0.340000 0.080000 24.660000 
24.920000 0.340000 0.080000 24.660000 
24.920000 0.340000 0.080000 24.660000 
24.920000 0.340000 0.080000 24.660000 
24.920000 0.340000 0.080000 24.660000 
24.920000 0.340000 0.080000 24.660000 
24.920000 0.340000 0.080000 24.660000 
24.920000 0.340000 0.080000 24.660000 
24.920000 0.340000 0.080000 24.660000 
24.920000 0.340000 0.080000 24.660000 
24.920000 0.340000 0.080000 24.660000 
24.920000 0.340000 0.080000 24.660000 
24.920000 0.340000 0.080000 24.660000 
24.920000 0.340000 0.080000 24.660000 
24.920000 0.340000 0.080000 24.660000 
24.920000 0.340000 0.080000 24.660000 
24.920000 0.340000 0.080000 24.660000 
24.920000 0.340000 0.080000 24.660000 
24.920000 0.340000 0.080000 24.660000 
24.920000 0.340000 0.080000 24.660000 
24.920000 0.340000 0.080000 24.660000 
24.920000 0.340000 0.080000 24.660000 
24.920000 0.340000 0.080000 24.660000 
24.920000 0.340000 0.080000 24.660000 
24.920000 0.340000 0.080000 24.660000 
24.920000 0.320000 0.080000 24.680000 
24.920000 0.320000 0.080000 24.680000 
24.920000 0.320000 0.080000 24.680000 
24.920000 0.320000 0.080000 24.680000 
24.920000 0.320000 0.080000 24.680000 
24.920000 0.320000 0.080000 24.680000 
24.920000 0.300000 0.080000 24.700001 
24.920000 0.300000 0.080000 24.700001 
24.920000 0.300000 0.080000 24.700001 
24.920000 0.300000 0.080000 24.700001 
24.920000 0.300000 0.080000 24.700001 
24.920000 0.300000 0.080000 24.700001 
24.920000 0.300000 0.080000 24.700001 
24.920000 0.300000 0.080000 24.700001 
24.920000 0.300000 0.080000 24.700001 
24.920000 0.300000 0.080000 24.700001 
24.920000 0.300000 0.080000 24.700001 
24.920000 0.300000 0.080000 24.700001 
24.920000 0.300000 0.080000 24.700001 
24.920000 0.300000 0.080000 24.700001 
24.920000 0.300000 0.080000 24.700001 
24.920000 0.300000 0.080000 24.700001 
24.920000 0.300000 0.080000 24.700001 
24.920000 0.300000 0.080000 24.700001 
24.920000 0.300000 0.080000 24.700001 
24.920000 0.280000 0.080000 24.719999 
24.920000 0.260000 0.080000 24.740000 
24.920000 0.260000 0.080000 24.740000 
24.920000 0.260000 0.080000 24.740000 
24.920000 0.260000 0.080000 24.740000 
24.920000 0.260000 0.080000 24.740000 
24.940001 0.260000 0.060000 24.740000 
24.940001 0.260000 0.060000 24.740000 
24.959999 0.260000 0.040000 24.740000 
24.959999 0.240000 0.040000 24.760000 
24.959999 0.240000 0.040000 24.760000 
24.959999 0.240000 0.040000 24.760000 
24.959999 0.240000 0.040000 24.760000 
24.959999 0.240000 0.040000 24.760000 
24.959999 0.240000 0.040000 24.760000 
24.959999 0.240000 0.040000 24.760000 
24.959999 0.240000 0.040000 24.760000 
24.959999 0.240000 0.040000 24.760000 
24.959999 0.220000 0.040000 24.780001 
24.959999 0.220000 0.040000 24.780001 
24.959999 0.220000 0.040000 24.780001 
24.959999 0.220000 0.040000 24.780001 
