0.110426 
0.124232 
0.113950 
0.124232 
0.125153 
0.122787 
0.129855 
0.128869 
0.125966 
0.130247 
0.131028 
0.130833 
0.134487 
0.140879 
0.140789 
0.139971 
0.139606 
0.154441 
0.154276 
0.158114 
0.173646 
0.176705 
0.182877 
0.187560 
0.186673 
0.192062 
0.194044 
0.195746 
0.193649 
0.202283 
0.208187 
0.208310 
0.206773 
0.207266 
0.214702 
0.214643 
0.218646 
0.220505 
0.221256 
0.241171 
0.243120 
0.252740 
0.249540 
0.259759 
0.265730 
0.268974 
0.272928 
0.272788 
0.279257 
0.282391 
0.288425 
0.288159 
0.289616 
0.285491 
0.287982 
0.287317 
0.285937 
0.284282 
0.283158 
0.277286 
0.278067 
0.634771 
0.843205 
0.839643 
0.842342 
0.840660 
0.848017 
0.848408 
0.856026 
0.858838 
0.863104 
0.863843 
0.865672 
0.872657 
1.094571 
1.092355 
1.094956 
1.211762 
1.398076 
1.433669 
1.479227 
1.479891 
1.476007 
1.477303 
1.800397 
1.800900 
1.799610 
1.871224 
1.952203 
1.954365 
2.016064 
2.237915 
2.232369 
2.231614 
2.244688 
2.303845 
2.305771 
2.351845 
2.350293 
2.372128 
2.370310 
2.348013 
2.316886 
2.340646 
2.347741 
2.354923 
2.328681 
2.275143 
2.239921 
2.195427 
2.187324 
2.134053 
2.081674 
2.080583 
2.053345 
2.062258 
2.061479 
1.982809 
1.975965 
1.969849 
1.968295 
1.966635 
1.871606 
1.872927 
1.874765 
1.787456 
1.609871 
1.604379 
1.603647 
1.598756 
1.613575 
1.539762 
1.398888 
1.404512 
1.402985 
1.280067 
1.357519 
1.358740 
1.358176 
1.357650 
1.234785 
1.238786 
1.239486 
1.256575 
1.254563 
1.263175 
1.111765 
1.153676 
1.102756 
1.093394 
1.092157 
1.096097 
1.089233 
1.185004 
1.185004 
1.205938 
1.207587 
1.208473 
1.171951 
1.157958 
1.117851 
1.117121 
1.105944 
1.097492 
1.126558 
1.128707 
1.119516 
1.254380 
1.344129 
1.338652 
1.348620 
1.509882 
1.507024 
1.507024 
1.506957 
1.507718 
1.509815 
1.498060 
1.511436 
1.512280 
1.516154 
1.530789 
1.533121 
1.609934 
1.834672 
1.834672 
1.786386 
1.790707 
1.944432 
1.956595 
1.956595 
1.947997 
1.954338 
1.958472 
2.007994 
1.999707 
2.002193 
1.939506 
1.940440 
1.940440 
1.936017 
1.893571 
1.894999 
1.904278 
1.873840 
1.876941 
1.883454 
1.883454 
1.885863 
1.876968 
1.871688 
1.878952 
1.900403 
1.901624 
1.943894 
1.923857 
1.815579 
1.815579 
1.844172 
1.818527 
1.815537 
1.828404 
1.747170 
1.644207 
1.646270 
1.704526 
1.700885 
1.685593 
1.625969 
1.639546 
1.641692 
1.652395 
1.646642 
1.650386 
1.601482 
1.595258 
1.590710 
1.596584 
1.586792 
1.534767 
1.606857 
1.600414 
1.671139 
1.676686 
1.664883 
1.667150 
1.679149 
1.580074 
1.496646 
1.496544 
1.499149 
1.499149 
1.499081 
1.611898 
1.608428 
1.588816 
1.666170 
1.654878 
1.654878 
1.553091 
1.552779 
1.555028 
1.560678 
1.556668 
1.587306 
1.587306 
1.579605 
1.575822 
1.656927 
1.679817 
1.674448 
1.718685 
1.786086 
1.781466 
1.772249 
1.809583 
1.803794 
1.803794 
1.803794 
1.805618 
1.807595 
1.854339 
1.852274 
1.857582 
1.857582 
1.920858 
1.983542 
1.983542 
1.982603 
2.051020 
2.052015 
2.044692 
2.063136 
2.122499 
2.069445 
2.069445 
2.076054 
2.020974 
1.966337 
1.977695 
1.998494 
1.998367 
1.994354 
2.012854 
1.983748 
1.982153 
1.985817 
1.986742 
1.930264 
1.897138 
1.847226 
1.857637 
1.891940 
1.894433 
1.889498 
1.888121 
1.893005 
1.893005 
1.900832 
1.909509 
1.896600 
1.896600 
1.930158 
1.873608 
1.913353 
1.907531 
1.901449 
1.901449 
1.901449 
1.901449 
1.988051 
1.989924 
1.987974 
1.987974 
1.979719 
1.905176 
1.905176 
1.905176 
1.827846 
1.768517 
1.644781 
1.639500 
1.673473 
1.670818 
1.609728 
1.609728 
1.615297 
1.617696 
1.617696 
1.695191 
1.753946 
1.777983 
1.777983 
1.784542 
1.780994 
1.931506 
1.898791 
1.898791 
1.898791 
1.889741 
1.894864 
2.015602 
2.104369 
2.116288 
2.122234 
2.089502 
2.157143 
2.157143 
2.136634 
2.136634 
2.132523 
2.143548 
2.152952 
2.150819 
2.150819 
2.168725 
2.078044 
2.078044 
2.026357 
2.090308 
2.064076 
2.064076 
2.072832 
2.072832 
2.072832 
2.072832 
2.009848 
2.016690 
2.016690 
2.019295 
2.037355 
2.051256 
2.004154 
2.054388 
2.144547 
2.184874 
2.194822 
2.194915 
2.250714 
2.241674 
2.238736 
2.244472 
2.244472 
2.298558 
2.298558 
2.328440 
2.327432 
2.327169 
2.419310 
2.428992 
2.419500 
2.419500 
2.367488 
2.358463 
2.300532 
2.313161 
2.317965 
2.255402 
2.178208 
2.172133 
2.172133 
2.087573 
2.140117 
2.067953 
2.067953 
2.067953 
2.072955 
2.072955 
2.070147 
2.070147 
2.000510 
1.947474 
1.947474 
1.947474 
1.948443 
1.930026 
1.965805 
1.965805 
1.965805 
2.067681 
2.041583 
2.041583 
2.072192 
2.134555 
2.147685 
2.147685 
2.224768 
2.239921 
2.244358 
2.244358 
2.184126 
2.205582 
2.205582 
2.117420 
2.236844 
2.236958 
2.232734 
2.236889 
2.236889 
2.330346 
2.330346 
2.330346 
2.330346 
2.330346 
2.339261 
2.339261 
2.343162 
2.345926 
2.345926 
2.345926 
2.356212 
2.445070 
2.508943 
2.493604 
2.509736 
2.522511 
2.522511 
2.520346 
2.525987 
2.525987 
2.525987 
2.531213 
2.561648 
2.561648 
2.569384 
2.578799 
2.575057 
2.626707 
2.575196 
2.540589 
2.488668 
2.457600 
2.460795 
2.381498 
2.445132 
2.433985 
2.431259 
2.471305 
2.400361 
2.400361 
2.462204 
2.455731 
2.417243 
2.418656 
2.427458 
2.427458 
2.446781 
2.446781 
2.486535 
2.499714 
2.458243 
2.407408 
2.407408 
2.433734 
2.438969 
2.438969 
2.438969 
2.438969 
2.438969 
2.377187 
2.377187 
2.293981 
2.426428 
2.446614 
2.446614 
2.478190 
2.478190 
2.537836 
2.537836 
2.473492 
2.419394 
2.425734 
2.424513 
2.439701 
2.442962 
2.428424 
2.430377 
2.432832 
2.432832 
2.434614 
2.445467 
2.485119 
2.479816 
2.479816 
2.479816 
2.479816 
2.479899 
2.479899 
2.530064 
2.419204 
2.419204 
2.433441 
2.515320 
2.515320 
2.515320 
2.515320 
2.462826 
2.480331 
2.481277 
2.541693 
2.541693 
2.532785 
2.589756 
2.544642 
2.485386 
2.488586 
2.481668 
2.481668 
2.516699 
2.601020 
2.583958 
2.583958 
2.583958 
2.600549 
2.600549 
2.612236 
2.612236 
2.609578 
2.645578 
2.645578 
2.639573 
2.639573 
2.639225 
2.639225 
2.637833 
2.573848 
2.632819 
2.574879 
2.573749 
2.520629 
2.520629 
2.560771 
2.560771 
2.560771 
2.533430 
2.533430 
2.537233 
2.537233 
2.480948 
2.498571 
2.493420 
2.493420 
2.496140 
2.492703 
2.492703 
2.492703 
2.492703 
2.660367 
2.669919 
2.669919 
2.676447 
2.670779 
2.670779 
2.635821 
2.618537 
2.573472 
2.573472 
2.598292 
2.598292 
2.598292 
2.545223 
2.575097 
2.575097 
2.566424 
2.567577 
2.597801 
2.584668 
2.584668 
2.629018 
2.629018 
2.629794 
2.629794 
2.629794 
2.734287 
2.734287 
2.712857 
2.708245 
2.708245 
2.727169 
2.679305 
2.679305 
2.677057 
2.669270 
2.669270 
2.669270 
2.698545 
2.692469 
2.702116 
2.710731 
2.721588 
2.721588 
2.721588 
2.719825 
2.707755 
2.707755 
2.765125 
2.798268 
2.798268 
2.808188 
2.782452 
2.782452 
2.854606 
2.854606 
2.846247 
2.846247 
2.846247 
2.868317 
2.862584 
2.862584 
2.882707 
2.933637 
2.882619 
2.882619 
2.854517 
2.854517 
2.854517 
2.854517 
2.854517 
2.791021 
2.814177 
2.814177 
2.814177 
2.814648 
2.814648 
2.814648 
2.814648 
2.821456 
2.878722 
2.983338 
2.983338 
2.944712 
2.906046 
2.906046 
2.906046 
2.822432 
2.799217 
2.790765 
2.773802 
2.777166 
2.777166 
2.777166 
2.777166 
2.777166 
2.854963 
2.837846 
2.837846 
2.837846 
2.837846 
2.837846 
2.858928 
2.850331 
2.877056 
2.886881 
2.888083 
2.888083 
2.888083 
2.888083 
2.888083 
2.888083 
2.888083 
2.866948 
2.889460 
2.886846 
2.881415 
2.895545 
2.915441 
2.891437 
2.887093 
2.917768 
2.886474 
2.886474 
2.886474 
2.893201 
2.893201 
2.895140 
2.895140 
2.955797 
2.955797 
2.955797 
2.963554 
2.963554 
2.981576 
2.981576 
2.925329 
2.925329 
2.925329 
2.925329 
2.939804 
2.946374 
3.014269 
3.014269 
3.017906 
2.963640 
2.963640 
2.963640 
3.009611 
2.981336 
2.945093 
2.945093 
2.909081 
2.909081 
2.909081 
2.939995 
2.932593 
2.949922 
2.949922 
2.949922 
2.949922 
2.999592 
2.999592 
3.074152 
3.072292 
3.047482 
3.073388 
3.165261 
3.165261 
3.102862 
3.102862 
3.037285 
3.037285 
3.037285 
3.054188 
3.070698 
3.073322 
3.059378 
3.019934 
3.020474 
3.020474 
3.020474 
3.020474 
3.041566 
3.075330 
3.075330 
3.117200 
3.117200 
3.117200 
3.116415 
3.067406 
3.067406 
3.067406 
3.127005 
3.086673 
3.086673 
3.072558 
3.099177 
3.099177 
3.099177 
3.099177 
3.069867 
3.069867 
3.097860 
3.148339 
3.191634 
3.213619 
3.213619 
3.216412 
3.232015 
3.236621 
3.236621 
3.236621 
3.236621 
3.236621 
3.236621 
3.223574 
3.257299 
3.245153 
3.245153 
3.245153 
3.248705 
3.262058 
3.262058 
3.271023 
3.271023 
3.271023 
3.240465 
3.240465 
3.240465 
3.240465 
3.241346 
3.203601 
3.203601 
3.228982 
3.231572 
3.170592 
3.162988 
3.178210 
3.178210 
3.186067 
3.168370 
3.132906 
3.132906 
3.132906 
3.132906 
3.162374 
3.162374 
3.162374 
3.185298 
3.203092 
3.170109 
3.170109 
3.200446 
3.183696 
3.146881 
3.149409 
3.135381 
3.145226 
3.150769 
3.233908 
3.227307 
3.227307 
3.227307 
3.181355 
3.181355 
3.223004 
3.223004 
3.164987 
3.164987 
3.164987 
3.164987 
3.194223 
3.186931 
3.179976 
3.179976 
3.179976 
3.235170 
3.235170 
3.286925 
3.286925 
3.286925 
3.300897 
3.300897 
3.300897 
3.262527 
3.276571 
3.276571 
3.276571 
3.292137 
3.343895 
3.343895 
3.293067 
3.293067 
3.293067 
3.282887 
3.289160 
3.294429 
3.297247 
3.283975 
3.281519 
3.313855 
3.300062 
3.356049 
3.356049 
3.354650 
3.378413 
3.389148 
3.410907 
3.410907 
3.419840 
3.419780 
3.419780 
3.413808 
3.413808 
3.413808 
3.413808 
3.413808 
3.413808 
3.439240 
3.449017 
3.449017 
3.449017 
3.431457 
3.399760 
3.424462 
3.424462 
3.424462 
3.424462 
3.451915 
3.438646 
3.438646 
3.440011 
3.451116 
3.418796 
3.388907 
3.388907 
3.388907 
3.358389 
3.292261 
3.343010 
3.399190 
3.427083 
3.427083 
3.427083 
3.427083 
3.389389 
3.333810 
3.333810 
3.333810 
3.401860 
3.430267 
3.483987 
3.456346 
3.456346 
3.456346 
3.467370 
3.467370 
3.498863 
3.524723 
3.524723 
3.524723 
3.524723 
3.524723 
3.524723 
3.524723 
3.524723 
3.524723 
3.551257 
3.551257 
3.504283 
3.509608 
3.519102 
3.519102 
3.519102 
3.519102 
3.519102 
3.518319 
3.530306 
3.536515 
3.502506 
3.505710 
3.502885 
3.502885 
3.509084 
3.510073 
3.530913 
3.530913 
3.530913 
3.607786 
3.618321 
3.618321 
3.600652 
