0.110426 
0.124232 
0.113950 
0.124232 
0.125153 
0.122787 
0.129855 
0.128869 
0.125966 
0.130247 
0.131028 
0.130833 
0.134487 
0.140879 
0.140789 
0.139971 
0.139606 
0.154441 
0.154276 
0.158114 
0.173646 
0.176705 
0.182877 
0.187560 
0.186673 
0.192062 
0.194044 
0.195746 
0.193649 
0.202283 
0.208187 
0.208310 
0.206773 
0.207266 
0.214702 
0.214643 
0.218646 
0.220505 
0.221256 
0.241171 
0.243120 
0.252740 
0.249540 
0.259759 
0.265730 
0.268974 
0.272928 
0.272788 
0.279257 
0.282391 
0.288425 
0.288159 
0.289616 
0.285491 
0.287982 
0.287317 
0.285937 
0.284282 
0.283158 
0.277286 
0.278067 
0.277930 
0.277332 
0.272881 
0.273395 
0.280215 
0.292552 
0.294291 
0.306436 
0.311432 
0.320475 
0.320395 
0.321984 
0.335676 
0.342522 
0.341515 
0.342038 
0.344786 
0.344712 
0.344749 
0.344749 
0.343638 
0.342224 
0.342857 
0.355317 
0.352614 
0.358462 
0.358213 
0.357286 
0.357250 
0.354778 
0.361333 
0.368844 
0.364111 
0.370810 
0.368740 
0.365195 
0.370294 
0.370225 
0.368290 
0.373244 
0.371497 
0.375187 
0.376883 
0.378234 
0.385813 
0.385714 
0.410730 
0.412249 
0.409486 
0.409081 
0.405133 
0.402416 
0.405290 
0.400701 
0.405951 
0.407581 
0.404755 
0.406767 
0.415853 
0.415178 
0.411660 
0.426692 
0.421398 
0.422879 
0.438777 
0.431390 
0.429582 
0.429552 
0.435685 
0.428958 
0.430116 
0.428542 
0.434277 
0.432305 
0.432305 
0.431271 
0.437933 
0.444065 
0.444352 
0.445757 
0.443375 
0.464368 
0.471402 
0.470155 
0.511924 
0.539605 
0.535905 
0.535667 
0.537022 
0.534546 
0.539298 
0.541398 
0.562112 
0.562112 
0.571853 
0.565144 
0.564060 
0.596033 
0.616255 
0.614514 
0.614099 
0.617682 
0.607374 
0.616814 
0.614556 
0.616276 
0.618115 
0.621326 
0.623662 
0.623662 
0.620812 
0.615510 
0.615510 
0.619373 
0.612893 
0.613351 
0.615696 
0.620402 
0.618466 
0.624582 
0.634610 
0.630476 
0.642520 
0.638757 
0.638757 
0.640412 
0.645253 
0.641984 
0.640432 
0.640432 
0.645036 
0.641407 
0.637498 
0.637498 
0.640989 
0.634188 
0.624847 
0.612872 
0.612872 
0.613912 
0.627617 
0.625765 
0.620484 
0.620484 
0.616027 
0.612976 
0.612976 
0.610182 
0.606849 
0.609512 
0.603053 
0.597444 
0.599979 
0.602122 
0.597870 
0.597870 
0.597870 
0.597870 
0.600935 
0.595112 
0.591716 
0.593825 
0.600956 
0.600170 
0.601783 
0.607836 
0.606365 
0.604891 
0.598872 
0.594812 
0.595348 
0.595883 
0.596696 
0.599915 
0.597038 
0.591155 
0.603962 
0.606365 
0.600850 
0.596204 
0.604806 
0.604195 
0.603096 
0.605186 
0.603561 
0.620237 
0.626681 
0.626681 
0.627861 
0.633362 
0.633362 
0.628186 
0.628186 
0.620011 
0.623089 
0.618074 
0.618074 
0.618074 
0.618074 
0.607521 
0.608989 
0.617909 
0.609951 
0.615903 
0.615903 
0.631022 
0.622229 
0.617413 
0.611476 
0.618590 
0.617682 
0.612893 
0.609052 
0.597849 
0.599128 
0.594876 
0.594876 
0.594876 
0.597721 
0.590421 
0.585518 
0.584537 
0.581891 
0.581891 
0.579298 
0.579298 
0.579298 
0.578682 
0.571384 
0.571004 
0.565189 
0.558743 
0.586171 
0.588387 
0.588387 
0.594168 
0.587106 
0.586345 
0.577336 
0.576097 
0.585279 
0.584755 
0.585540 
0.585540 
0.584777 
0.581452 
0.571473 
0.564963 
0.565054 
0.565054 
0.586454 
0.586976 
0.583817 
0.578042 
0.578527 
0.577468 
0.577468 
0.569707 
0.573211 
0.573211 
0.573211 
0.573211 
0.580618 
0.580618 
0.572833 
0.580091 
0.580091 
0.580091 
0.580091 
0.582986 
0.580948 
0.583423 
0.583423 
0.572343 
0.572343 
0.572343 
0.572343 
0.596845 
0.596845 
0.624152 
0.614763 
0.622126 
0.614493 
0.622536 
0.622536 
0.628754 
0.624316 
0.624316 
0.631184 
0.634248 
0.643947 
0.643947 
0.636095 
0.629747 
0.621100 
0.621100 
0.621100 
0.621100 
0.621613 
0.618734 
0.625602 
0.625602 
0.625846 
0.626009 
0.626009 
0.629666 
0.629666 
0.629666 
0.629666 
0.627739 
0.620072 
0.624091 
0.614846 
0.614846 
0.611622 
0.611622 
0.611622 
0.611622 
0.614971 
0.614971 
0.614971 
0.614971 
0.614971 
0.614971 
0.614971 
0.612456 
0.622147 
0.622147 
0.621346 
0.629058 
0.618651 
0.621880 
0.622249 
0.622249 
0.622249 
0.619352 
0.609010 
0.609010 
0.600998 
0.575432 
0.570289 
0.570289 
0.572120 
0.572120 
0.572120 
0.570289 
0.568721 
0.568721 
0.566744 
0.564738 
0.564738 
0.564738 
0.564738 
0.555905 
0.557028 
0.532897 
0.535143 
0.552868 
0.543843 
0.543843 
0.536951 
0.536951 
0.552291 
0.552291 
0.552291 
0.536927 
0.536927 
0.547746 
0.547746 
0.542693 
0.542693 
0.542693 
0.542693 
0.542693 
0.536333 
0.536333 
0.536333 
0.536333 
0.536024 
0.537260 
0.537260 
0.536927 
0.536927 
0.542975 
0.542975 
0.540337 
0.553721 
0.553721 
0.553721 
0.553721 
0.554458 
0.554458 
0.554044 
0.554044 
0.554044 
0.553468 
0.550603 
0.550603 
0.550603 
0.550603 
0.550603 
0.550603 
0.550603 
0.555170 
0.555170 
0.554251 
0.552407 
0.552407 
0.552407 
0.564557 
0.564557 
0.576363 
0.576363 
0.576363 
0.552106 
0.552106 
0.552106 
0.545459 
0.545459 
0.545459 
0.545459 
0.549164 
0.549164 
0.547140 
0.544780 
0.548258 
0.540903 
0.538185 
0.538185 
0.538185 
0.538185 
0.538185 
0.538185 
0.538185 
0.535429 
0.538540 
0.538540 
0.538540 
0.538540 
0.538540 
0.535571 
0.535571 
0.534689 
0.533711 
0.533711 
0.527750 
0.527750 
0.527750 
0.527750 
0.527750 
0.524380 
0.524380 
0.526952 
0.515376 
0.515376 
0.515376 
0.515376 
0.515376 
0.515376 
0.515376 
0.515376 
0.513914 
0.513914 
0.513914 
0.513914 
0.513914 
0.513914 
0.513914 
0.513914 
0.513914 
0.506010 
0.501910 
0.503863 
0.499157 
0.494227 
0.494227 
0.496159 
0.496159 
0.490366 
0.491484 
0.485688 
0.486501 
0.486501 
0.486501 
0.486501 
0.487130 
0.487130 
0.487130 
0.487130 
0.487130 
0.475201 
0.475201 
0.475201 
0.475201 
0.475201 
0.475201 
0.475201 
0.475201 
0.475201 
0.475201 
0.475201 
0.475201 
0.475201 
0.475201 
0.475201 
0.466533 
0.466533 
0.456668 
0.456668 
0.456668 
0.456668 
0.456668 
0.456668 
0.456668 
0.456668 
0.456668 
0.456668 
0.456668 
0.456668 
0.450397 
0.450397 
0.451189 
0.451189 
0.450963 
0.451528 
0.451528 
0.451980 
0.451980 
0.451980 
0.451980 
0.451980 
0.451980 
0.451980 
0.451980 
0.451980 
0.451980 
0.451980 
0.460534 
0.468878 
0.467680 
0.467680 
0.467516 
0.454569 
0.454569 
0.454569 
0.454569 
0.454569 
0.454569 
0.454569 
0.441183 
0.441183 
0.441183 
0.439155 
0.439155 
0.439155 
0.439155 
0.434483 
0.434483 
0.434483 
0.434483 
0.433601 
0.433601 
0.413762 
0.410978 
0.387529 
0.387529 
0.387529 
0.387529 
0.387529 
0.385648 
0.385648 
0.385648 
0.385648 
0.385648 
0.385648 
0.392565 
0.392565 
0.392565 
0.399234 
0.399234 
0.399234 
0.394865 
0.394865 
0.394865 
0.394865 
0.394865 
0.400987 
0.374949 
0.374949 
0.374949 
0.374949 
0.374949 
0.374949 
0.374949 
0.374949 
0.374949 
0.374949 
0.374949 
0.374949 
0.374949 
0.374949 
0.374949 
0.380923 
0.380923 
0.380923 
0.377863 
0.383426 
0.383426 
0.388679 
0.388679 
0.388679 
0.388679 
0.388679 
0.388679 
0.388679 
0.388679 
0.388679 
0.388679 
0.388679 
0.388679 
0.388679 
0.393636 
0.393636 
0.393636 
0.393636 
0.386243 
0.386243 
0.386243 
0.386243 
0.386243 
0.386243 
0.386243 
0.386243 
0.386243 
0.386243 
0.390904 
0.390904 
0.390904 
0.390904 
0.390904 
0.390904 
0.390904 
0.390904 
0.390904 
0.390904 
0.390904 
0.390904 
0.390904 
0.390904 
0.390904 
0.390904 
0.390904 
0.390904 
0.390904 
0.390904 
0.390904 
0.390904 
0.390904 
0.390904 
0.390904 
0.390904 
0.387068 
0.387068 
0.387068 
0.387068 
0.387068 
0.391328 
0.391328 
0.391328 
0.391328 
0.391328 
0.391328 
0.391328 
0.387200 
0.387200 
0.387200 
0.387200 
0.387200 
0.387200 
0.387200 
0.387200 
0.387200 
0.387200 
0.387200 
0.387200 
0.387200 
0.382827 
0.382827 
0.382827 
0.382827 
0.366589 
0.366589 
0.366589 
0.366589 
0.366589 
0.370294 
0.370294 
0.370294 
0.370294 
0.370294 
0.370294 
0.370294 
0.373791 
0.373791 
0.373791 
0.373791 
0.373791 
0.373791 
0.373791 
0.373791 
0.376985 
0.376985 
0.376985 
0.376985 
0.376985 
0.376985 
0.376985 
0.376985 
0.376985 
0.376985 
0.376985 
0.376985 
0.371703 
0.371703 
0.371703 
0.371703 
0.371703 
0.371703 
0.371703 
0.371703 
0.371703 
0.371703 
0.371703 
0.371703 
0.371703 
0.371703 
0.371703 
0.371703 
0.371703 
0.371703 
0.371703 
0.371703 
0.371703 
0.374575 
0.374575 
0.374575 
0.374575 
0.377086 
0.377086 
0.377086 
0.377086 
0.379446 
0.379446 
0.379446 
0.379446 
0.379446 
0.373552 
0.373552 
0.373552 
0.373552 
0.373552 
0.373552 
0.373552 
0.367458 
0.367458 
0.367458 
0.367458 
0.367458 
0.367458 
0.367458 
0.367458 
0.367458 
0.367458 
0.367458 
0.367458 
0.367458 
0.367458 
0.369293 
0.362777 
0.362777 
0.362777 
0.362777 
0.346668 
0.346668 
0.346668 
0.346668 
0.346668 
0.335562 
0.335562 
0.335562 
0.335562 
0.335562 
0.335562 
0.335562 
0.335562 
0.335562 
0.336663 
0.336663 
0.336663 
0.336663 
0.336663 
0.336663 
0.336663 
0.336663 
0.336663 
0.336663 
0.336663 
0.328882 
0.328882 
0.328882 
0.328882 
0.328882 
0.328882 
0.328882 
0.328882 
0.328882 
0.328882 
0.328882 
0.328882 
0.329541 
0.329541 
0.329541 
0.329541 
0.329541 
0.329541 
0.321190 
0.321190 
0.321190 
0.321190 
0.321190 
0.321190 
0.321190 
0.321429 
0.321429 
0.321429 
0.321429 
0.321429 
0.321429 
0.321429 
0.321429 
0.321429 
0.321429 
0.307143 
0.307143 
0.306977 
0.306519 
0.306519 
0.306519 
0.306519 
0.306519 
0.306519 
0.305811 
0.305811 
0.305811 
0.305811 
0.305811 
0.305811 
0.305811 
0.305811 
0.305811 
0.305811 
0.305811 
0.305811 
0.305811 
0.305811 
0.291679 
0.290540 
0.290540 
0.290540 
0.290540 
0.290540 
0.290540 
0.290540 
0.290540 
0.290540 
0.290540 
0.290540 
0.290540 
0.290540 
0.290540 
0.290540 
0.290540 
0.290540 
0.290540 
0.290540 
0.290540 
0.290540 
0.290540 
0.290540 
0.290540 
0.290540 
0.290540 
0.289087 
0.289087 
0.289087 
0.289087 
0.289087 
0.289087 
0.287273 
0.287273 
0.287273 
0.287273 
0.287273 
0.287273 
0.287273 
0.287273 
0.287273 
0.287273 
0.287273 
0.287273 
0.287273 
0.287273 
0.287273 
0.287273 
0.287273 
0.287273 
0.287273 
0.285133 
0.273162 
0.273162 
0.273162 
0.273162 
0.273162 
0.254149 
0.254149 
0.250764 
0.236255 
0.236255 
0.236255 
0.236255 
0.236255 
0.236255 
0.236255 
0.236255 
0.236255 
0.232060 
0.232060 
0.232060 
0.232060 
