0.079591 0.085189 
0.099959 0.094286 
0.057143 0.096637 
0.085714 0.110250 
0.074560 0.119728 
0.076931 0.113173 
0.085189 0.093416 
0.067370 0.109768 
0.094761 0.120170 
0.094286 0.129552 
0.059659 0.149147 
0.074560 0.134012 
0.077932 0.115317 
0.080812 0.133524 
0.074286 0.106484 
0.071429 0.128571 
0.068868 0.096637 
0.082264 0.147468 
0.068868 0.145686 
0.073457 0.121252 
0.095148 0.103372 
0.096637 0.105405 
0.098974 0.109768 
0.090351 0.116444 
0.086142 0.115175 
0.084564 0.130962 
0.070218 0.129173 
0.103648 0.138476 
0.078818 0.139971 
0.093721 0.149448 
0.057143 0.135857 
0.087785 0.136905 
0.073179 0.129804 
0.067370 0.142743 
0.070218 0.122191 
0.078818 0.137766 
0.052372 0.121084 
0.072506 0.102260 
0.081014 0.122424 
0.077932 0.095831 
0.059178 0.129078 
0.077932 0.112993 
0.075809 0.123520 
0.074286 0.139854 
0.068868 0.125877 
0.094933 0.144250 
0.085189 0.112159 
0.061012 0.123520 
0.081616 0.136457 
0.077932 0.117942 
0.065465 0.160331 
0.080812 0.133524 
0.076931 0.148351 
0.085905 0.182589 
0.080812 0.124573 
0.081266 0.132048 
0.077932 0.141392 
0.066639 0.134012 
0.059659 0.158976 
0.062662 0.123916 
0.077932 0.135255 
0.093066 0.124409 
0.070218 0.116724 
0.085189 0.151078 
0.090756 0.144674 
0.057143 0.137766 
0.093066 0.148351 
0.086897 0.130962 
0.076931 0.110509 
0.077932 0.141161 
0.107514 0.121218 
0.068868 0.133064 
0.094761 0.124540 
0.072506 0.164130 
0.075809 0.116269 
0.070218 0.132203 
0.065465 0.141392 
0.074997 0.134771 
0.102060 0.127167 
0.068868 0.132449 
0.083005 0.155550 
0.076931 0.149993 
0.089852 0.136905 
0.093721 0.119318 
0.084564 0.147468 
0.061875 0.128571 
0.082065 0.164130 
0.083837 0.162657 
0.085905 0.169055 
0.080812 0.135496 
0.082065 0.150347 
0.068868 0.130931 
0.057214 0.139854 
0.083005 0.116549 
0.068571 0.122191 
0.085714 0.171333 
0.079591 0.134012 
0.063888 0.149257 
0.063888 0.122057 
0.071429 0.143570 
0.085189 0.161220 
0.067673 0.143570 
0.059178 0.127263 
0.074560 0.151186 
0.079591 0.132665 
0.059178 0.162255 
0.077932 0.150753 
0.067673 0.194957 
0.095148 0.189112 
0.084564 0.184921 
0.074286 0.154814 
0.074286 0.169633 
0.079847 0.153037 
0.090351 0.106177 
0.081266 0.130931 
0.083837 0.167600 
0.063888 0.165023 
0.078818 0.161650 
0.079591 0.152289 
0.072506 0.148351 
0.068868 0.138476 
0.091473 0.168644 
0.083005 0.140000 
0.111245 0.124409 
0.074560 0.122191 
0.095661 0.134042 
0.093721 0.145574 
0.077932 0.144674 
0.067370 0.156388 
0.077143 0.141825 
0.084564 0.144024 
0.077932 0.168571 
0.083593 0.151078 
0.081866 0.144250 
0.069985 0.133890 
0.049570 0.149147 
0.057143 0.132203 
0.083005 0.127903 
0.086709 0.129173 
0.068868 0.105211 
0.082065 0.141017 
0.086473 0.122591 
0.083837 0.136546 
0.083005 0.134012 
0.074560 0.125974 
0.078818 0.133524 
0.075809 0.145574 
0.072506 0.122591 
0.099837 0.138240 
0.068868 0.140698 
0.088571 0.144250 
0.075809 0.126362 
0.073457 0.148021 
0.077932 0.129331 
0.061012 0.124409 
0.091429 0.142743 
0.099837 0.139854 
0.074286 0.119728 
0.089260 0.156074 
0.091071 0.117803 
0.065465 0.131708 
0.067370 0.147053 
0.083005 0.120000 
0.104745 0.156074 
0.071657 0.145237 
0.076931 0.140000 
0.072506 0.126620 
0.069341 0.135104 
0.052372 0.141392 
0.061012 0.181265 
0.081866 0.153862 
0.074560 0.121218 
0.107514 0.130806 
0.075809 0.136546 
0.059659 0.144024 
0.075809 0.151078 
0.071429 0.146830 
0.070218 0.166599 
0.083837 0.149147 
0.086473 0.127647 
0.061012 0.144674 
0.067370 0.139503 
0.074560 0.138476 
0.073457 0.121084 
0.052372 0.138476 
0.093939 0.139503 
0.061875 0.108459 
0.065714 0.124409 
0.080255 0.115741 
0.107514 0.091473 
0.061012 0.148489 
0.063888 0.167600 
0.074286 0.164155 
0.065714 0.157558 
0.081014 0.123354 
0.070218 0.122057 
0.081014 0.141161 
0.085189 0.141969 
0.074560 0.176705 
0.068868 0.161523 
0.071657 0.148571 
0.063888 0.171524 
0.067673 0.163657 
0.088571 0.122591 
0.090756 0.138917 
0.078558 0.153357 
0.081266 0.146385 
0.059178 0.144589 
0.078558 0.149257 
0.070218 0.118666 
0.054884 0.138917 
0.057143 0.165023 
0.068868 0.143882 
0.085714 0.128571 
0.082065 0.148351 
0.074560 0.137024 
0.073179 0.141825 
0.081014 0.147053 
0.071429 0.142743 
0.085189 0.125877 
0.095831 0.133890 
0.046423 0.130806 
0.054884 0.125357 
0.057143 0.138328 
0.061012 0.136905 
0.065714 0.159105 
0.062662 0.135496 
0.057143 0.121218 
0.063888 0.115175 
0.074560 0.149803 
0.068868 0.139503 
0.065714 0.142399 
0.052372 0.135255 
0.059178 0.089488 
0.093721 0.143570 
0.057143 0.134012 
0.061012 0.162255 
0.061012 0.163732 
0.046423 0.154524 
0.085189 0.155340 
0.075809 0.139854 
0.062662 0.149803 
0.064143 0.120000 
0.076931 0.131708 
0.103844 0.127647 
0.068868 0.128571 
0.090756 0.129804 
0.099837 0.143683 
0.085189 0.146830 
0.075809 0.180000 
0.085189 0.167210 
0.074560 0.144024 
0.076931 0.146385 
0.079847 0.171524 
0.064143 0.156492 
0.067370 0.178999 
0.071429 0.126781 
0.084564 0.145237 
0.074560 0.176958 
0.079847 0.166599 
0.076931 0.140814 
0.073179 0.135496 
0.081014 0.128571 
0.081014 0.142743 
0.083837 0.122057 
0.088571 0.146691 
0.075809 0.141392 
0.052372 0.176958 
0.074560 0.177143 
0.110657 0.119215 
0.093066 0.134042 
0.071429 0.139503 
0.054884 0.146830 
0.070218 0.138240 
0.073457 0.148461 
0.070218 0.160204 
0.071657 0.114143 
0.067370 0.135707 
0.046423 0.126620 
0.049570 0.139503 
0.061875 0.149147 
0.046423 0.151186 
0.097353 0.146830 
0.071657 0.163032 
0.071429 0.141825 
0.068868 0.157946 
0.067370 0.164850 
0.070218 0.129078 
0.059659 0.145574 
0.065714 0.153888 
0.085189 0.163358 
0.065465 0.142857 
0.059178 0.136905 
0.070218 0.127903 
0.067370 0.163857 
0.052372 0.159079 
0.063888 0.119215 
0.062662 0.141969 
0.065714 0.139854 
0.063888 0.130931 
0.075809 0.137766 
0.069985 0.136457 
0.074560 0.162255 
0.063888 0.181063 
0.062662 0.155340 
0.061875 0.137054 
0.084805 0.142886 
0.057143 0.153888 
0.062662 0.156596 
0.078818 0.124014 
0.059178 0.133064 
0.085189 0.130931 
0.063952 0.161624 
0.049570 0.167600 
0.079591 0.156909 
0.087785 0.127647 
0.075809 0.164155 
0.076931 0.147247 
0.081616 0.155025 
0.094286 0.152503 
0.095148 0.165221 
0.065465 0.181962 
0.070218 0.180702 
0.079591 0.144674 
0.079847 0.143570 
0.049570 0.114143 
0.054884 0.155550 
0.075809 0.151186 
0.059178 0.175103 
0.080255 0.142971 
0.076931 0.144024 
0.076931 0.129078 
0.085189 0.138240 
0.073179 0.122857 
0.068868 0.153437 
0.084805 0.127263 
0.049570 0.169633 
0.067370 0.183503 
0.070218 0.191151 
0.072506 0.164130 
0.068868 0.126136 
0.073457 0.150211 
0.081014 0.160840 
0.080812 0.168571 
0.081014 0.163358 
0.062662 0.151617 
0.086142 0.134042 
0.076931 0.153862 
0.061875 0.168450 
0.111575 0.144815 
0.077143 0.168450 
0.081014 0.135345 
0.086142 0.188138 
0.070218 0.139269 
0.103962 0.155996 
0.085189 0.127775 
0.086897 0.128698 
0.073457 0.152155 
0.067370 0.143570 
0.071429 0.145237 
0.090351 0.132048 
0.074560 0.150347 
0.089852 0.146496 
0.074997 0.137143 
0.071429 0.155550 
0.064143 0.137024 
0.086709 0.134892 
0.107703 0.149448 
0.068868 0.171166 
0.104002 0.130931 
0.068868 0.133890 
0.080812 0.115564 
0.110804 0.147247 
0.057143 0.143570 
0.059178 0.157247 
0.084564 0.140000 
0.098520 0.194286 
0.096637 0.174379 
0.075809 0.146830 
0.083005 0.162255 
0.063888 0.167210 
0.074560 0.151186 
0.081014 0.148021 
0.068868 0.157428 
0.061875 0.166599 
0.093721 0.211139 
0.082065 0.151294 
0.062662 0.154524 
0.073457 0.138240 
0.080255 0.146691 
0.073179 0.142743 
0.085905 0.174473 
0.073179 0.152155 
0.054884 0.173887 
0.062662 0.159719 
0.059178 0.154418 
0.074560 0.180702 
0.073179 0.150129 
0.079591 0.159182 
0.067370 0.147938 
0.071657 0.177993 
0.074560 0.140698 
0.061012 0.190724 
0.084564 0.145012 
0.076931 0.138092 
0.057214 0.168450 
0.065714 0.134042 
0.083005 0.170976 
0.076931 0.160840 
0.081014 0.149448 
0.073457 0.152289 
0.068868 0.143570 
0.068868 0.147053 
0.076931 0.117803 
0.065714 0.144674 
0.076931 0.146134 
0.059178 0.136546 
0.067370 0.150211 
0.067370 0.156596 
0.084564 0.186131 
0.074560 0.162255 
0.074997 0.130337 
0.083837 0.161624 
0.046423 0.151186 
0.061012 0.195876 
0.071429 0.171524 
0.074560 0.169417 
0.073900 0.132203 
0.063888 0.154100 
0.072506 0.173229 
0.089852 0.193970 
0.068868 0.159182 
0.068868 0.183481 
0.076931 0.143570 
0.080255 0.149257 
0.079591 0.122424 
0.061875 0.158282 
0.065714 0.174286 
0.076931 0.164130 
0.059178 0.161725 
0.063888 0.113173 
0.071657 0.162732 
0.084564 0.152369 
0.061012 0.140698 
0.071429 0.170569 
0.078818 0.167478 
0.057143 0.138829 
0.068868 0.148351 
0.070218 0.161624 
0.061012 0.183503 
0.073179 0.172284 
0.070218 0.151429 
0.083005 0.153570 
0.078818 0.175685 
0.078818 0.144674 
0.078818 0.179091 
0.081266 0.136097 
0.061012 0.172023 
0.093066 0.169633 
0.068868 0.154814 
0.077932 0.177993 
0.076931 0.155996 
0.069985 0.162028 
0.070218 0.168159 
0.061875 0.162255 
0.075809 0.176958 
0.078818 0.167965 
0.078818 0.156596 
0.065465 0.148351 
0.049570 0.112450 
0.088571 0.158796 
0.071429 0.168450 
0.066639 0.172473 
0.057143 0.183414 
0.077932 0.158282 
0.071429 0.152904 
0.052372 0.166623 
0.091071 0.179705 
0.052372 0.166599 
0.074560 0.156492 
0.081014 0.137648 
0.068868 0.139650 
0.065714 0.138092 
0.054511 0.146357 
0.059178 0.172023 
0.046423 0.138092 
0.057143 0.131832 
0.077932 0.149666 
0.079591 0.167478 
0.078818 0.157143 
0.061012 0.164528 
0.067370 0.151967 
0.057143 0.174356 
0.054884 0.159310 
0.057143 0.148709 
0.063888 0.155865 
0.052372 0.155996 
0.049570 0.170976 
0.049570 0.175685 
0.081014 0.196396 
0.071657 0.169248 
0.062662 0.198381 
0.059178 0.187443 
0.089852 0.185692 
0.066639 0.164751 
0.067370 0.129961 
0.079591 0.146914 
0.079591 0.126136 
0.078818 0.143570 
0.068868 0.189004 
0.087785 0.154629 
0.076931 0.137024 
0.079591 0.159821 
0.057143 0.152155 
0.075809 0.134042 
0.083837 0.148461 
0.046423 0.171429 
0.071429 0.145153 
0.075809 0.144024 
0.076931 0.142170 
0.072506 0.185714 
0.099837 0.143570 
0.057143 0.141161 
0.069985 0.148489 
0.073179 0.155682 
0.071429 0.128571 
0.074560 0.163857 
0.078818 0.156492 
0.085714 0.129078 
0.078818 0.148021 
0.078818 0.147800 
0.068868 0.190831 
0.074560 0.192003 
0.063888 0.140814 
0.079591 0.141392 
0.099837 0.151967 
0.065714 0.170976 
0.049570 0.139064 
0.057143 0.141248 
0.049570 0.106904 
0.068868 0.146496 
0.079847 0.139971 
0.074560 0.159719 
0.061875 0.141017 
0.082264 0.149666 
0.077932 0.163233 
0.074560 0.145237 
0.061875 0.158282 
0.062662 0.141738 
0.065714 0.164850 
0.077932 0.165517 
0.054884 0.133524 
0.068868 0.168934 
0.067370 0.159821 
0.072506 0.146691 
0.085714 0.133064 
0.052372 0.183147 
0.076931 0.165640 
0.093721 0.127006 
0.085189 0.151294 
0.110250 0.183481 
0.075809 0.187116 
0.071429 0.171166 
0.080255 0.176497 
0.070218 0.160636 
0.075809 0.149038 
0.071657 0.169609 
0.077932 0.184921 
0.065714 0.148462 
0.061012 0.170090 
0.059659 0.144109 
0.052372 0.161852 
0.081266 0.145798 
0.083005 0.157636 
0.075809 0.183503 
0.061875 0.142313 
0.063888 0.142857 
0.068868 0.166623 
0.079591 0.145237 
0.054884 0.146914 
0.088571 0.183147 
0.080255 0.138092 
0.066639 0.192195 
0.071657 0.189866 
0.071657 0.160000 
0.070218 0.153862 
0.089260 0.133064 
0.076931 0.166010 
0.063888 0.152690 
0.085189 0.145686 
0.061875 0.155996 
0.057143 0.122424 
0.064143 0.138240 
0.057143 0.177603 
0.054884 0.132449 
0.090531 0.136097 
0.064143 0.141825 
0.067370 0.143570 
0.087785 0.141017 
0.089852 0.187355 
0.061012 0.157558 
0.049570 0.152503 
0.071429 0.130337 
0.086897 0.135496 
0.062662 0.137885 
0.057143 0.132449 
0.070218 0.169609 
0.077932 0.160204 
0.063888 0.148021 
0.075593 0.133524 
0.078558 0.181355 
0.057143 0.146830 
0.089260 0.151967 
0.078818 0.198134 
0.079591 0.132911 
0.061012 0.155472 
0.059178 0.146385 
0.068868 0.150536 
0.079847 0.161624 
0.080255 0.137024 
0.069985 0.154286 
0.076931 0.161017 
0.091429 0.136457 
0.063888 0.147800 
0.077932 0.162255 
0.085189 0.164354 
0.065714 0.156727 
0.064143 0.201241 
0.061012 0.181693 
0.089852 0.161017 
0.065714 0.154418 
0.089852 0.176705 
0.088571 0.169417 
0.075809 0.196375 
0.093066 0.164751 
0.089852 0.164354 
0.090756 0.155340 
0.094286 0.111575 
0.057143 0.144674 
0.080812 0.153037 
0.070218 0.113173 
0.082065 0.157428 
0.078818 0.151186 
0.073179 0.146496 
0.067370 0.122057 
0.084564 0.159105 
0.071657 0.148461 
0.084564 0.159079 
0.071657 0.172875 
0.061012 0.152155 
0.073457 0.163158 
0.071657 0.156388 
0.059178 0.165714 
0.086473 0.175685 
0.077932 0.144250 
0.061875 0.157428 
0.086142 0.149038 
0.065714 0.153037 
0.059178 0.166206 
0.071657 0.139971 
0.059178 0.132449 
0.074997 0.164751 
0.063888 0.137766 
0.068868 0.144250 
0.054884 0.159821 
0.079847 0.144815 
0.076931 0.159079 
0.083837 0.168450 
0.099959 0.134042 
0.075809 0.154100 
0.098520 0.159719 
0.075809 0.174637 
0.065714 0.153968 
0.099345 0.187355 
0.078818 0.147385 
0.088571 0.135857 
0.067370 0.124540 
0.061875 0.144448 
0.057143 0.141161 
0.057143 0.167478 
0.074560 0.141738 
0.075809 0.174824 
0.061012 0.164130 
0.054884 0.127167 
0.054884 0.164230 
0.075809 0.140087 
0.057143 0.155865 
0.059178 0.144024 
0.067370 0.160000 
0.074286 0.174379 
0.083837 0.148462 
0.076931 0.132665 
0.082065 0.145714 
0.063888 0.127775 
0.090756 0.196063 
0.079847 0.151213 
0.065465 0.144589 
0.074286 0.155340 
0.074286 0.178634 
0.071657 0.149666 
0.083005 0.199510 
0.072506 0.141017 
0.089852 0.187899 
0.102060 0.163032 
0.091071 0.178999 
0.062662 0.154524 
0.072506 0.174824 
0.075809 0.133279 
0.083005 0.142971 
0.068868 0.163158 
0.078818 0.163158 
0.084564 0.148462 
0.082065 0.157143 
0.081014 0.171429 
0.072506 0.159617 
0.099632 0.153224 
0.065714 0.159310 
0.077932 0.132048 
0.061012 0.189866 
0.071657 0.148462 
0.083837 0.176126 
0.064143 0.146134 
0.103372 0.159719 
0.061012 0.186504 
0.057143 0.161624 
0.079591 0.134012 
0.063888 0.150129 
0.073179 0.155865 
0.062662 0.158796 
0.085189 0.140698 
0.077932 0.176497 
0.077932 0.173887 
0.069985 0.159079 
0.065714 0.166599 
0.062662 0.125357 
0.059178 0.185626 
0.087785 0.178999 
0.077932 0.181693 
0.088571 0.160840 
0.082065 0.129331 
0.079591 0.160713 
0.065714 0.132203 
0.083837 0.177993 
0.088571 0.183414 
0.075809 0.189112 
0.059659 0.168450 
0.077932 0.169633 
0.071429 0.148709 
0.085905 0.171166 
0.057143 0.145798 
0.071429 0.137024 
0.073457 0.125974 
0.059659 0.165517 
0.071657 0.174753 
0.071429 0.129961 
0.070218 0.161725 
0.062662 0.178634 
0.097980 0.162229 
0.074997 0.161346 
0.086142 0.140814 
0.083593 0.157247 
0.083837 0.134134 
0.083837 0.127903 
0.057143 0.171643 
0.083837 0.139650 
0.110250 0.152824 
0.085905 0.166990 
0.061012 0.168450 
0.080812 0.156596 
0.065714 0.173229 
0.075809 0.141161 
0.083837 0.138682 
0.074560 0.181243 
0.084805 0.156205 
0.057143 0.163158 
0.073457 0.143456 
0.078818 0.159719 
0.076718 0.125226 
0.097353 0.171999 
0.085714 0.151617 
0.062662 0.186832 
0.077932 0.200489 
0.089260 0.209587 
0.049570 0.164130 
0.085714 0.158796 
0.057143 0.140437 
0.070218 0.171643 
0.046423 0.176681 
0.081014 0.144815 
0.075809 0.125357 
0.062662 0.146691 
0.072506 0.132911 
0.082065 0.190038 
0.091473 0.180453 
0.046423 0.150211 
0.093721 0.144815 
0.067370 0.170856 
0.059178 0.169417 
0.070218 0.174169 
0.057143 0.145686 
0.068868 0.166990 
0.077932 0.191429 
0.071657 0.137885 
0.071429 0.143882 
0.069985 0.132819 
0.090351 0.158462 
0.073179 0.156492 
0.071429 0.151859 
0.068153 0.161852 
0.076931 0.172023 
0.072506 0.150889 
0.061875 0.147800 
0.067370 0.140698 
0.065465 0.170856 
0.052372 0.166623 
0.067370 0.169609 
0.057143 0.174004 
0.086142 0.164155 
0.080255 0.156205 
0.070218 0.144024 
0.082065 0.171809 
0.068868 0.142313 
0.067370 0.173417 
0.079591 0.153862 
0.088571 0.166329 
0.052372 0.146691 
0.080255 0.164751 
0.081014 0.172284 
0.079591 0.123916 
0.070218 0.173346 
0.063888 0.159182 
0.071657 0.149584 
0.066148 0.159821 
0.072506 0.144448 
0.090351 0.158075 
0.068868 0.162732 
0.068868 0.135104 
0.075809 0.124540 
0.074560 0.148489 
0.079847 0.158462 
0.054884 0.146273 
0.086473 0.144674 
0.059659 0.141017 
0.073179 0.133064 
0.078818 0.158976 
0.054884 0.145574 
0.076931 0.144250 
0.098520 0.145012 
0.086897 0.143882 
0.082065 0.158282 
0.084805 0.151859 
0.064143 0.156518 
0.079591 0.142857 
0.068868 0.150672 
0.080255 0.129552 
0.081014 0.128571 
0.071429 0.148489 
0.059178 0.161624 
0.075809 0.153437 
0.094286 0.145686 
0.065465 0.182074 
0.074560 0.155682 
0.072506 0.131708 
0.079591 0.121084 
0.038756 0.166990 
0.059178 0.157946 
0.049570 0.145012 
0.065465 0.186832 
0.077932 0.140698 
0.077932 0.156205 
0.093721 0.169031 
0.071429 0.160204 
0.065714 0.177143 
0.076931 0.154100 
0.090351 0.136457 
0.097353 0.139971 
0.081266 0.131832 
0.103844 0.170090 
0.061875 0.149147 
0.063888 0.172875 
0.070218 0.131832 
0.066148 0.165640 
0.065465 0.173229 
0.067370 0.156492 
0.073457 0.185714 
0.081014 0.178177 
0.075809 0.167308 
0.108571 0.163158 
0.083005 0.166819 
0.082065 0.140582 
0.073457 0.170497 
0.046423 0.180702 
0.075809 0.167186 
0.062662 0.183414 
0.068868 0.150536 
0.073179 0.195876 
0.073457 0.202111 
0.061012 0.180453 
0.074560 0.187443 
0.070218 0.145938 
0.093721 0.158282 
0.092317 0.159719 
0.059178 0.175685 
0.085714 0.145714 
0.075809 0.172023 
0.085189 0.158591 
0.087785 0.147607 
0.068868 0.155472 
0.083837 0.178634 
0.068868 0.155340 
0.061012 0.130806 
0.061012 0.197557 
0.079591 0.195959 
0.083005 0.163032 
0.075809 0.126362 
0.079847 0.154100 
0.080255 0.128571 
0.061875 0.152503 
0.061012 0.151078 
0.092317 0.156205 
0.061875 0.178177 
0.057143 0.194118 
0.097143 0.166599 
0.075809 0.147607 
0.083837 0.139503 
0.073179 0.170378 
0.077932 0.176497 
0.052372 0.162255 
0.096637 0.179432 
0.094761 0.187704 
0.077932 0.192173 
0.061012 0.192173 
0.082065 0.167186 
0.094286 0.150211 
0.074560 0.167210 
0.067370 0.160331 
0.068868 0.141594 
0.079847 0.134771 
0.063888 0.162531 
0.084564 0.166132 
0.086142 0.167478 
0.078818 0.151967 
0.075809 0.158075 
0.075809 0.137054 
0.091071 0.168571 
0.068868 0.166329 
0.067370 0.138328 
0.068868 0.143683 
0.068868 0.149448 
0.069985 0.128571 
0.057143 0.168765 
0.078818 0.160204 
0.061012 0.172023 
0.077932 0.174004 
0.083005 0.159719 
0.070218 0.147607 
0.071429 0.145686 
0.054884 0.179818 
0.082264 0.151832 
0.061875 0.191855 
0.064143 0.183147 
0.054884 0.194118 
0.065714 0.181265 
0.059178 0.194118 
0.065714 0.171524 
0.075809 0.157946 
0.059178 0.159719 
0.086897 0.154286 
0.068153 0.192958 
0.071657 0.144024 
0.068153 0.147800 
0.057143 0.132203 
0.065465 0.180159 
0.095831 0.149993 
0.065714 0.151967 
0.071429 0.151294 
0.062662 0.153037 
0.079847 0.176681 
0.059178 0.132911 
0.085905 0.145574 
0.063888 0.145574 
0.073179 0.169031 
0.095831 0.151186 
0.073457 0.180702 
0.078818 0.146496 
0.073457 0.117838 
0.071429 0.173535 
0.090756 0.178634 
0.083837 0.120407 
0.054884 0.161346 
0.091652 0.151186 
0.084564 0.157143 
0.059659 0.145153 
0.061012 0.161852 
0.082065 0.180702 
0.075809 0.146830 
0.076931 0.169633 
0.087785 0.141969 
0.063888 0.137024 
0.074997 0.165221 
