0.397173 0.397174 
0.403951 0.403949 
0.397174 0.397173 
0.407241 0.407240 
0.397173 0.397174 
0.374971 0.374972 
0.392959 0.392958 
0.397092 0.397091 
0.388362 0.388361 
0.387562 0.387562 
0.391845 0.391845 
0.415270 0.415270 
0.414394 0.414394 
0.414670 0.414669 
0.411319 0.411319 
0.405322 0.405322 
0.414001 0.413999 
0.427131 0.427130 
0.421359 0.421358 
0.435572 0.435571 
0.437021 0.437022 
0.424985 0.424985 
0.427628 0.427627 
0.442340 0.442341 
0.447725 0.447724 
0.447478 0.447478 
0.443143 0.443142 
0.444982 0.444981 
0.443585 0.443585 
0.452260 0.452259 
0.452918 0.452918 
0.448353 0.448353 
0.450750 0.450750 
0.454456 0.454456 
0.457285 0.457286 
0.449943 0.449943 
0.452657 0.452657 
0.453701 0.453701 
0.454456 0.454456 
0.461726 0.461727 
0.453782 0.453782 
0.454599 0.454600 
0.454681 0.454681 
0.450161 0.450160 
0.455568 0.455569 
0.458826 0.458828 
0.462124 0.462125 
0.461373 0.461373 
0.466651 0.466651 
0.461090 0.461090 
0.470874 0.470874 
0.466205 0.466205 
0.463605 0.463606 
0.467175 0.467176 
0.472950 0.472951 
0.478808 0.478808 
0.484881 0.484882 
0.480510 0.480510 
0.483051 0.483051 
0.472501 0.472500 
0.466825 0.466827 
0.464662 0.464662 
0.473804 0.473804 
0.476244 0.476244 
0.478680 0.478681 
0.484039 0.484039 
0.495704 0.495704 
0.491029 0.491030 
0.495112 0.495111 
0.493063 0.493063 
0.497372 0.497373 
0.496363 0.496363 
0.490573 0.490573 
0.490573 0.490573 
0.487065 0.487066 
0.485386 0.485387 
0.481494 0.481494 
0.469476 0.469476 
0.469476 0.469476 
0.462372 0.462372 
0.462372 0.462372 
0.461586 0.461586 
0.467813 0.467813 
0.463430 0.463430 
0.453773 0.453773 
0.457331 0.457329 
0.468746 0.468746 
0.467045 0.467044 
0.467918 0.467917 
0.469685 0.469684 
0.469694 0.469694 
0.467071 0.467071 
0.472216 0.472216 
0.470554 0.470553 
0.474010 0.474010 
0.481630 0.481630 
0.484949 0.484949 
0.479021 0.479021 
0.472155 0.472155 
0.474568 0.474570 
0.470137 0.470137 
0.471393 0.471395 
0.471393 0.471395 
0.473122 0.473123 
0.465320 0.465320 
0.467079 0.467079 
0.451067 0.451066 
0.452873 0.452873 
0.451943 0.451945 
0.453638 0.453638 
0.439748 0.439750 
0.443548 0.443548 
0.444467 0.444467 
0.448271 0.448271 
0.452801 0.452801 
0.453745 0.453747 
0.454600 0.454600 
0.452873 0.452873 
0.455569 0.455569 
0.456473 0.456473 
0.454672 0.454672 
0.451971 0.451971 
0.440779 0.440779 
0.442710 0.442710 
0.440779 0.440779 
0.442405 0.442405 
0.446529 0.446529 
0.441787 0.441787 
0.439072 0.439072 
0.438216 0.438216 
0.439072 0.439072 
0.437208 0.437208 
0.430557 0.430557 
0.422007 0.422007 
0.419027 0.419027 
0.419027 0.419027 
0.414914 0.414916 
0.413052 0.413052 
0.401792 0.401792 
0.396350 0.396351 
0.384271 0.384273 
0.380772 0.380773 
0.372800 0.372800 
0.371703 0.371703 
0.368394 0.368394 
0.369500 0.369500 
0.371703 0.371703 
0.375189 0.375190 
0.374285 0.374286 
0.362577 0.362576 
0.362812 0.362812 
0.362577 0.362576 
0.357783 0.357782 
0.348244 0.348244 
0.348244 0.348244 
0.354895 0.354896 
0.353743 0.353744 
0.352033 0.352032 
0.347364 0.347363 
0.344710 0.344710 
0.353456 0.353455 
0.349273 0.349274 
0.344566 0.344568 
0.351382 0.351382 
0.351382 0.351382 
0.349051 0.349051 
0.353190 0.353189 
0.347635 0.347633 
0.345278 0.345277 
0.345525 0.345525 
0.345525 0.345525 
0.349975 0.349974 
0.350812 0.350812 
0.350812 0.350812 
0.354285 0.354285 
0.348628 0.348631 
0.349927 0.349927 
0.348628 0.348631 
0.357553 0.357554 
0.358864 0.358864 
0.359011 0.359013 
0.363025 0.363026 
0.364148 0.364149 
0.367684 0.367685 
0.372098 0.372099 
0.372098 0.372099 
0.387309 0.387309 
0.386507 0.386507 
0.387444 0.387446 
0.391752 0.391752 
0.391752 0.391752 
0.391845 0.391845 
0.394865 0.394865 
0.395783 0.395785 
0.395783 0.395785 
0.402036 0.402036 
0.399192 0.399194 
0.407290 0.407292 
0.412270 0.412272 
0.412270 0.412272 
0.407321 0.407321 
0.406286 0.406288 
0.406318 0.406318 
0.408332 0.408332 
0.408332 0.408332 
0.406237 0.406237 
0.403261 0.403263 
0.403261 0.403263 
0.401264 0.401264 
0.402279 0.402279 
0.402248 0.402250 
0.399070 0.399070 
0.392959 0.392959 
0.386761 0.386761 
0.378224 0.378224 
0.376070 0.376070 
0.376070 0.376070 
0.376070 0.376070 
0.376070 0.376070 
0.368295 0.368295 
0.366071 0.366071 
0.365012 0.365009 
0.361505 0.361505 
0.360374 0.360374 
0.359319 0.359319 
0.364876 0.364876 
0.360453 0.360453 
0.359239 0.359239 
0.358101 0.358101 
0.352530 0.352529 
0.352530 0.352530 
0.348946 0.348946 
0.350171 0.350173 
0.350114 0.350114 
0.347832 0.347834 
0.344296 0.344293 
0.338363 0.338363 
0.339568 0.339568 
0.335892 0.335895 
0.332167 0.332167 
0.334675 0.334677 
0.334713 0.334713 
0.332277 0.332277 
0.327327 0.327327 
0.327315 0.327313 
0.323564 0.323564 
0.327215 0.327215 
0.328261 0.328261 
0.328261 0.328261 
0.330849 0.330849 
0.335833 0.335833 
0.335833 0.335833 
0.333197 0.333197 
0.333197 0.333197 
0.335748 0.335748 
0.340468 0.340468 
0.333943 0.333944 
0.333943 0.333944 
0.333943 0.333944 
0.333943 0.333944 
0.332718 0.332720 
0.332510 0.332510 
0.317915 0.317915 
0.318479 0.318479 
0.320408 0.320409 
0.320408 0.320409 
0.321679 0.321680 
0.322540 0.322540 
0.318721 0.318721 
0.316369 0.316370 
0.312474 0.312476 
0.306446 0.306448 
0.306142 0.306142 
0.305112 0.305113 
0.307140 0.307139 
0.308797 0.308797 
0.313714 0.313713 
0.313714 0.313713 
0.313714 0.313713 
0.304471 0.304469 
0.299660 0.299660 
0.299660 0.299660 
0.300056 0.300054 
0.297693 0.297691 
0.297693 0.297691 
0.306394 0.306394 
0.306394 0.306394 
0.306394 0.306394 
0.308637 0.308638 
0.307724 0.307724 
0.307312 0.307313 
0.305059 0.305059 
0.302372 0.302372 
0.308637 0.308638 
0.306873 0.306874 
0.306873 0.306874 
0.303732 0.303732 
0.304201 0.304202 
0.300597 0.300599 
0.300597 0.300599 
0.310748 0.310746 
0.310837 0.310839 
0.301506 0.301507 
0.296923 0.296923 
0.296923 0.296923 
0.293898 0.293898 
0.289349 0.289348 
0.288557 0.288557 
0.288118 0.288119 
0.289065 0.289067 
0.289065 0.289067 
0.287139 0.287139 
0.289982 0.289982 
0.289065 0.289067 
0.292784 0.292784 
0.290866 0.290869 
0.284296 0.284296 
0.284296 0.284296 
0.284296 0.284296 
0.278024 0.278026 
0.278024 0.278026 
0.278024 0.278026 
0.278024 0.278026 
0.272554 0.272554 
0.272554 0.272554 
0.273585 0.273586 
0.274582 0.274584 
0.274582 0.274584 
0.274582 0.274584 
0.274582 0.274584 
0.273585 0.273586 
0.274582 0.274584 
0.274062 0.274062 
0.274062 0.274062 
0.269072 0.269073 
0.269072 0.269073 
0.269072 0.269073 
0.269072 0.269073 
0.272089 0.272090 
0.272089 0.272090 
0.269542 0.269542 
0.268467 0.268465 
0.269072 0.269073 
0.267550 0.267552 
0.268024 0.268024 
0.268024 0.268024 
0.266497 0.266497 
0.262934 0.262935 
0.262934 0.262935 
0.264403 0.264406 
0.266511 0.266511 
0.265943 0.265946 
0.265943 0.265946 
0.262855 0.262858 
0.263803 0.263803 
0.274582 0.274584 
0.274582 0.274584 
0.274582 0.274584 
0.274582 0.274584 
0.270584 0.270586 
0.271593 0.271594 
0.274062 0.274062 
0.274062 0.274062 
0.270086 0.270087 
0.266020 0.266022 
0.266020 0.266022 
0.263431 0.263431 
0.263431 0.263431 
0.263431 0.263431 
0.263431 0.263431 
0.261298 0.261301 
0.261377 0.261378 
0.259292 0.259293 
0.260313 0.260313 
0.260313 0.260313 
0.266879 0.266879 
0.266879 0.266879 
0.266879 0.266879 
0.266879 0.266879 
0.259119 0.259119 
0.259119 0.259119 
0.259119 0.259119 
0.259119 0.259119 
0.259119 0.259119 
0.259119 0.259119 
0.259119 0.259119 
0.256889 0.256889 
0.259372 0.259372 
0.259372 0.259372 
0.258661 0.258664 
0.257920 0.257920 
0.257920 0.257920 
0.255551 0.255551 
0.250650 0.250646 
0.250650 0.250646 
0.250650 0.250646 
0.248111 0.248111 
0.247371 0.247368 
0.247371 0.247368 
0.249016 0.249013 
0.244933 0.244931 
0.241442 0.241442 
0.241442 0.241442 
0.238979 0.238976 
0.238979 0.238976 
0.238979 0.238976 
0.238036 0.238036 
0.243846 0.243846 
0.243846 0.243846 
0.242857 0.242857 
0.241831 0.241829 
0.241831 0.241829 
0.241831 0.241829 
0.241831 0.241829 
0.245515 0.245515 
0.243126 0.243126 
0.237265 0.237262 
0.238174 0.238172 
0.236316 0.236316 
0.236316 0.236316 
0.236316 0.236316 
0.233799 0.233796 
0.233799 0.233796 
0.232047 0.232043 
0.232047 0.232043 
0.232047 0.232043 
0.234721 0.234720 
0.234721 0.234720 
0.234721 0.234721 
0.234721 0.234721 
0.232115 0.232115 
0.232115 0.232115 
0.232115 0.232115 
0.232115 0.232115 
0.232115 0.232115 
0.223079 0.223075 
0.223079 0.223075 
0.223079 0.223075 
0.223079 0.223075 
0.223899 0.223899 
0.221018 0.221018 
0.221018 0.221018 
0.219389 0.219385 
0.219389 0.219385 
0.218511 0.218509 
0.218511 0.218509 
0.211816 0.211812 
0.208963 0.208961 
0.208963 0.208961 
0.208963 0.208961 
0.208963 0.208961 
0.202031 0.202031 
0.202031 0.202031 
0.203019 0.203019 
0.203019 0.203019 
0.203019 0.203019 
0.203959 0.203963 
0.196895 0.196895 
0.196895 0.196895 
0.196895 0.196895 
0.196895 0.196895 
0.196895 0.196895 
0.196895 0.196895 
0.196895 0.196895 
0.195876 0.195876 
0.195876 0.195876 
0.196895 0.196895 
0.191663 0.191663 
0.191663 0.191663 
0.191663 0.191663 
0.188420 0.188420 
0.188420 0.188420 
0.189521 0.189521 
0.189521 0.189521 
0.189521 0.189521 
0.194811 0.194811 
0.194811 0.194811 
0.194811 0.194811 
0.189521 0.189521 
0.189521 0.189521 
0.189521 0.189521 
0.189521 0.189521 
0.188420 0.188418 
0.188420 0.188418 
0.189521 0.189521 
0.190574 0.190572 
0.185164 0.185164 
0.188420 0.188420 
0.182946 0.182946 
0.182946 0.182946 
0.182946 0.182946 
0.182946 0.182946 
0.182946 0.182946 
0.182946 0.182946 
0.182946 0.182946 
0.179546 0.179546 
0.178429 0.178429 
0.178429 0.178429 
0.178429 0.178429 
0.178429 0.178429 
0.178429 0.178429 
0.179546 0.179544 
0.179546 0.179544 
0.176036 0.176031 
0.172402 0.172402 
0.172402 0.172402 
0.171047 0.171047 
0.171047 0.171047 
0.171047 0.171047 
0.171047 0.171047 
0.171047 0.171047 
0.172023 0.172023 
0.172023 0.172023 
0.175291 0.175289 
0.181512 0.181514 
0.181512 0.181514 
0.181512 0.181514 
0.181512 0.181514 
0.181512 0.181514 
0.181512 0.181514 
0.181512 0.181514 
0.181512 0.181514 
0.177717 0.177717 
0.177717 0.177717 
0.177717 0.177717 
0.177717 0.177717 
0.177717 0.177717 
0.177717 0.177717 
0.177717 0.177717 
0.177717 0.177717 
0.177717 0.177717 
0.173793 0.173793 
0.174471 0.174473 
0.177420 0.177420 
0.179089 0.179091 
0.180702 0.180702 
0.180702 0.180702 
0.179089 0.179091 
0.179089 0.179091 
0.175687 0.175684 
0.175105 0.175105 
0.176795 0.176797 
0.176126 0.176126 
0.176126 0.176126 
0.176126 0.176126 
0.176126 0.176126 
0.179089 0.179091 
0.179089 0.179091 
0.179089 0.179091 
0.179089 0.179091 
0.179089 0.179091 
0.182946 0.182946 
0.182946 0.182946 
0.182946 0.182946 
0.182946 0.182946 
0.182946 0.182946 
0.182946 0.182946 
0.182946 0.182946 
0.182946 0.182946 
0.182946 0.182946 
0.182946 0.182946 
0.182946 0.182946 
0.182946 0.182946 
0.182946 0.182946 
0.182946 0.182946 
0.182946 0.182946 
0.181353 0.181356 
0.181353 0.181356 
0.175105 0.175105 
0.175105 0.175105 
0.175105 0.175105 
0.175105 0.175105 
0.175105 0.175105 
0.175105 0.175105 
0.175105 0.175105 
0.175105 0.175105 
0.175105 0.175105 
0.175105 0.175105 
0.175105 0.175105 
0.175105 0.175105 
0.175687 0.175684 
0.175687 0.175684 
0.173890 0.173887 
0.173890 0.173887 
0.173348 0.173345 
0.171526 0.171524 
0.171526 0.171524 
0.169633 0.169633 
0.169633 0.169633 
0.169633 0.169633 
0.169633 0.169633 
0.169633 0.169633 
0.169633 0.169633 
0.169633 0.169633 
0.169633 0.169633 
0.169633 0.169633 
0.169633 0.169633 
0.169633 0.169633 
0.170089 0.170091 
0.165220 0.165222 
0.168085 0.168087 
0.168085 0.168087 
0.166009 0.166009 
0.168762 0.168767 
0.168762 0.168767 
0.168762 0.168767 
0.168762 0.168767 
0.168762 0.168767 
0.168762 0.168767 
0.168762 0.168767 
0.169248 0.169248 
0.169248 0.169248 
0.169248 0.169248 
0.169031 0.169031 
0.169031 0.169031 
0.169031 0.169031 
0.169031 0.169031 
0.164354 0.164354 
0.164354 0.164354 
0.164354 0.164354 
0.164354 0.164354 
0.162028 0.162028 
0.162028 0.162028 
0.167110 0.167115 
0.169608 0.169610 
0.169535 0.169539 
0.169535 0.169539 
0.169535 0.169539 
0.169535 0.169539 
0.169535 0.169539 
0.167184 0.167186 
0.167184 0.167186 
0.167184 0.167186 
0.167184 0.167186 
0.167184 0.167186 
0.167184 0.167186 
0.164649 0.164654 
0.164649 0.164654 
0.164649 0.164654 
0.164724 0.164727 
0.164724 0.164727 
0.164724 0.164727 
0.164649 0.164654 
0.164649 0.164654 
0.164649 0.164654 
0.164649 0.164654 
0.164649 0.164654 
0.162028 0.162028 
0.169248 0.169248 
0.169248 0.169248 
0.169248 0.169248 
0.169248 0.169248 
0.169248 0.169248 
0.169248 0.169248 
0.169248 0.169248 
0.169248 0.169248 
0.169248 0.169248 
0.169248 0.169248 
0.169248 0.169248 
0.169248 0.169248 
0.169248 0.169248 
0.169248 0.169248 
0.169248 0.169248 
0.169417 0.169417 
0.169417 0.169417 
0.169417 0.169417 
0.164354 0.164354 
0.161624 0.161624 
0.161624 0.161624 
0.161851 0.161851 
0.161851 0.161851 
0.161851 0.161851 
0.161851 0.161851 
0.161851 0.161851 
0.161851 0.161851 
0.161851 0.161851 
0.161851 0.161851 
0.161851 0.161851 
0.161851 0.161851 
0.161851 0.161851 
0.161851 0.161851 
0.161851 0.161851 
0.162028 0.162028 
0.162028 0.162028 
0.162028 0.162028 
0.162028 0.162028 
0.157036 0.157041 
0.157036 0.157041 
0.157036 0.157041 
0.157036 0.157041 
0.157036 0.157041 
0.157036 0.157041 
0.157036 0.157041 
0.157036 0.157041 
0.157036 0.157041 
0.157036 0.157041 
0.157115 0.157117 
0.157115 0.157117 
0.157115 0.157117 
0.157115 0.157117 
0.157115 0.157117 
0.157115 0.157117 
0.157115 0.157117 
0.157115 0.157117 
0.157115 0.157117 
0.157115 0.157117 
0.157115 0.157117 
0.157115 0.157117 
0.157115 0.157117 
0.157115 0.157117 
0.157115 0.157117 
0.157115 0.157117 
0.157115 0.157117 
0.157115 0.157117 
0.157115 0.157117 
0.157115 0.157117 
0.157115 0.157117 
0.157115 0.157117 
0.157115 0.157117 
0.157115 0.157117 
0.157115 0.157117 
0.157115 0.157117 
0.154524 0.154524 
0.154524 0.154524 
0.154524 0.154524 
0.154524 0.154524 
0.154524 0.154524 
0.151830 0.151833 
0.151830 0.151833 
0.151830 0.151833 
0.151830 0.151833 
0.151830 0.151833 
0.151830 0.151833 
0.151830 0.151833 
0.149147 0.149147 
0.149147 0.149147 
0.149147 0.149147 
0.149147 0.149147 
0.149147 0.149147 
0.149147 0.149147 
0.149147 0.149147 
0.149147 0.149147 
0.149147 0.149147 
0.149147 0.149147 
0.149147 0.149147 
0.149147 0.149147 
0.149147 0.149147 
0.146358 0.146355 
0.146358 0.146355 
0.146358 0.146355 
0.146358 0.146355 
0.149147 0.149147 
0.149147 0.149147 
0.149147 0.149147 
0.149147 0.149147 
0.149147 0.149147 
0.149121 0.149118 
0.149121 0.149118 
0.149121 0.149118 
0.149121 0.149118 
0.149121 0.149118 
0.149121 0.149118 
0.149121 0.149118 
0.149040 0.149035 
0.149040 0.149035 
0.149040 0.149035 
0.149040 0.149035 
0.149040 0.149035 
0.149040 0.149035 
0.149040 0.149035 
0.149040 0.149035 
0.146358 0.146355 
0.146358 0.146355 
0.146358 0.146355 
0.146358 0.146355 
0.146358 0.146355 
0.146358 0.146355 
0.146358 0.146355 
0.146358 0.146355 
0.146358 0.146355 
0.146358 0.146355 
0.146358 0.146355 
0.146358 0.146355 
0.143459 0.143453 
0.143459 0.143453 
0.143459 0.143453 
0.143459 0.143453 
0.143459 0.143453 
0.143459 0.143453 
0.143459 0.143453 
0.143459 0.143453 
0.143459 0.143453 
0.143459 0.143453 
0.143459 0.143453 
0.143459 0.143453 
0.143459 0.143453 
0.143459 0.143453 
0.143459 0.143453 
0.143459 0.143453 
0.143459 0.143453 
0.143459 0.143453 
0.143459 0.143453 
0.143459 0.143453 
0.143459 0.143453 
0.143311 0.143314 
0.143311 0.143314 
0.143311 0.143314 
0.143311 0.143314 
0.143114 0.143114 
0.143114 0.143114 
0.143114 0.143114 
0.143114 0.143114 
0.142857 0.142857 
0.142857 0.142857 
0.142857 0.142857 
0.142857 0.142857 
0.142857 0.142857 
0.139652 0.139649 
0.139652 0.139649 
0.139652 0.139649 
0.139652 0.139649 
0.139652 0.139649 
0.139652 0.139649 
0.139652 0.139649 
0.136306 0.136309 
0.136306 0.136309 
0.136306 0.136309 
0.136306 0.136309 
0.136306 0.136309 
0.136306 0.136309 
0.136306 0.136309 
0.136306 0.136309 
0.136306 0.136309 
0.136306 0.136309 
0.136306 0.136309 
0.136306 0.136309 
0.136306 0.136309 
0.136306 0.136309 
0.133678 0.133675 
0.130180 0.130183 
0.130180 0.130183 
0.130180 0.130183 
0.130180 0.130183 
0.127425 0.127422 
0.127425 0.127422 
0.127425 0.127422 
0.127425 0.127422 
0.127425 0.127422 
0.127775 0.127775 
0.127775 0.127775 
0.127775 0.127775 
0.127775 0.127775 
0.127775 0.127775 
0.127775 0.127775 
0.127775 0.127775 
0.127775 0.127775 
0.127775 0.127775 
0.127425 0.127422 
0.127425 0.127422 
0.127425 0.127422 
0.127425 0.127422 
0.127425 0.127422 
0.127425 0.127422 
0.127425 0.127422 
0.127425 0.127422 
0.127425 0.127422 
0.127425 0.127422 
0.127425 0.127422 
0.121218 0.121218 
0.121218 0.121218 
0.121218 0.121218 
0.121218 0.121218 
0.121218 0.121218 
0.121218 0.121218 
0.121218 0.121218 
0.121218 0.121218 
0.121218 0.121218 
0.121218 0.121218 
0.121218 0.121218 
0.121218 0.121218 
0.118114 0.118114 
0.118114 0.118114 
0.118114 0.118114 
0.118114 0.118114 
0.118114 0.118114 
0.118114 0.118114 
0.114286 0.114286 
0.114286 0.114286 
0.114286 0.114286 
0.114286 0.114286 
0.114286 0.114286 
0.114286 0.114286 
0.114286 0.114286 
0.113894 0.113891 
0.113894 0.113891 
0.113894 0.113891 
0.113894 0.113891 
0.113894 0.113891 
0.113894 0.113891 
0.113894 0.113891 
0.113894 0.113891 
0.113894 0.113891 
0.113894 0.113891 
0.102059 0.102063 
0.102059 0.102063 
0.101460 0.101460 
0.100774 0.100770 
0.100774 0.100770 
0.100774 0.100770 
0.100774 0.100770 
0.100774 0.100770 
0.100774 0.100770 
0.100000 0.100000 
0.100000 0.100000 
0.100000 0.100000 
0.100000 0.100000 
0.100000 0.100000 
0.100000 0.100000 
0.100000 0.100000 
0.100000 0.100000 
0.100000 0.100000 
0.100000 0.100000 
0.100000 0.100000 
0.100000 0.100000 
0.100000 0.100000 
0.100000 0.100000 
0.090531 0.090531 
0.089486 0.089491 
0.089486 0.089491 
0.089486 0.089491 
0.089486 0.089491 
0.089486 0.089491 
0.089486 0.089491 
0.089486 0.089491 
0.089486 0.089491 
0.089486 0.089491 
0.089486 0.089491 
0.089486 0.089491 
0.089486 0.089491 
0.089486 0.089491 
0.089486 0.089491 
0.089486 0.089491 
0.089486 0.089491 
0.089486 0.089491 
0.089486 0.089491 
0.089486 0.089491 
0.089486 0.089491 
0.089486 0.089491 
0.089486 0.089491 
0.089486 0.089491 
0.089486 0.089491 
0.089486 0.089491 
0.089486 0.089491 
0.088343 0.088339 
0.088343 0.088339 
0.088343 0.088339 
0.088343 0.088339 
0.088343 0.088339 
0.088343 0.088339 
0.087084 0.087084 
0.087084 0.087084 
0.087084 0.087084 
0.087084 0.087084 
0.087084 0.087084 
0.087084 0.087084 
0.087084 0.087084 
0.087084 0.087084 
0.087084 0.087084 
0.087084 0.087084 
0.087084 0.087084 
0.087084 0.087084 
0.087084 0.087084 
0.087084 0.087084 
0.087084 0.087084 
0.087084 0.087084 
0.087084 0.087084 
0.087084 0.087084 
0.087084 0.087084 
0.085714 0.085714 
0.079228 0.079233 
0.079228 0.079233 
0.079228 0.079233 
0.079228 0.079233 
0.079228 0.079233 
0.080812 0.080812 
0.080812 0.080812 
0.077143 0.077143 
0.069985 0.069985 
0.069985 0.069985 
0.069985 0.069985 
0.069985 0.069985 
0.069985 0.069985 
0.069985 0.069985 
0.069985 0.069985 
0.069985 0.069985 
0.069985 0.069985 
0.068150 0.068156 
0.068150 0.068156 
0.068150 0.068156 
0.068150 0.068156 
