2.808437 2.808444 
2.856361 2.856348 
2.808444 2.808437 
2.879627 2.879620 
2.808437 2.808444 
2.651448 2.651455 
2.778637 2.778630 
2.807862 2.807855 
2.746135 2.746127 
2.740475 2.740475 
2.770765 2.770765 
2.936401 2.936401 
2.930211 2.930211 
2.932163 2.932156 
2.908468 2.908468 
2.866058 2.866058 
2.927428 2.927414 
3.020273 3.020267 
2.979455 2.979448 
3.079956 3.079950 
3.090202 3.090214 
3.005098 3.005098 
3.023788 3.023782 
3.127818 3.127824 
3.165893 3.165887 
3.164149 3.164149 
3.133496 3.133490 
3.146495 3.146489 
3.136617 3.136617 
3.197962 3.197956 
3.202614 3.202614 
3.170334 3.170334 
3.187287 3.187281 
3.213492 3.213492 
3.233493 3.233499 
3.181580 3.181580 
3.200765 3.200765 
3.208148 3.208154 
3.213492 3.213492 
3.264898 3.264904 
3.208725 3.208725 
3.214503 3.214509 
3.215079 3.215079 
3.183120 3.183114 
3.221353 3.221359 
3.244390 3.244403 
3.267711 3.267717 
3.262400 3.262400 
3.299720 3.299720 
3.260396 3.260402 
3.329579 3.329585 
3.296566 3.296566 
3.278184 3.278190 
3.303427 3.303433 
3.344260 3.344265 
3.385683 3.385683 
3.428630 3.428635 
3.397717 3.397717 
3.415689 3.415689 
3.341088 3.341082 
3.300952 3.300964 
3.285654 3.285654 
3.350297 3.350297 
3.367551 3.367551 
3.384777 3.384783 
3.422672 3.422672 
3.505155 3.505155 
3.472101 3.472107 
3.500968 3.500962 
3.486479 3.486479 
3.516951 3.516956 
3.509815 3.509815 
3.468874 3.468874 
3.468874 3.468874 
3.444068 3.444074 
3.432197 3.432203 
3.404679 3.404679 
3.319700 3.319700 
3.319700 3.319700 
3.269467 3.269461 
3.269467 3.269461 
3.263903 3.263903 
3.307936 3.307936 
3.276944 3.276944 
3.208663 3.208657 
3.233820 3.233807 
3.314533 3.314533 
3.302510 3.302497 
3.308683 3.308671 
3.321177 3.321171 
3.321237 3.321237 
3.302691 3.302691 
3.339071 3.339071 
3.327316 3.327310 
3.351760 3.351760 
3.405638 3.405638 
3.429106 3.429106 
3.387190 3.387190 
3.338641 3.338641 
3.355706 3.355718 
3.324368 3.324368 
3.333252 3.333264 
3.333252 3.333264 
3.345475 3.345487 
3.290309 3.290309 
3.302751 3.302751 
3.189525 3.189519 
3.202296 3.202296 
3.195718 3.195730 
3.207706 3.207706 
3.109490 3.109502 
3.136357 3.136357 
3.142857 3.142857 
3.169756 3.169756 
3.201786 3.201786 
3.208464 3.208477 
3.214509 3.214509 
3.202296 3.202296 
3.221359 3.221359 
3.227750 3.227750 
3.215017 3.215017 
3.195917 3.195917 
3.116775 3.116775 
3.130429 3.130429 
3.116775 3.116775 
3.128276 3.128276 
3.157434 3.157434 
3.123903 3.123903 
3.104705 3.104705 
3.098652 3.098652 
3.104705 3.104705 
3.091530 3.091530 
3.044499 3.044499 
2.984040 2.984040 
2.962968 2.962968 
2.962968 2.962968 
2.933888 2.933902 
2.920721 2.920721 
2.841096 2.841096 
2.802619 2.802626 
2.717206 2.717221 
2.692464 2.692471 
2.636092 2.636092 
2.628339 2.628339 
2.604940 2.604940 
2.612763 2.612763 
2.628339 2.628339 
2.652988 2.652995 
2.646595 2.646602 
2.563806 2.563798 
2.565469 2.565469 
2.563806 2.563798 
2.529907 2.529899 
2.462457 2.462457 
2.462457 2.462457 
2.509485 2.509492 
2.501339 2.501347 
2.489247 2.489239 
2.456234 2.456225 
2.437467 2.437467 
2.499314 2.499306 
2.469731 2.469739 
2.436453 2.436461 
2.484647 2.484647 
2.484647 2.484647 
2.468165 2.468165 
2.497432 2.497424 
2.458148 2.458140 
2.441487 2.441479 
2.443233 2.443233 
2.443233 2.443233 
2.474697 2.474689 
2.480617 2.480617 
2.480617 2.480617 
2.505176 2.505176 
2.465175 2.465191 
2.474358 2.474358 
2.465175 2.465191 
2.528284 2.528292 
2.537553 2.537553 
2.538589 2.538605 
2.566976 2.566984 
2.574914 2.574922 
2.599917 2.599924 
2.631127 2.631135 
2.631127 2.631135 
2.738686 2.738686 
2.733018 2.733018 
2.739646 2.739661 
2.770103 2.770103 
2.770103 2.770103 
2.770765 2.770765 
2.792117 2.792117 
2.798605 2.798619 
2.798605 2.798619 
2.842821 2.842821 
2.822714 2.822728 
2.879973 2.879987 
2.915189 2.915203 
2.915189 2.915203 
2.880194 2.880194 
2.872878 2.872892 
2.873100 2.873100 
2.887340 2.887340 
2.887340 2.887340 
2.872531 2.872531 
2.851487 2.851501 
2.851487 2.851501 
2.837362 2.837362 
2.844545 2.844545 
2.844321 2.844335 
2.821852 2.821852 
2.778637 2.778637 
2.734811 2.734811 
2.674446 2.674446 
2.659216 2.659216 
2.659216 2.659216 
2.659216 2.659216 
2.659216 2.659216 
2.604236 2.604236 
2.588516 2.588516 
2.581021 2.581006 
2.556224 2.556224 
2.548227 2.548227 
2.540771 2.540771 
2.580064 2.580064 
2.548790 2.548790 
2.540206 2.540206 
2.532159 2.532159 
2.492767 2.492759 
2.492767 2.492767 
2.467422 2.467422 
2.476081 2.476098 
2.475679 2.475679 
2.459542 2.459558 
2.434538 2.434522 
2.392591 2.392591 
2.401105 2.401105 
2.375118 2.375134 
2.348774 2.348774 
2.366509 2.366526 
2.366779 2.366779 
2.349555 2.349555 
2.314550 2.314550 
2.314464 2.314456 
2.287945 2.287945 
2.313758 2.313758 
2.321154 2.321154 
2.321154 2.321154 
2.339456 2.339456 
2.374698 2.374698 
2.374698 2.374698 
2.356060 2.356060 
2.356060 2.356060 
2.374094 2.374094 
2.407471 2.407471 
2.361333 2.361341 
2.361333 2.361341 
2.361333 2.361341 
2.361333 2.361341 
2.352674 2.352683 
2.351200 2.351200 
2.247997 2.247997 
2.251983 2.251983 
2.265624 2.265633 
2.265624 2.265633 
2.274614 2.274623 
2.280704 2.280704 
2.253700 2.253700 
2.237066 2.237075 
2.209528 2.209537 
2.166904 2.166913 
2.164751 2.164751 
2.157465 2.157474 
2.171810 2.171800 
2.183524 2.183524 
2.218296 2.218287 
2.218296 2.218287 
2.218296 2.218287 
2.152934 2.152925 
2.118914 2.118914 
2.118914 2.118914 
2.121715 2.121706 
2.105004 2.104995 
2.105004 2.104995 
2.166536 2.166536 
2.166536 2.166536 
2.166536 2.166536 
2.182392 2.182401 
2.175935 2.175935 
2.173021 2.173030 
2.157096 2.157096 
2.138090 2.138090 
2.182392 2.182401 
2.169918 2.169928 
2.169918 2.169928 
2.147707 2.147707 
2.151026 2.151035 
2.125544 2.125553 
2.125544 2.125553 
2.197318 2.197309 
2.197953 2.197962 
2.131966 2.131976 
2.099563 2.099563 
2.099563 2.099563 
2.078172 2.078172 
2.046007 2.045997 
2.040408 2.040408 
2.037300 2.037309 
2.043999 2.044009 
2.043999 2.044009 
2.030381 2.030381 
2.050483 2.050483 
2.043999 2.044009 
2.070293 2.070293 
2.056733 2.056752 
2.010277 2.010277 
2.010277 2.010277 
2.010277 2.010277 
1.965929 1.965939 
1.965929 1.965939 
1.965929 1.965939 
1.965929 1.965939 
1.927248 1.927248 
1.927248 1.927248 
1.934535 1.934546 
1.941590 1.941600 
1.941590 1.941600 
1.941590 1.941600 
1.941590 1.941600 
1.934535 1.934546 
1.941590 1.941600 
1.937911 1.937911 
1.937911 1.937911 
1.902624 1.902634 
1.902624 1.902634 
1.902624 1.902634 
1.902624 1.902634 
1.923957 1.923967 
1.923957 1.923967 
1.905952 1.905952 
1.898345 1.898335 
1.902624 1.902634 
1.891867 1.891878 
1.895214 1.895214 
1.895214 1.895214 
1.884415 1.884415 
1.859224 1.859234 
1.859224 1.859234 
1.869614 1.869635 
1.884521 1.884521 
1.880498 1.880519 
1.880498 1.880519 
1.858666 1.858688 
1.865366 1.865366 
1.941590 1.941600 
1.941590 1.941600 
1.941590 1.941600 
1.941590 1.941600 
1.913320 1.913331 
1.920452 1.920463 
1.937911 1.937911 
1.937911 1.937911 
1.909796 1.909807 
1.881049 1.881060 
1.881049 1.881060 
1.862736 1.862736 
1.862736 1.862736 
1.862736 1.862736 
1.862736 1.862736 
1.847654 1.847675 
1.848214 1.848225 
1.833469 1.833480 
1.840694 1.840694 
1.840694 1.840694 
1.887121 1.887121 
1.887121 1.887121 
1.887121 1.887121 
1.887121 1.887121 
1.832251 1.832251 
1.832251 1.832251 
1.832251 1.832251 
1.832251 1.832251 
1.832251 1.832251 
1.832251 1.832251 
1.832251 1.832251 
1.816476 1.816476 
1.834034 1.834034 
1.834034 1.834034 
1.829006 1.829028 
1.823769 1.823769 
1.823769 1.823769 
1.807016 1.807016 
1.772361 1.772338 
1.772361 1.772338 
1.772361 1.772338 
1.754413 1.754413 
1.749180 1.749157 
1.749180 1.749157 
1.760808 1.760786 
1.731936 1.731924 
1.707249 1.707249 
1.707249 1.707249 
1.689837 1.689813 
1.689837 1.689813 
1.689837 1.689813 
1.683172 1.683172 
1.724255 1.724255 
1.724255 1.724255 
1.717259 1.717259 
1.710002 1.709990 
1.710002 1.709990 
1.710002 1.709990 
1.710002 1.709990 
1.736050 1.736050 
1.719162 1.719162 
1.677716 1.677693 
1.684143 1.684131 
1.671003 1.671003 
1.671003 1.671003 
1.671003 1.671003 
1.653209 1.653185 
1.653209 1.653185 
1.640818 1.640794 
1.640818 1.640794 
1.640818 1.640794 
1.659730 1.659718 
1.659730 1.659718 
1.659730 1.659730 
1.659730 1.659730 
1.641304 1.641304 
1.641304 1.641304 
1.641304 1.641304 
1.641304 1.641304 
1.641304 1.641304 
1.577403 1.577378 
1.577403 1.577378 
1.577403 1.577378 
1.577403 1.577378 
1.583205 1.583205 
1.562832 1.562832 
1.562832 1.562832 
1.551312 1.551286 
1.551312 1.551286 
1.545107 1.545094 
1.545107 1.545094 
1.497766 1.497740 
1.477591 1.477577 
1.477591 1.477577 
1.477591 1.477577 
1.477591 1.477577 
1.428571 1.428571 
1.428571 1.428571 
1.435558 1.435558 
1.435558 1.435558 
1.435558 1.435558 
1.442206 1.442234 
1.392256 1.392256 
1.392256 1.392256 
1.392256 1.392256 
1.392256 1.392256 
1.392256 1.392256 
1.392256 1.392256 
1.392256 1.392256 
1.385051 1.385051 
1.385051 1.385051 
1.392256 1.392256 
1.355262 1.355262 
1.355262 1.355262 
1.355262 1.355262 
1.332333 1.332333 
1.332333 1.332333 
1.340119 1.340119 
1.340119 1.340119 
1.340119 1.340119 
1.377520 1.377520 
1.377520 1.377520 
1.377520 1.377520 
1.340119 1.340119 
1.340119 1.340119 
1.340119 1.340119 
1.340119 1.340119 
1.332333 1.332318 
1.332333 1.332318 
1.340119 1.340119 
1.347564 1.347549 
1.309307 1.309307 
1.332333 1.332333 
1.293626 1.293626 
1.293626 1.293626 
1.293626 1.293626 
1.293626 1.293626 
1.293626 1.293626 
1.293626 1.293626 
1.293626 1.293626 
1.269585 1.269585 
1.261680 1.261680 
1.261680 1.261680 
1.261680 1.261680 
1.261680 1.261680 
1.261680 1.261680 
1.269585 1.269569 
1.269585 1.269569 
1.244759 1.244727 
1.219069 1.219069 
1.219069 1.219069 
1.209484 1.209484 
1.209484 1.209484 
1.209484 1.209484 
1.209484 1.209484 
1.209484 1.209484 
1.216385 1.216385 
1.216385 1.216385 
1.239497 1.239481 
1.283480 1.283496 
1.283480 1.283496 
1.283480 1.283496 
1.283480 1.283496 
1.283480 1.283496 
1.283480 1.283496 
1.283480 1.283496 
1.283480 1.283496 
1.256647 1.256647 
1.256647 1.256647 
1.256647 1.256647 
1.256647 1.256647 
1.256647 1.256647 
1.256647 1.256647 
1.256647 1.256647 
1.256647 1.256647 
1.256647 1.256647 
1.228904 1.228904 
1.233695 1.233711 
1.254552 1.254552 
1.266347 1.266363 
1.277753 1.277753 
1.277753 1.277753 
1.266347 1.266363 
1.266347 1.266363 
1.242291 1.242275 
1.238178 1.238178 
1.250128 1.250144 
1.245400 1.245400 
1.245400 1.245400 
1.245400 1.245400 
1.245400 1.245400 
1.266347 1.266363 
1.266347 1.266363 
1.266347 1.266363 
1.266347 1.266363 
1.266347 1.266363 
1.293626 1.293626 
1.293626 1.293626 
1.293626 1.293626 
1.293626 1.293626 
1.293626 1.293626 
1.293626 1.293626 
1.293626 1.293626 
1.293626 1.293626 
1.293626 1.293626 
1.293626 1.293626 
1.293626 1.293626 
1.293626 1.293626 
1.293626 1.293626 
1.293626 1.293626 
1.293626 1.293626 
1.282362 1.282377 
1.282362 1.282377 
1.238178 1.238178 
1.238178 1.238178 
1.238178 1.238178 
1.238178 1.238178 
1.238178 1.238178 
1.238178 1.238178 
1.238178 1.238178 
1.238178 1.238178 
1.238178 1.238178 
1.238178 1.238178 
1.238178 1.238178 
1.238178 1.238178 
1.242291 1.242275 
1.242291 1.242275 
1.229585 1.229568 
1.229585 1.229568 
1.225753 1.225737 
1.212873 1.212857 
1.212873 1.212857 
1.199490 1.199490 
1.199490 1.199490 
1.199490 1.199490 
1.199490 1.199490 
1.199490 1.199490 
1.199490 1.199490 
1.199490 1.199490 
1.199490 1.199490 
1.199490 1.199490 
1.199490 1.199490 
1.199490 1.199490 
1.202709 1.202725 
1.168279 1.168296 
1.188540 1.188557 
1.188540 1.188557 
1.173861 1.173861 
1.193326 1.193360 
1.193326 1.193360 
1.193326 1.193360 
1.193326 1.193360 
1.193326 1.193360 
1.193326 1.193360 
1.193326 1.193360 
1.196762 1.196762 
1.196762 1.196762 
1.196762 1.196762 
1.195229 1.195229 
1.195229 1.195229 
1.195229 1.195229 
1.195229 1.195229 
1.162156 1.162156 
1.162156 1.162156 
1.162156 1.162156 
1.162156 1.162156 
1.145713 1.145713 
1.145713 1.145713 
1.181645 1.181679 
1.199307 1.199324 
1.198792 1.198825 
1.198792 1.198825 
1.198792 1.198825 
1.198792 1.198825 
1.198792 1.198825 
1.182168 1.182185 
1.182168 1.182185 
1.182168 1.182185 
1.182168 1.182185 
1.182168 1.182185 
1.182168 1.182185 
1.164246 1.164280 
1.164246 1.164280 
1.164246 1.164280 
1.164777 1.164794 
1.164777 1.164794 
1.164777 1.164794 
1.164246 1.164280 
1.164246 1.164280 
1.164246 1.164280 
1.164246 1.164280 
1.164246 1.164280 
1.145713 1.145713 
1.196762 1.196762 
1.196762 1.196762 
1.196762 1.196762 
1.196762 1.196762 
1.196762 1.196762 
1.196762 1.196762 
1.196762 1.196762 
1.196762 1.196762 
1.196762 1.196762 
1.196762 1.196762 
1.196762 1.196762 
1.196762 1.196762 
1.196762 1.196762 
1.196762 1.196762 
1.196762 1.196762 
1.197960 1.197960 
1.197960 1.197960 
1.197960 1.197960 
1.162156 1.162156 
1.142857 1.142857 
1.142857 1.142857 
1.144460 1.144460 
1.144460 1.144460 
1.144460 1.144460 
1.144460 1.144460 
1.144460 1.144460 
1.144460 1.144460 
1.144460 1.144460 
1.144460 1.144460 
1.144460 1.144460 
1.144460 1.144460 
1.144460 1.144460 
1.144460 1.144460 
1.144460 1.144460 
1.145713 1.145713 
1.145713 1.145713 
1.145713 1.145713 
1.145713 1.145713 
1.110414 1.110450 
1.110414 1.110450 
1.110414 1.110450 
1.110414 1.110450 
1.110414 1.110450 
1.110414 1.110450 
1.110414 1.110450 
1.110414 1.110450 
1.110414 1.110450 
1.110414 1.110450 
1.110970 1.110988 
1.110970 1.110988 
1.110970 1.110988 
1.110970 1.110988 
1.110970 1.110988 
1.110970 1.110988 
1.110970 1.110988 
1.110970 1.110988 
1.110970 1.110988 
1.110970 1.110988 
1.110970 1.110988 
1.110970 1.110988 
1.110970 1.110988 
1.110970 1.110988 
1.110970 1.110988 
1.110970 1.110988 
1.110970 1.110988 
1.110970 1.110988 
1.110970 1.110988 
1.110970 1.110988 
1.110970 1.110988 
1.110970 1.110988 
1.110970 1.110988 
1.110970 1.110988 
1.110970 1.110988 
1.110970 1.110988 
1.092647 1.092647 
1.092647 1.092647 
1.092647 1.092647 
1.092647 1.092647 
1.092647 1.092647 
1.073603 1.073621 
1.073603 1.073621 
1.073603 1.073621 
1.073603 1.073621 
1.073603 1.073621 
1.073603 1.073621 
1.073603 1.073621 
1.054630 1.054630 
1.054630 1.054630 
1.054630 1.054630 
1.054630 1.054630 
1.054630 1.054630 
1.054630 1.054630 
1.054630 1.054630 
1.054630 1.054630 
1.054630 1.054630 
1.054630 1.054630 
1.054630 1.054630 
1.054630 1.054630 
1.054630 1.054630 
1.034906 1.034886 
1.034906 1.034886 
1.034906 1.034886 
1.034906 1.034886 
1.054630 1.054630 
1.054630 1.054630 
1.054630 1.054630 
1.054630 1.054630 
1.054630 1.054630 
1.054441 1.054422 
1.054441 1.054422 
1.054441 1.054422 
1.054441 1.054422 
1.054441 1.054422 
1.054441 1.054422 
1.054441 1.054422 
1.053874 1.053836 
1.053874 1.053836 
1.053874 1.053836 
1.053874 1.053836 
1.053874 1.053836 
1.053874 1.053836 
1.053874 1.053836 
1.053874 1.053836 
1.034906 1.034886 
1.034906 1.034886 
1.034906 1.034886 
1.034906 1.034886 
1.034906 1.034886 
1.034906 1.034886 
1.034906 1.034886 
1.034906 1.034886 
1.034906 1.034886 
1.034906 1.034886 
1.034906 1.034886 
1.034906 1.034886 
1.014405 1.014366 
1.014405 1.014366 
1.014405 1.014366 
1.014405 1.014366 
1.014405 1.014366 
1.014405 1.014366 
1.014405 1.014366 
1.014405 1.014366 
1.014405 1.014366 
1.014405 1.014366 
1.014405 1.014366 
1.014405 1.014366 
1.014405 1.014366 
1.014405 1.014366 
1.014405 1.014366 
1.014405 1.014366 
1.014405 1.014366 
1.014405 1.014366 
1.014405 1.014366 
1.014405 1.014366 
1.014405 1.014366 
1.013363 1.013383 
1.013363 1.013383 
1.013363 1.013383 
1.013363 1.013383 
1.011966 1.011966 
1.011966 1.011966 
1.011966 1.011966 
1.011966 1.011966 
1.010153 1.010153 
1.010153 1.010153 
1.010153 1.010153 
1.010153 1.010153 
1.010153 1.010153 
0.987485 0.987465 
0.987485 0.987465 
0.987485 0.987465 
0.987485 0.987465 
0.987485 0.987465 
0.987485 0.987465 
0.987485 0.987465 
0.963831 0.963852 
0.963831 0.963852 
0.963831 0.963852 
0.963831 0.963852 
0.963831 0.963852 
0.963831 0.963852 
0.963831 0.963852 
0.963831 0.963852 
0.963831 0.963852 
0.963831 0.963852 
0.963831 0.963852 
0.963831 0.963852 
0.963831 0.963852 
0.963831 0.963852 
0.945249 0.945228 
0.920509 0.920531 
0.920509 0.920531 
0.920509 0.920531 
0.920509 0.920531 
0.901034 0.901012 
0.901034 0.901012 
0.901034 0.901012 
0.901034 0.901012 
0.901034 0.901012 
0.903508 0.903508 
0.903508 0.903508 
0.903508 0.903508 
0.903508 0.903508 
0.903508 0.903508 
0.903508 0.903508 
0.903508 0.903508 
0.903508 0.903508 
0.903508 0.903508 
0.901034 0.901012 
0.901034 0.901012 
0.901034 0.901012 
0.901034 0.901012 
0.901034 0.901012 
0.901034 0.901012 
0.901034 0.901012 
0.901034 0.901012 
0.901034 0.901012 
0.901034 0.901012 
0.901034 0.901012 
0.857143 0.857143 
0.857143 0.857143 
0.857143 0.857143 
0.857143 0.857143 
0.857143 0.857143 
0.857143 0.857143 
0.857143 0.857143 
0.857143 0.857143 
0.857143 0.857143 
0.857143 0.857143 
0.857143 0.857143 
0.857143 0.857143 
0.835191 0.835191 
0.835191 0.835191 
0.835191 0.835191 
0.835191 0.835191 
0.835191 0.835191 
0.835191 0.835191 
0.808122 0.808122 
0.808122 0.808122 
0.808122 0.808122 
0.808122 0.808122 
0.808122 0.808122 
0.808122 0.808122 
0.808122 0.808122 
0.805355 0.805330 
0.805355 0.805330 
0.805355 0.805330 
0.805355 0.805330 
0.805355 0.805330 
0.805355 0.805330 
0.805355 0.805330 
0.805355 0.805330 
0.805355 0.805330 
0.805355 0.805330 
0.721669 0.721697 
0.721669 0.721697 
0.717432 0.717432 
0.712582 0.712554 
0.712582 0.712554 
0.712582 0.712554 
0.712582 0.712554 
0.712582 0.712554 
0.712582 0.712554 
0.707107 0.707107 
0.707107 0.707107 
0.707107 0.707107 
0.707107 0.707107 
0.707107 0.707107 
0.707107 0.707107 
0.707107 0.707107 
0.707107 0.707107 
0.707107 0.707107 
0.707107 0.707107 
0.707107 0.707107 
0.707107 0.707107 
0.707107 0.707107 
0.707107 0.707107 
0.640154 0.640154 
0.632764 0.632796 
0.632764 0.632796 
0.632764 0.632796 
0.632764 0.632796 
0.632764 0.632796 
0.632764 0.632796 
0.632764 0.632796 
0.632764 0.632796 
0.632764 0.632796 
0.632764 0.632796 
0.632764 0.632796 
0.632764 0.632796 
0.632764 0.632796 
0.632764 0.632796 
0.632764 0.632796 
0.632764 0.632796 
0.632764 0.632796 
0.632764 0.632796 
0.632764 0.632796 
0.632764 0.632796 
0.632764 0.632796 
0.632764 0.632796 
0.632764 0.632796 
0.632764 0.632796 
0.632764 0.632796 
0.632764 0.632796 
0.624681 0.624649 
0.624681 0.624649 
0.624681 0.624649 
0.624681 0.624649 
0.624681 0.624649 
0.624681 0.624649 
0.615780 0.615780 
0.615780 0.615780 
0.615780 0.615780 
0.615780 0.615780 
0.615780 0.615780 
0.615780 0.615780 
0.615780 0.615780 
0.615780 0.615780 
0.615780 0.615780 
0.615780 0.615780 
0.615780 0.615780 
0.615780 0.615780 
0.615780 0.615780 
0.615780 0.615780 
0.615780 0.615780 
0.615780 0.615780 
0.615780 0.615780 
0.615780 0.615780 
0.615780 0.615780 
0.606091 0.606091 
0.560228 0.560263 
0.560228 0.560263 
0.560228 0.560263 
0.560228 0.560263 
0.560228 0.560263 
0.571429 0.571429 
0.571429 0.571429 
0.545484 0.545484 
0.494872 0.494872 
0.494872 0.494872 
0.494872 0.494872 
0.494872 0.494872 
0.494872 0.494872 
0.494872 0.494872 
0.494872 0.494872 
0.494872 0.494872 
0.494872 0.494872 
0.481895 0.481936 
0.481895 0.481936 
0.481895 0.481936 
0.481895 0.481936 
