0.780829 
0.878455 
0.805751 
0.878455 
0.884965 
0.868232 
0.918211 
0.911239 
0.890712 
0.920986 
0.926509 
0.925131 
0.950966 
0.996166 
0.995526 
0.989743 
0.987162 
1.092063 
1.090895 
1.118034 
1.227865 
1.249490 
1.293133 
1.326246 
1.319980 
1.358082 
1.372098 
1.384130 
1.369306 
1.430356 
1.472105 
1.472971 
1.462106 
1.465592 
1.518172 
1.517752 
1.546062 
1.559206 
1.564514 
1.705334 
1.719115 
1.787142 
1.764517 
1.836770 
1.878992 
1.901932 
1.929894 
1.928902 
1.974648 
1.996809 
2.039470 
2.037593 
2.047896 
2.018726 
2.036341 
2.031637 
2.021883 
2.010178 
2.002231 
1.960711 
1.966233 
1.965260 
1.961036 
1.929563 
1.933195 
1.981419 
2.068656 
2.080951 
2.166830 
2.202156 
2.266099 
2.265536 
2.276768 
2.373590 
2.421997 
2.414877 
2.418572 
2.438007 
2.437484 
2.437745 
2.437745 
2.429884 
2.419890 
2.424366 
2.512469 
2.493359 
2.534708 
2.532946 
2.526391 
2.526139 
2.508658 
2.555007 
2.608121 
2.574651 
2.622022 
2.607388 
2.582318 
2.618371 
2.617884 
2.604206 
2.639235 
2.626882 
2.652973 
2.664965 
2.674521 
2.728113 
2.727412 
2.904298 
2.915038 
2.895501 
2.892637 
2.864722 
2.845512 
2.865835 
2.833383 
2.870504 
2.882035 
2.862049 
2.876275 
2.940524 
2.935749 
2.910879 
3.017170 
2.979736 
2.990205 
3.102624 
3.050385 
3.037605 
3.037395 
3.080758 
3.033192 
3.041381 
3.030247 
3.070806 
3.056859 
3.056859 
3.049548 
3.096657 
3.140015 
3.142045 
3.151975 
3.135137 
3.283578 
3.333312 
3.324499 
3.619850 
3.815583 
3.789419 
3.787735 
3.797320 
3.779814 
3.813410 
3.828265 
3.974729 
3.974729 
4.043608 
3.996172 
3.988504 
4.214588 
4.357582 
4.345271 
4.342334 
4.367669 
4.294782 
4.361532 
4.345564 
4.357728 
4.370734 
4.393438 
4.409955 
4.409955 
4.389807 
4.352310 
4.352310 
4.379626 
4.333807 
4.337044 
4.353629 
4.386901 
4.373214 
4.416458 
4.487369 
4.458138 
4.543301 
4.516692 
4.516692 
4.528397 
4.562631 
4.539509 
4.528538 
4.528538 
4.561093 
4.535433 
4.507788 
4.507788 
4.532479 
4.484383 
4.418335 
4.333661 
4.333661 
4.341012 
4.437922 
4.424826 
4.387482 
4.387482 
4.355972 
4.334396 
4.334396 
4.314635 
4.291068 
4.309902 
4.264232 
4.224564 
4.242490 
4.257646 
4.227582 
4.227582 
4.227582 
4.227582 
4.249249 
4.208076 
4.184062 
4.198973 
4.249400 
4.243843 
4.255249 
4.298048 
4.287648 
4.277224 
4.234666 
4.205954 
4.209743 
4.213529 
4.219277 
4.242039 
4.221694 
4.180098 
4.270658 
4.287648 
4.248649 
4.215799 
4.276627 
4.272300 
4.264531 
4.279311 
4.267820 
4.385737 
4.431307 
4.431307 
4.439646 
4.478549 
4.478549 
4.441944 
4.441944 
4.384138 
4.405904 
4.370442 
4.370442 
4.370442 
4.370442 
4.295821 
4.306201 
4.369275 
4.313008 
4.355093 
4.355093 
4.461999 
4.399820 
4.365770 
4.323789 
4.374089 
4.367669 
4.333807 
4.306645 
4.227431 
4.236473 
4.206409 
4.206409 
4.206409 
4.226526 
4.174907 
4.140239 
4.133302 
4.114590 
4.114590 
4.096259 
4.096259 
4.096259 
4.091897 
4.040295 
4.037610 
3.996491 
3.950911 
4.144858 
4.160522 
4.160522 
4.201403 
4.151469 
4.146089 
4.082379 
4.073621 
4.138545 
4.134844 
4.140393 
4.140393 
4.134999 
4.111488 
4.040926 
3.994895 
3.995533 
3.995533 
4.146858 
4.150547 
4.128207 
4.087375 
4.090806 
4.083316 
4.083316 
4.028439 
4.053217 
4.053217 
4.053217 
4.053217 
4.105590 
4.105590 
4.050542 
4.101860 
4.101860 
4.101860 
4.101860 
4.122332 
4.107919 
4.125425 
4.125425 
4.047076 
4.047076 
4.047076 
4.047076 
4.220335 
4.220335 
4.413424 
4.347032 
4.399096 
4.345124 
4.401994 
4.401994 
4.445962 
4.414580 
4.414580 
4.463143 
4.484810 
4.553396 
4.553396 
4.497874 
4.452986 
4.391841 
4.391841 
4.391841 
4.391841 
4.395470 
4.375109 
4.423672 
4.423672 
4.425402 
4.426555 
4.426555 
4.452413 
4.452413 
4.452413 
4.452413 
4.438784 
4.384574 
4.412991 
4.347619 
4.347619 
4.324821 
4.324821 
4.324821 
4.324821 
4.348498 
4.348498 
4.348498 
4.348498 
4.348498 
4.348498 
4.348498 
4.330716 
4.399240 
4.399240 
4.393583 
4.448113 
4.374526 
4.397356 
4.399965 
4.399965 
4.399965 
4.379480 
4.306349 
4.306349 
4.249700 
4.068922 
4.032553 
4.032553 
4.045500 
4.045500 
4.045500 
4.032553 
4.021467 
4.021467 
4.007487 
3.993298 
3.993298 
3.993298 
3.993298 
3.930844 
3.938785 
3.768153 
3.784029 
3.909369 
3.845551 
3.845551 
3.796817 
3.796817 
3.905288 
3.905288 
3.905288 
3.796649 
3.796649 
3.873148 
3.873148 
3.837416 
3.837416 
3.837416 
3.837416 
3.837416 
3.792447 
3.792447 
3.792447 
3.792447 
3.790260 
3.799000 
3.799000 
3.796649 
3.796649 
3.839410 
3.839410 
3.820761 
3.915400 
3.915400 
3.915400 
3.915400 
3.920609 
3.920609 
3.917680 
3.917680 
3.917680 
3.913608 
3.893349 
3.893349 
3.893349 
3.893349 
3.893349 
3.893349 
3.893349 
3.925648 
3.925648 
3.919145 
3.906105 
3.906105 
3.906105 
3.992020 
3.992020 
4.075499 
4.075499 
4.075499 
3.903981 
3.903981 
3.903981 
3.856977 
3.856977 
3.856977 
3.856977 
3.883179 
3.883179 
3.868865 
3.852179 
3.876769 
3.824765 
3.805541 
3.805541 
3.805541 
3.805541 
3.805541 
3.805541 
3.805541 
3.786051 
3.808054 
3.808054 
3.808054 
3.808054 
3.808054 
3.787062 
3.787062 
3.780826 
3.773903 
3.773903 
3.731758 
3.731758 
3.731758 
3.731758 
3.731758 
3.707927 
3.707927 
3.726115 
3.644258 
3.644258 
3.644258 
3.644258 
3.644258 
3.644258 
3.644258 
3.644258 
3.633918 
3.633918 
3.633918 
3.633918 
3.633918 
3.633918 
3.633918 
3.633918 
3.633918 
3.578030 
3.549037 
3.562847 
3.529576 
3.494712 
3.494712 
3.508372 
3.508372 
3.467414 
3.475314 
3.434333 
3.440085 
3.440085 
3.440085 
3.440085 
3.444531 
3.444531 
3.444531 
3.444531 
3.444531 
3.360181 
3.360181 
3.360181 
3.360181 
3.360181 
3.360181 
3.360181 
3.360181 
3.360181 
3.360181 
3.360181 
3.360181 
3.360181 
3.360181 
3.360181 
3.298887 
3.298887 
3.229132 
3.229132 
3.229132 
3.229132 
3.229132 
3.229132 
3.229132 
3.229132 
3.229132 
3.229132 
3.229132 
3.229132 
3.184785 
3.184785 
3.190387 
3.190387 
3.188788 
3.192785 
3.192785 
3.195980 
3.195980 
3.195980 
3.195980 
3.195980 
3.195980 
3.195980 
3.195980 
3.195980 
3.195980 
3.195980 
3.256469 
3.315471 
3.306996 
3.306996 
3.305839 
3.214286 
3.214286 
3.214286 
3.214286 
3.214286 
3.214286 
3.214286 
3.119638 
3.119638 
3.119638 
3.105295 
3.105295 
3.105295 
3.105295 
3.072259 
3.072259 
3.072259 
3.072259 
3.066025 
3.066025 
2.925739 
2.906054 
2.740242 
2.740242 
2.740242 
2.740242 
2.740242 
2.726944 
2.726944 
2.726944 
2.726944 
2.726944 
2.726944 
2.775852 
2.775852 
2.775852 
2.823010 
2.823010 
2.823010 
2.792117 
2.792117 
2.792117 
2.792117 
2.792117 
2.835408 
2.651290 
2.651290 
2.651290 
2.651290 
2.651290 
2.651290 
2.651290 
2.651290 
2.651290 
2.651290 
2.651290 
2.651290 
2.651290 
2.651290 
2.651290 
2.693530 
2.693530 
2.693530 
2.671896 
2.711230 
2.711230 
2.748376 
2.748376 
2.748376 
2.748376 
2.748376 
2.748376 
2.748376 
2.748376 
2.748376 
2.748376 
2.748376 
2.748376 
2.748376 
2.783424 
2.783424 
2.783424 
2.783424 
2.731151 
2.731151 
2.731151 
2.731151 
2.731151 
2.731151 
2.731151 
2.731151 
2.731151 
2.731151 
2.764110 
2.764110 
2.764110 
2.764110 
2.764110 
2.764110 
2.764110 
2.764110 
2.764110 
2.764110 
2.764110 
2.764110 
2.764110 
2.764110 
2.764110 
2.764110 
2.764110 
2.764110 
2.764110 
2.764110 
2.764110 
2.764110 
2.764110 
2.764110 
2.764110 
2.764110 
2.736982 
2.736982 
2.736982 
2.736982 
2.736982 
2.767108 
2.767108 
2.767108 
2.767108 
2.767108 
2.767108 
2.767108 
2.737914 
2.737914 
2.737914 
2.737914 
2.737914 
2.737914 
2.737914 
2.737914 
2.737914 
2.737914 
2.737914 
2.737914 
2.737914 
2.706992 
2.706992 
2.706992 
2.706992 
2.592178 
2.592178 
2.592178 
2.592178 
2.592178 
2.618371 
2.618371 
2.618371 
2.618371 
2.618371 
2.618371 
2.618371 
2.643098 
2.643098 
2.643098 
2.643098 
2.643098 
2.643098 
2.643098 
2.643098 
2.665683 
2.665683 
2.665683 
2.665683 
2.665683 
2.665683 
2.665683 
2.665683 
2.665683 
2.665683 
2.665683 
2.665683 
2.628339 
2.628339 
2.628339 
2.628339 
2.628339 
2.628339 
2.628339 
2.628339 
2.628339 
2.628339 
2.628339 
2.628339 
2.628339 
2.628339 
2.628339 
2.628339 
2.628339 
2.628339 
2.628339 
2.628339 
2.628339 
2.648642 
2.648642 
2.648642 
2.648642 
2.666401 
2.666401 
2.666401 
2.666401 
2.683091 
2.683091 
2.683091 
2.683091 
2.683091 
2.641409 
2.641409 
2.641409 
2.641409 
2.641409 
2.641409 
2.641409 
2.598322 
2.598322 
2.598322 
2.598322 
2.598322 
2.598322 
2.598322 
2.598322 
2.598322 
2.598322 
2.598322 
2.598322 
2.598322 
2.598322 
2.611298 
2.565221 
2.565221 
2.565221 
2.565221 
2.451312 
2.451312 
2.451312 
2.451312 
2.451312 
2.372784 
2.372784 
2.372784 
2.372784 
2.372784 
2.372784 
2.372784 
2.372784 
2.372784 
2.380565 
2.380565 
2.380565 
2.380565 
2.380565 
2.380565 
2.380565 
2.380565 
2.380565 
2.380565 
2.380565 
2.325546 
2.325546 
2.325546 
2.325546 
2.325546 
2.325546 
2.325546 
2.325546 
2.325546 
2.325546 
2.325546 
2.325546 
2.330203 
2.330203 
2.330203 
2.330203 
2.330203 
2.330203 
2.271159 
2.271159 
2.271159 
2.271159 
2.271159 
2.271159 
2.271159 
2.272843 
2.272843 
2.272843 
2.272843 
2.272843 
2.272843 
2.272843 
2.272843 
2.272843 
2.272843 
2.171828 
2.171828 
2.170653 
2.167419 
2.167419 
2.167419 
2.167419 
2.167419 
2.167419 
2.162411 
2.162411 
2.162411 
2.162411 
2.162411 
2.162411 
2.162411 
2.162411 
2.162411 
2.162411 
2.162411 
2.162411 
2.162411 
2.162411 
2.062481 
2.054425 
2.054425 
2.054425 
2.054425 
2.054425 
2.054425 
2.054425 
2.054425 
2.054425 
2.054425 
2.054425 
2.054425 
2.054425 
2.054425 
2.054425 
2.054425 
2.054425 
2.054425 
2.054425 
2.054425 
2.054425 
2.054425 
2.054425 
2.054425 
2.054425 
2.054425 
2.044155 
2.044155 
2.044155 
2.044155 
2.044155 
2.044155 
2.031324 
2.031324 
2.031324 
2.031324 
2.031324 
2.031324 
2.031324 
2.031324 
2.031324 
2.031324 
2.031324 
2.031324 
2.031324 
2.031324 
2.031324 
2.031324 
2.031324 
2.031324 
2.031324 
2.016197 
1.931545 
1.931545 
1.931545 
1.931545 
1.931545 
1.797107 
1.797107 
1.773170 
1.670574 
1.670574 
1.670574 
1.670574 
1.670574 
1.670574 
1.670574 
1.670574 
1.670574 
1.640915 
1.640915 
1.640915 
1.640915 
