2.204263 2.236616 2.204261 2.236614 
2.285714 2.226833 2.285714 2.226829 
2.227931 2.273989 2.227929 2.273987 
2.287945 2.246177 2.287945 2.246175 
2.203522 2.304919 2.203522 2.304921 
2.141997 2.233419 2.142001 2.233419 
2.182397 2.284731 2.182399 2.284733 
2.166913 2.294981 2.166913 2.294981 
2.050386 2.281783 2.050386 2.281783 
2.072564 2.255516 2.072559 2.255516 
2.091869 2.212764 2.091869 2.212764 
2.166913 2.208428 2.166913 2.208423 
2.194708 2.208428 2.194706 2.208423 
2.180528 2.233785 2.180526 2.233785 
2.179774 2.234789 2.179779 2.234789 
2.159460 2.222336 2.159460 2.222336 
2.197309 2.238896 2.197309 2.238896 
2.273268 2.292490 2.273271 2.292492 
2.275783 2.267787 2.275783 2.267787 
2.340504 2.267787 2.340504 2.267787 
2.384046 2.331768 2.384046 2.331768 
2.353979 2.331768 2.353981 2.331768 
2.337014 2.329930 2.337014 2.329930 
2.404842 2.336577 2.404842 2.336575 
2.410946 2.366863 2.410942 2.366863 
2.368934 2.369535 2.368929 2.369535 
2.351636 2.341202 2.351641 2.341202 
2.376841 2.300754 2.376845 2.300754 
2.370225 2.306690 2.370223 2.306688 
2.381988 2.332116 2.381992 2.332118 
2.410520 2.315958 2.410520 2.315962 
2.360907 2.315958 2.360907 2.315962 
2.333780 2.315958 2.333780 2.315962 
2.320188 2.351636 2.320188 2.351641 
2.366088 2.356060 2.366084 2.356060 
2.366088 2.329579 2.366084 2.329579 
2.340853 2.358227 2.340853 2.358225 
2.313754 2.387381 2.313758 2.387383 
2.338672 2.321154 2.338674 2.321154 
2.429494 2.314903 2.429494 2.314903 
2.405861 2.290709 2.405861 2.290709 
2.426806 2.300045 2.426806 2.300043 
2.381992 2.310224 2.381988 2.310228 
2.307133 2.366518 2.307129 2.366518 
2.342942 2.384046 2.342946 2.384046 
2.390545 2.375386 2.390545 2.375382 
2.401454 2.408829 2.401445 2.408824 
2.395234 2.424368 2.395233 2.424366 
2.394210 2.477986 2.394210 2.477984 
2.406544 2.451572 2.406539 2.451572 
2.398979 2.513718 2.398977 2.513718 
2.357887 2.495384 2.357878 2.495384 
2.314188 2.495384 2.314197 2.495384 
2.285714 2.495384 2.285717 2.495384 
2.326510 2.507133 2.326511 2.507133 
2.339030 2.507133 2.339022 2.507133 
2.328265 2.536591 2.328264 2.536591 
2.285723 2.536591 2.285714 2.536591 
2.300754 2.533448 2.300754 2.533450 
2.271471 2.482263 2.271472 2.482263 
2.245083 2.470146 2.245085 2.470150 
2.245083 2.449490 2.245085 2.449490 
2.267418 2.432434 2.267426 2.432425 
2.255507 2.432434 2.255515 2.432425 
2.288311 2.432434 2.288301 2.432425 
2.290709 2.476421 2.290708 2.476419 
2.340861 2.493747 2.340853 2.493746 
2.280708 2.493747 2.280709 2.493746 
2.330716 2.474358 2.330717 2.474350 
2.349216 2.474358 2.349207 2.474350 
2.383962 2.474358 2.383960 2.474350 
2.332118 2.495383 2.332118 2.495384 
2.305353 2.474688 2.305362 2.474680 
2.348163 2.453152 2.348164 2.453152 
2.333780 2.471139 2.333780 2.471138 
2.310668 2.449488 2.310667 2.449490 
2.300754 2.425123 2.300755 2.425122 
2.231589 2.392249 2.231591 2.392257 
2.237355 2.392503 2.237345 2.392507 
2.160968 2.340070 2.160971 2.340069 
2.160968 2.340070 2.160971 2.340069 
2.156726 2.340070 2.156717 2.340069 
2.142760 2.364709 2.142762 2.364707 
2.147224 2.337712 2.147233 2.337705 
2.153674 2.319045 2.153687 2.319045 
2.153674 2.317722 2.153687 2.317721 
2.179312 2.347730 2.179309 2.347739 
2.188010 2.308459 2.188000 2.308459 
2.199820 2.297203 2.199814 2.297195 
2.211377 2.297203 2.211381 2.297195 
2.185659 2.297203 2.185668 2.297195 
2.162862 2.327212 2.162859 2.327212 
2.174909 2.376842 2.174903 2.376841 
2.138947 2.376842 2.138948 2.376841 
2.177913 2.376842 2.177903 2.376841 
2.224254 2.351636 2.224263 2.351641 
2.214610 2.351636 2.214609 2.351641 
2.223161 2.338672 2.223162 2.338672 
2.185294 2.325458 2.185294 2.325456 
2.200282 2.320802 2.200278 2.320793 
2.198696 2.320802 2.198701 2.320793 
2.198696 2.303591 2.198701 2.303593 
2.215429 2.306689 2.215437 2.306688 
2.231875 2.309607 2.231865 2.309607 
2.162383 2.326072 2.162388 2.326073 
2.187992 2.303857 2.188001 2.303848 
2.093336 2.256600 2.093333 2.256598 
2.168890 2.221325 2.168890 2.221335 
2.132452 2.249717 2.132451 2.249717 
2.104322 2.278202 2.104320 2.278199 
2.002549 2.296759 2.002549 2.296761 
2.006506 2.296759 2.006520 2.296757 
2.000110 2.305362 2.000102 2.305353 
2.000110 2.304299 2.000102 2.304298 
1.996829 2.320187 1.996834 2.320179 
2.020295 2.308900 2.020305 2.308899 
2.025959 2.307397 2.025953 2.307397 
2.025959 2.268146 2.025953 2.268156 
2.050775 2.227473 2.050784 2.227473 
2.054765 2.246903 2.054760 2.246902 
2.046504 2.246903 2.046501 2.246902 
1.997547 2.243903 1.997550 2.243902 
1.991932 2.231591 1.991923 2.231589 
1.971638 2.233785 1.971635 2.233785 
1.971739 2.233785 1.971739 2.233785 
2.001634 2.266346 2.001632 2.266345 
1.987314 2.262471 1.987307 2.262468 
1.987314 2.235247 1.987307 2.235248 
1.954695 2.215437 1.954691 2.215437 
1.952909 2.243903 1.952915 2.243906 
1.927683 2.243903 1.927672 2.243906 
1.893173 2.264995 1.893167 2.264991 
1.851651 2.243266 1.851640 2.243276 
1.866573 2.213502 1.866570 2.213494 
1.840694 2.213502 1.840697 2.213494 
1.840694 2.213502 1.840697 2.213494 
1.821078 2.213502 1.821078 2.213494 
1.838809 2.189400 1.838811 2.189403 
1.812544 2.153403 1.812541 2.153406 
1.749157 2.173683 1.749169 2.173681 
1.749157 2.110131 1.749169 2.110130 
1.740865 2.091382 1.740865 2.091383 
1.765432 2.082090 1.765427 2.082100 
1.749624 2.121320 1.749635 2.121320 
1.729587 2.121224 1.729574 2.121226 
1.796130 2.157947 1.796141 2.157945 
1.870935 2.143904 1.870938 2.143908 
1.861431 2.159460 1.861424 2.159450 
1.861431 2.157474 1.861424 2.157484 
1.808824 2.157474 1.808822 2.157484 
1.808824 2.136275 1.808822 2.136281 
1.798415 2.152929 1.798412 2.152925 
1.787142 2.152929 1.787142 2.152925 
1.842360 2.099563 1.842359 2.099572 
1.842360 2.099563 1.842359 2.099572 
1.862629 2.135129 1.862629 2.135133 
1.849001 2.119010 1.848993 2.119008 
1.849001 2.101991 1.848993 2.101991 
1.876275 2.128140 1.876274 2.128149 
1.882362 2.133216 1.882356 2.133219 
1.882362 2.142762 1.882356 2.142764 
1.882362 2.113223 1.882356 2.113225 
1.890465 2.088256 1.890471 2.088255 
1.873554 2.092260 1.873555 2.092260 
1.891878 2.105774 1.891874 2.105762 
1.866573 2.109357 1.866570 2.109364 
1.891340 2.109357 1.891334 2.109364 
1.891340 2.093332 1.891334 2.093336 
1.887121 2.106259 1.887121 2.106254 
1.887121 2.118914 1.887121 2.118904 
1.887121 2.118914 1.887121 2.118904 
1.893489 2.118914 1.893490 2.118904 
1.893489 2.080424 1.893490 2.080415 
1.893489 2.080424 1.893490 2.080415 
1.905534 2.084344 1.905524 2.084348 
1.878886 2.038006 1.878884 2.038004 
1.878886 2.049291 1.878884 2.049297 
1.884415 2.049291 1.884415 2.049297 
1.920992 2.030381 1.920990 2.030381 
1.920992 2.031286 1.920990 2.031284 
1.920992 2.051978 1.920990 2.051979 
1.955000 2.051978 1.955004 2.051979 
1.958870 2.032491 1.958863 2.032501 
1.958870 2.072561 1.958863 2.072564 
1.972881 2.052873 1.972878 2.052873 
1.972881 2.052873 1.972878 2.052873 
1.969150 2.110808 1.969150 2.110810 
1.969150 2.128524 1.969150 2.128524 
1.964590 2.127469 1.964584 2.127456 
1.964590 2.145332 1.964584 2.145339 
1.964590 2.145332 1.964584 2.145339 
1.967175 2.151791 1.967180 2.151786 
1.969565 2.151791 1.969564 2.151786 
1.961361 2.151791 1.961361 2.151786 
1.961361 2.151791 1.961361 2.151786 
1.942441 2.194985 1.942437 2.194994 
1.942441 2.131303 1.942437 2.131293 
1.904781 2.141524 1.904774 2.141527 
1.886149 2.121320 1.886147 2.121320 
1.886149 2.121320 1.886147 2.121320 
1.886149 2.098007 1.886147 2.098005 
1.908209 2.098007 1.908199 2.098005 
1.908209 2.093820 1.908199 2.093821 
1.908523 2.094599 1.908520 2.094602 
1.908523 2.094599 1.908520 2.094602 
1.886688 2.094599 1.886688 2.094602 
1.875298 2.075022 1.875296 2.075024 
1.875298 2.075022 1.875296 2.075024 
1.885388 2.034498 1.885390 2.034500 
1.895214 2.018688 1.895214 2.018687 
1.904770 2.018688 1.904774 2.018687 
1.869305 2.018688 1.869301 2.018687 
1.834360 1.996323 1.834366 1.996310 
1.834360 1.972877 1.834366 1.972881 
1.775686 1.986587 1.775686 1.986582 
1.750103 1.992741 1.750102 1.992752 
1.750103 1.992741 1.750102 1.992752 
1.750103 1.992741 1.750102 1.992752 
1.750103 1.992741 1.750102 1.992752 
1.750103 1.959176 1.750102 1.959165 
1.735706 1.940440 1.735700 1.940450 
1.720934 1.940440 1.720939 1.940450 
1.720934 1.933697 1.720939 1.933701 
1.722486 1.927248 1.722480 1.927248 
1.718570 1.927248 1.718566 1.927248 
1.738047 1.928942 1.738050 1.928943 
1.733707 1.928942 1.733700 1.928943 
1.733707 1.918865 1.733700 1.918874 
1.717259 1.929788 1.717259 1.929790 
1.665508 1.929788 1.665496 1.929790 
1.653691 1.929788 1.653691 1.929790 
1.658745 1.897904 1.658743 1.897904 
1.658745 1.908520 1.658743 1.908523 
1.664023 1.908520 1.664025 1.908523 
1.664023 1.908199 1.664025 1.908199 
1.664023 1.883223 1.664025 1.883220 
1.611688 1.883223 1.611692 1.883220 
1.641437 1.881814 1.641428 1.881822 
1.624926 1.881814 1.624933 1.881822 
1.594506 1.869301 1.594506 1.869305 
1.594506 1.867443 1.594506 1.867438 
1.594506 1.887120 1.594506 1.887121 
1.594506 1.873989 1.594506 1.873990 
1.597965 1.838477 1.597958 1.838484 
1.597965 1.846785 1.597958 1.846780 
1.575444 1.846785 1.575449 1.846780 
1.575444 1.902630 1.575449 1.902634 
1.575444 1.927354 1.575449 1.927352 
1.575444 1.927354 1.575449 1.927352 
1.591303 1.927354 1.591303 1.927352 
1.619398 1.927354 1.619398 1.927352 
1.619398 1.927354 1.619398 1.927352 
1.619398 1.876275 1.619398 1.876275 
1.619398 1.876275 1.619398 1.876275 
1.596430 1.876275 1.596425 1.876275 
1.596430 1.904238 1.596425 1.904236 
1.596430 1.834922 1.596425 1.834925 
1.596430 1.834922 1.596425 1.834925 
1.596430 1.834922 1.596425 1.834925 
1.596430 1.834922 1.596425 1.834925 
1.572861 1.807016 1.572857 1.807016 
1.572861 1.812541 1.572857 1.812544 
1.510381 1.825444 1.510373 1.825440 
1.485849 1.825444 1.485852 1.825440 
1.515097 1.825444 1.515094 1.825440 
1.515097 1.825444 1.515094 1.825440 
1.541931 1.829576 1.541931 1.829584 
1.541931 1.803511 1.541931 1.803505 
1.501554 1.807016 1.501564 1.807016 
1.459801 1.807016 1.459801 1.807016 
1.445050 1.821527 1.445048 1.821527 
1.445050 1.784743 1.445048 1.784743 
1.445050 1.764156 1.445048 1.764156 
1.429854 1.764156 1.429857 1.764156 
1.429854 1.733346 1.429857 1.733351 
1.442786 1.733346 1.442786 1.733351 
1.442786 1.746834 1.442786 1.746831 
1.442786 1.746834 1.442786 1.746831 
1.442786 1.746834 1.442786 1.746831 
1.412620 1.736640 1.412625 1.736647 
1.412620 1.679286 1.412625 1.679284 
1.408579 1.668557 1.408575 1.668568 
1.403349 1.668923 1.403349 1.668926 
1.385641 1.668923 1.385641 1.668926 
1.385641 1.668923 1.385641 1.668926 
1.385641 1.705214 1.385641 1.705217 
1.385641 1.705214 1.385641 1.705217 
1.385641 1.705214 1.385641 1.705217 
1.385641 1.716784 1.385641 1.716783 
1.352406 1.716784 1.352398 1.716783 
1.352406 1.716190 1.352398 1.716191 
1.318001 1.716190 1.318007 1.716191 
1.298194 1.703418 1.298193 1.703416 
1.293626 1.771544 1.293626 1.771540 
1.293626 1.770046 1.293626 1.770054 
1.293626 1.770046 1.293626 1.770054 
1.293626 1.768315 1.293626 1.768319 
1.272799 1.768315 1.272792 1.768319 
1.261838 1.766352 1.261842 1.766346 
1.239497 1.764156 1.239487 1.764156 
1.284287 1.773271 1.284285 1.773271 
1.284287 1.787599 1.284285 1.787599 
1.277129 1.737932 1.277114 1.737932 
1.269569 1.722480 1.269581 1.722486 
1.269569 1.722480 1.269581 1.722486 
1.259087 1.722480 1.259089 1.722486 
1.259087 1.682564 1.259089 1.682568 
1.259087 1.649242 1.259089 1.649250 
1.265718 1.626816 1.265718 1.626814 
1.265718 1.633951 1.265718 1.633953 
1.265718 1.633951 1.265718 1.633953 
1.293796 1.633951 1.293784 1.633953 
1.293796 1.641304 1.293784 1.641304 
1.283496 1.641304 1.283490 1.641304 
1.283496 1.647385 1.283490 1.647388 
1.283496 1.640806 1.283490 1.640806 
1.240300 1.640806 1.240309 1.640806 
1.240300 1.640806 1.240309 1.640806 
1.212183 1.646394 1.212183 1.646396 
1.187701 1.646394 1.187692 1.646396 
1.187701 1.646394 1.187692 1.646396 
1.187701 1.646394 1.187692 1.646396 
1.187701 1.646394 1.187692 1.646396 
1.174727 1.646394 1.174734 1.646396 
1.174727 1.646394 1.174734 1.646396 
1.174727 1.626816 1.174734 1.626814 
1.174727 1.644409 1.174734 1.644409 
1.174727 1.644409 1.174734 1.644409 
1.174727 1.644409 1.174734 1.644409 
1.174727 1.644409 1.174734 1.644409 
1.178724 1.644409 1.178723 1.644409 
1.182353 1.641428 1.182353 1.641437 
1.182353 1.645774 1.182353 1.645778 
1.182353 1.645774 1.182353 1.645778 
1.117767 1.645774 1.117760 1.645778 
1.117767 1.645774 1.117760 1.645778 
1.117767 1.645774 1.117760 1.645778 
1.117767 1.645774 1.117760 1.645778 
1.138559 1.674417 1.138563 1.674411 
1.138559 1.674417 1.138563 1.674411 
1.142857 1.702339 1.142857 1.702339 
1.089652 1.702339 1.089655 1.702339 
1.089652 1.720939 1.089655 1.720946 
1.072098 1.712022 1.072095 1.712017 
1.091917 1.712022 1.091900 1.712017 
1.091917 1.712022 1.091900 1.712017 
1.110988 1.702819 1.110984 1.702819 
1.110988 1.669046 1.110984 1.669046 
1.110988 1.669046 1.110984 1.669046 
1.110988 1.687408 1.110984 1.687405 
1.129385 1.687408 1.129385 1.687405 
1.129385 1.701020 1.129385 1.701028 
1.129385 1.701020 1.129385 1.701028 
1.129191 1.665986 1.129204 1.665986 
1.129191 1.654801 1.129204 1.654799 
1.162156 1.654801 1.162158 1.654799 
1.162156 1.654801 1.162158 1.654799 
1.162156 1.654801 1.162158 1.654799 
1.162156 1.654801 1.162158 1.654799 
1.142857 1.654801 1.142857 1.654799 
1.142857 1.655664 1.142857 1.655666 
1.122854 1.681108 1.122861 1.681110 
1.122854 1.681108 1.122861 1.681110 
1.102145 1.681108 1.102131 1.681110 
1.080634 1.681108 1.080627 1.681110 
1.080634 1.681108 1.080627 1.681110 
1.080634 1.668924 1.080627 1.668915 
1.080634 1.668924 1.080627 1.668915 
1.080634 1.668924 1.080627 1.668915 
1.080634 1.668924 1.080627 1.668915 
1.080634 1.656281 1.080627 1.656280 
1.069809 1.656281 1.069808 1.656280 
1.069809 1.655664 1.069808 1.655666 
1.069809 1.629949 1.069808 1.629947 
1.069809 1.629949 1.069808 1.629947 
1.026397 1.650727 1.026387 1.650736 
1.026397 1.650727 1.026387 1.650736 
1.026397 1.650727 1.026387 1.650736 
1.026397 1.650727 1.026387 1.650736 
1.041184 1.598597 1.041192 1.598601 
1.041184 1.598597 1.041192 1.598601 
1.041184 1.598597 1.041192 1.598601 
1.041184 1.598597 1.041192 1.598601 
1.041184 1.598597 1.041192 1.598601 
1.041184 1.598597 1.041192 1.598601 
1.041184 1.598597 1.041192 1.598601 
1.041184 1.583589 1.041192 1.583582 
1.041184 1.606746 1.041192 1.606746 
1.041184 1.606746 1.041192 1.606746 
1.041184 1.604077 1.041192 1.604077 
1.041184 1.613843 1.041192 1.613850 
1.035887 1.597958 1.035887 1.597952 
1.035887 1.594506 1.035887 1.594506 
1.035887 1.573894 1.035887 1.573900 
1.035887 1.573894 1.035887 1.573900 
1.035887 1.573894 1.035887 1.573900 
1.035887 1.556553 1.035887 1.556558 
0.989743 1.556553 0.989743 1.556558 
0.989743 1.556553 0.989743 1.556558 
0.983339 1.551957 0.983330 1.551954 
0.926035 1.493387 0.926041 1.493395 
0.926035 1.468583 0.926041 1.468580 
0.926035 1.468583 0.926041 1.468580 
0.917864 1.468583 0.917850 1.468580 
0.917864 1.468583 0.917850 1.468580 
0.917864 1.468583 0.917850 1.468580 
0.917864 1.462595 0.917850 1.462597 
0.917864 1.484065 0.917850 1.484078 
0.917864 1.484065 0.917850 1.484078 
0.917864 1.477588 0.917850 1.477591 
0.917864 1.470804 0.917850 1.470804 
0.917864 1.470804 0.917850 1.470804 
0.917864 1.470804 0.917850 1.470804 
0.917864 1.470804 0.917850 1.470804 
0.922283 1.470804 0.922286 1.470804 
0.912725 1.470804 0.912722 1.470804 
0.844918 1.421267 0.844913 1.421256 
0.857143 1.421267 0.857143 1.421256 
0.857143 1.434417 0.857143 1.434419 
0.844895 1.426284 0.844913 1.426282 
0.844895 1.426284 0.844913 1.426282 
0.807086 1.426284 0.807111 1.426282 
0.807086 1.426284 0.807111 1.426282 
0.793086 1.446318 0.793082 1.446318 
0.793086 1.446318 0.793082 1.446318 
0.793086 1.446318 0.793082 1.446318 
0.751593 1.446318 0.751597 1.446318 
0.751593 1.446318 0.751597 1.446318 
0.773005 1.446318 0.773014 1.446318 
0.773005 1.446318 0.773014 1.446318 
0.773005 1.423419 0.773014 1.423414 
0.773005 1.423419 0.773014 1.423414 
0.773005 1.423419 0.773014 1.423414 
0.773005 1.423419 0.773014 1.423414 
0.773005 1.423419 0.773014 1.423414 
0.773005 1.360672 0.773014 1.360677 
0.773005 1.360672 0.773014 1.360677 
0.773005 1.360672 0.773014 1.360677 
0.773005 1.360672 0.773014 1.360677 
0.773005 1.365613 0.773014 1.365605 
0.773005 1.355262 0.773014 1.355262 
0.773005 1.355262 0.773014 1.355262 
0.765596 1.355262 0.765586 1.355262 
0.765596 1.355262 0.765586 1.355262 
0.774319 1.355262 0.774333 1.355262 
0.774319 1.355262 0.774333 1.355262 
0.774319 1.313820 0.774333 1.313820 
0.782461 1.313820 0.782461 1.313820 
0.782461 1.313820 0.782461 1.313820 
0.782461 1.313820 0.782461 1.313820 
0.782461 1.313820 0.782461 1.313820 
0.736512 1.313820 0.736511 1.313820 
0.736512 1.313820 0.736511 1.313820 
0.743970 1.313820 0.743955 1.313820 
0.743970 1.313820 0.743955 1.313820 
0.743970 1.313820 0.743955 1.313820 
0.750770 1.313820 0.750782 1.313820 
0.750770 1.270706 0.750782 1.270715 
0.750770 1.270706 0.750782 1.270715 
0.750770 1.270706 0.750782 1.270715 
0.750770 1.270706 0.750782 1.270715 
0.750770 1.270706 0.750782 1.270715 
0.750770 1.270706 0.750782 1.270715 
0.750770 1.270706 0.750782 1.270715 
0.750770 1.274715 0.750782 1.274708 
0.750770 1.274715 0.750782 1.274708 
0.757009 1.274715 0.757008 1.274708 
0.757009 1.246055 0.757008 1.246056 
0.757009 1.246055 0.757008 1.246056 
0.757009 1.246055 0.757008 1.246056 
0.762648 1.246055 0.762648 1.246056 
0.762648 1.246055 0.762648 1.246056 
0.762648 1.265718 0.762648 1.265718 
0.762648 1.265718 0.762648 1.265718 
0.762648 1.265718 0.762648 1.265718 
0.717432 1.268777 0.717422 1.268784 
0.717432 1.268777 0.717422 1.268784 
0.717432 1.268777 0.717422 1.268784 
0.717432 1.222410 0.717422 1.222416 
0.717432 1.222410 0.717422 1.222416 
0.717432 1.222410 0.717422 1.222416 
0.717432 1.222410 0.717422 1.222416 
0.717432 1.224912 0.717422 1.224908 
0.717432 1.224912 0.717422 1.224908 
0.721669 1.224912 0.721676 1.224908 
0.721669 1.227075 0.721676 1.227086 
0.696657 1.227075 0.696639 1.227086 
0.699854 1.227075 0.699854 1.227086 
0.699854 1.195229 0.699854 1.195229 
0.699854 1.195229 0.699854 1.195229 
0.699854 1.195229 0.699854 1.195229 
0.699854 1.195229 0.699854 1.195229 
0.699854 1.195229 0.699854 1.195229 
0.699854 1.195229 0.699854 1.195229 
0.699854 1.195229 0.699854 1.195229 
0.672790 1.195229 0.672795 1.195229 
0.672790 1.196764 0.672795 1.196762 
0.672790 1.196764 0.672795 1.196762 
0.672790 1.196764 0.672795 1.196762 
0.672790 1.196764 0.672795 1.196762 
0.672790 1.196764 0.672795 1.196762 
0.672790 1.197958 0.672795 1.197960 
0.672790 1.197958 0.672795 1.197960 
0.672790 1.181663 0.672795 1.181679 
0.672790 1.164790 0.672795 1.164794 
0.672790 1.164790 0.672795 1.164794 
0.672790 1.147313 0.672795 1.147313 
0.672790 1.147313 0.672795 1.147313 
0.672790 1.147313 0.672795 1.147313 
0.672790 1.147313 0.672795 1.147313 
0.672790 1.147313 0.672795 1.147313 
0.672790 1.147135 0.672795 1.147122 
0.672790 1.147135 0.672795 1.147122 
0.672790 1.164264 0.672795 1.164246 
0.672790 1.162158 0.672795 1.162156 
0.672790 1.162158 0.672795 1.162156 
0.672790 1.162158 0.672795 1.162156 
0.672790 1.162158 0.672795 1.162156 
0.672790 1.162158 0.672795 1.162156 
0.672790 1.162158 0.672795 1.162156 
0.672790 1.162158 0.672795 1.162156 
0.672790 1.162158 0.672795 1.162156 
0.672790 1.142857 0.672795 1.142857 
0.672790 1.142857 0.672795 1.142857 
0.672790 1.142857 0.672795 1.142857 
0.672790 1.142857 0.672795 1.142857 
0.672790 1.142857 0.672795 1.142857 
0.672790 1.142857 0.672795 1.142857 
0.672790 1.142857 0.672795 1.142857 
0.672790 1.142857 0.672795 1.142857 
0.672790 1.142857 0.672795 1.142857 
0.672790 1.104536 0.672795 1.104530 
0.672790 1.102131 0.672795 1.102145 
0.672790 1.117760 0.672795 1.117767 
0.674920 1.117760 0.674915 1.117767 
0.676453 1.117760 0.676425 1.117767 
0.676453 1.117760 0.676425 1.117767 
0.676453 1.114652 0.676425 1.114642 
0.676453 1.114652 0.676425 1.114642 
0.676453 1.088718 0.676425 1.088718 
0.677337 1.088718 0.677330 1.088718 
0.677631 1.088718 0.677631 1.088718 
0.677307 1.088718 0.677330 1.088718 
0.677307 1.088718 0.677330 1.088718 
0.677307 1.088718 0.677330 1.088718 
0.677307 1.088718 0.677330 1.088718 
0.677307 1.103057 0.677330 1.103067 
0.677307 1.103057 0.677330 1.103067 
0.677307 1.103057 0.677330 1.103067 
0.677307 1.103057 0.677330 1.103067 
0.677307 1.103057 0.677330 1.103067 
0.676395 1.103057 0.676425 1.103067 
0.676395 1.103057 0.676425 1.103067 
0.676395 1.103057 0.676425 1.103067 
0.676395 1.103057 0.676425 1.103067 
0.676395 1.103057 0.676425 1.103067 
0.676395 1.103057 0.676425 1.103067 
0.676395 1.103057 0.676425 1.103067 
0.676395 1.103057 0.676425 1.103067 
0.676395 1.103057 0.676425 1.103067 
0.676395 1.103057 0.676425 1.103067 
0.676395 1.103057 0.676425 1.103067 
0.676395 1.103057 0.676425 1.103067 
0.676395 1.103057 0.676425 1.103067 
0.676395 1.103057 0.676425 1.103067 
0.676395 1.103057 0.676425 1.103067 
0.676395 1.079682 0.676425 1.079674 
0.676395 1.079682 0.676425 1.079674 
0.676395 1.015995 0.676425 1.015995 
0.676395 1.015995 0.676425 1.015995 
0.676395 1.015995 0.676425 1.015995 
0.676395 1.015995 0.676425 1.015995 
0.676395 1.015995 0.676425 1.015995 
0.676395 1.015995 0.676425 1.015995 
0.676395 1.015995 0.676425 1.015995 
0.676395 1.015995 0.676425 1.015995 
0.676395 1.015995 0.676425 1.015995 
0.676395 1.015995 0.676425 1.015995 
0.676395 1.015995 0.676425 1.015995 
0.676395 1.015995 0.676425 1.015995 
0.676395 1.010152 0.676425 1.010153 
0.676395 1.010152 0.676425 1.010153 
0.676395 1.003870 0.676425 1.003879 
0.676395 1.003870 0.676425 1.003879 
0.674920 1.003870 0.674915 1.003879 
0.674920 0.997139 0.674915 0.997146 
0.674920 0.997139 0.674915 0.997146 
0.674920 0.989950 0.674915 0.989945 
0.674920 0.989950 0.674915 0.989945 
0.674920 0.989950 0.674915 0.989945 
0.674920 0.989950 0.674915 0.989945 
0.674920 0.989950 0.674915 0.989945 
0.674920 0.989950 0.674915 0.989945 
0.674920 0.989950 0.674915 0.989945 
0.674920 0.989950 0.674915 0.989945 
0.674920 0.989950 0.674915 0.989945 
0.674920 0.989950 0.674915 0.989945 
0.674920 0.989950 0.674915 0.989945 
0.674920 1.002853 0.674915 1.002866 
0.672790 0.994885 0.672795 0.994885 
0.672790 1.006915 0.672795 1.006912 
0.672790 1.006915 0.672795 1.006912 
0.672790 0.998162 0.672795 0.998165 
0.672790 0.988918 0.672795 0.988938 
0.672790 0.988918 0.672795 0.988938 
0.672790 0.988918 0.672795 0.988938 
0.672790 0.988918 0.672795 0.988938 
0.672790 0.988918 0.672795 0.988938 
0.672790 0.988918 0.672795 0.988938 
0.672790 0.988918 0.672795 0.988938 
0.672790 0.968904 0.672795 0.968904 
0.672790 0.968904 0.672795 0.968904 
0.672790 0.968904 0.672795 0.968904 
0.670059 0.968904 0.670059 0.968904 
0.670059 0.968904 0.670059 0.968904 
0.670059 0.968904 0.670059 0.968904 
0.670059 0.968904 0.670059 0.968904 
0.670059 0.936559 0.670059 0.936543 
0.670059 0.936559 0.670059 0.936543 
0.670059 0.936559 0.670059 0.936543 
0.670059 0.936559 0.670059 0.936543 
0.670059 0.924938 0.670059 0.924916 
0.670059 0.924938 0.670059 0.924916 
0.670059 0.912722 0.670059 0.912725 
0.670059 0.922286 0.670059 0.922283 
0.597981 0.931315 0.597956 0.931315 
0.597981 0.931315 0.597956 0.931315 
0.597981 0.931315 0.597956 0.931315 
0.597981 0.931315 0.597956 0.931315 
0.597981 0.931315 0.597956 0.931315 
0.597981 0.917850 0.597956 0.917842 
0.597981 0.917850 0.597956 0.917842 
0.597981 0.917850 0.597956 0.917842 
0.597981 0.917850 0.597956 0.917842 
0.597981 0.917850 0.597956 0.917842 
0.597981 0.917850 0.597956 0.917842 
0.592826 0.917850 0.592814 0.917842 
0.592826 0.917850 0.592814 0.917842 
0.592826 0.917850 0.592814 0.917842 
0.592826 0.926041 0.592814 0.926057 
0.592826 0.926041 0.592814 0.926057 
0.592826 0.926041 0.592814 0.926057 
0.586914 0.926041 0.586933 0.926057 
0.586914 0.926041 0.586933 0.926057 
0.586914 0.926041 0.586933 0.926057 
0.586914 0.926041 0.586933 0.926057 
0.586914 0.926041 0.586933 0.926057 
0.580288 0.926041 0.580288 0.926057 
0.572857 0.926041 0.572855 0.926057 
0.572857 0.926041 0.572855 0.926057 
0.572857 0.926041 0.572855 0.926057 
0.572857 0.926041 0.572855 0.926057 
0.572857 0.926041 0.572855 0.926057 
0.572857 0.926041 0.572855 0.926057 
0.572857 0.926041 0.572855 0.926057 
0.572857 0.926041 0.572855 0.926057 
0.572857 0.926041 0.572855 0.926057 
0.572857 0.926041 0.572855 0.926057 
0.572857 0.926041 0.572855 0.926057 
0.572857 0.926041 0.572855 0.926057 
0.572857 0.926041 0.572855 0.926057 
0.572857 0.926041 0.572855 0.926057 
0.572857 0.926041 0.572855 0.926057 
0.572857 0.933722 0.572855 0.933730 
0.572857 0.933722 0.572855 0.933730 
0.572857 0.933722 0.572855 0.933730 
0.527240 0.933722 0.527218 0.933730 
0.517434 0.933722 0.517451 0.933730 
0.517434 0.933722 0.517451 0.933730 
0.517434 0.940907 0.517451 0.940895 
0.517434 0.940907 0.517451 0.940895 
0.517434 0.940907 0.517451 0.940895 
0.517434 0.940907 0.517451 0.940895 
0.517434 0.940907 0.517451 0.940895 
0.517434 0.940907 0.517451 0.940895 
0.517434 0.940907 0.517451 0.940895 
0.517434 0.940907 0.517451 0.940895 
0.517434 0.940907 0.517451 0.940895 
0.517434 0.940907 0.517451 0.940895 
0.517434 0.940907 0.517451 0.940895 
0.517434 0.940907 0.517451 0.940895 
0.517434 0.940907 0.517451 0.940895 
0.517434 0.947607 0.517451 0.947607 
0.517434 0.947607 0.517451 0.947607 
0.517434 0.947607 0.517451 0.947607 
0.517434 0.947607 0.517451 0.947607 
0.517434 0.910035 0.517451 0.910036 
0.517434 0.910035 0.517451 0.910036 
0.517434 0.910035 0.517451 0.910036 
0.517434 0.910035 0.517451 0.910036 
0.517434 0.910035 0.517451 0.910036 
0.517434 0.910035 0.517451 0.910036 
0.517434 0.910035 0.517451 0.910036 
0.517434 0.910035 0.517451 0.910036 
0.517434 0.910035 0.517451 0.910036 
0.517434 0.910035 0.517451 0.910036 
0.517434 0.916070 0.517451 0.916082 
0.517434 0.916070 0.517451 0.916082 
0.517434 0.916070 0.517451 0.916082 
0.517434 0.916070 0.517451 0.916082 
0.517434 0.916070 0.517451 0.916082 
0.517434 0.916070 0.517451 0.916082 
0.517434 0.916070 0.517451 0.916082 
0.517434 0.916070 0.517451 0.916082 
0.517434 0.916070 0.517451 0.916082 
0.517434 0.916070 0.517451 0.916082 
0.517434 0.916070 0.517451 0.916082 
0.517434 0.916070 0.517451 0.916082 
0.517434 0.916070 0.517451 0.916082 
0.517434 0.916070 0.517451 0.916082 
0.517434 0.916070 0.517451 0.916082 
0.517434 0.916070 0.517451 0.916082 
0.517434 0.916070 0.517451 0.916082 
0.517434 0.916070 0.517451 0.916082 
0.517434 0.916070 0.517451 0.916082 
0.517434 0.916070 0.517451 0.916082 
0.517434 0.916070 0.517451 0.916082 
0.517434 0.916070 0.517451 0.916082 
0.517434 0.916070 0.517451 0.916082 
0.517434 0.916070 0.517451 0.916082 
0.517434 0.916070 0.517451 0.916082 
0.517434 0.916070 0.517451 0.916082 
0.517434 0.899206 0.517451 0.899196 
0.517434 0.899206 0.517451 0.899196 
0.517434 0.899206 0.517451 0.899196 
0.517434 0.899206 0.517451 0.899196 
0.517434 0.899206 0.517451 0.899196 
0.506692 0.899206 0.506690 0.899196 
0.506692 0.899206 0.506690 0.899196 
0.506692 0.899206 0.506690 0.899196 
0.506692 0.899206 0.506690 0.899196 
0.506692 0.899206 0.506690 0.899196 
0.506692 0.899206 0.506690 0.899196 
0.506692 0.899206 0.506690 0.899196 
0.506692 0.881557 0.506690 0.881558 
0.506692 0.881557 0.506690 0.881558 
0.506692 0.881557 0.506690 0.881558 
0.506692 0.881557 0.506690 0.881558 
0.506692 0.881557 0.506690 0.881558 
0.506692 0.881557 0.506690 0.881558 
0.506692 0.881557 0.506690 0.881558 
0.506692 0.881557 0.506690 0.881558 
0.506692 0.881557 0.506690 0.881558 
0.506692 0.881557 0.506690 0.881558 
0.506692 0.881557 0.506690 0.881558 
0.506692 0.881557 0.506690 0.881558 
0.506692 0.881557 0.506690 0.881558 
0.506692 0.863075 0.506690 0.863075 
0.506692 0.863075 0.506690 0.863075 
0.506692 0.863075 0.506690 0.863075 
0.506692 0.863075 0.506690 0.863075 
0.494872 0.863075 0.494872 0.863075 
0.494872 0.863075 0.494872 0.863075 
0.494872 0.863075 0.494872 0.863075 
0.494872 0.863075 0.494872 0.863075 
0.494872 0.863075 0.494872 0.863075 
0.494872 0.867556 0.494872 0.867566 
0.494872 0.867556 0.494872 0.867566 
0.494872 0.867556 0.494872 0.867566 
0.494872 0.867556 0.494872 0.867566 
0.494872 0.867556 0.494872 0.867566 
0.494872 0.867556 0.494872 0.867566 
0.494872 0.867556 0.494872 0.867566 
0.494872 0.871546 0.494872 0.871554 
0.494872 0.871546 0.494872 0.871554 
0.494872 0.871546 0.494872 0.871554 
0.494872 0.871546 0.494872 0.871554 
0.494872 0.871546 0.494872 0.871554 
0.494872 0.871546 0.494872 0.871554 
0.494872 0.871546 0.494872 0.871554 
0.494872 0.871546 0.494872 0.871554 
0.481936 0.871546 0.481918 0.871554 
0.481936 0.871546 0.481918 0.871554 
0.481936 0.871546 0.481918 0.871554 
0.481936 0.871546 0.481918 0.871554 
0.481936 0.871546 0.481918 0.871554 
0.481936 0.871546 0.481918 0.871554 
0.481936 0.871546 0.481918 0.871554 
0.481936 0.871546 0.481918 0.871554 
0.481936 0.871546 0.481918 0.871554 
0.481936 0.871546 0.481918 0.871554 
0.481936 0.871546 0.481918 0.871554 
0.481936 0.871546 0.481918 0.871554 
0.481936 0.851409 0.481918 0.851404 
0.481936 0.851409 0.481918 0.851404 
0.481936 0.851409 0.481918 0.851404 
0.481936 0.851409 0.481918 0.851404 
0.481936 0.851409 0.481918 0.851404 
0.481936 0.851409 0.481918 0.851404 
0.481936 0.851409 0.481918 0.851404 
0.481936 0.851409 0.481918 0.851404 
0.481936 0.851409 0.481918 0.851404 
0.481936 0.851409 0.481918 0.851404 
0.481936 0.851409 0.481918 0.851404 
0.481936 0.851409 0.481918 0.851404 
0.481936 0.851409 0.481918 0.851404 
0.481936 0.851409 0.481918 0.851404 
0.481936 0.851409 0.481918 0.851404 
0.481936 0.851409 0.481918 0.851404 
0.481936 0.851409 0.481918 0.851404 
0.481936 0.851409 0.481918 0.851404 
0.481936 0.851409 0.481918 0.851404 
0.481936 0.851409 0.481918 0.851404 
0.481936 0.851409 0.481918 0.851404 
0.481936 0.854520 0.481918 0.854535 
0.481936 0.854520 0.481918 0.854535 
0.481936 0.854520 0.481918 0.854535 
0.481936 0.854520 0.481918 0.854535 
0.481936 0.857143 0.481918 0.857143 
0.481936 0.857143 0.481918 0.857143 
0.481936 0.857143 0.481918 0.857143 
0.481936 0.857143 0.481918 0.857143 
0.481936 0.859283 0.481918 0.859279 
0.481936 0.859283 0.481918 0.859279 
0.481936 0.859283 0.481918 0.859279 
0.481936 0.859283 0.481918 0.859279 
0.481936 0.859283 0.481918 0.859279 
0.481936 0.836904 0.481918 0.836908 
0.481936 0.836904 0.481918 0.836908 
0.481936 0.836904 0.481918 0.836908 
0.481936 0.836904 0.481918 0.836908 
0.481936 0.836904 0.481918 0.836908 
0.481936 0.836904 0.481918 0.836908 
0.481936 0.836904 0.481918 0.836908 
0.481936 0.813408 0.481918 0.813432 
0.481936 0.813408 0.481918 0.813432 
0.481936 0.813408 0.481918 0.813432 
0.481936 0.813408 0.481918 0.813432 
0.481936 0.813408 0.481918 0.813432 
0.481936 0.813408 0.481918 0.813432 
0.481936 0.813408 0.481918 0.813432 
0.481936 0.813408 0.481918 0.813432 
0.481936 0.813408 0.481918 0.813432 
0.481936 0.813408 0.481918 0.813432 
0.481936 0.813408 0.481918 0.813432 
0.481936 0.813408 0.481918 0.813432 
0.481936 0.813408 0.481918 0.813432 
0.481936 0.813408 0.481918 0.813432 
0.467750 0.813408 0.467734 0.813432 
0.467750 0.788696 0.467734 0.788702 
0.467750 0.788696 0.467734 0.788702 
0.467750 0.788696 0.467734 0.788702 
0.467750 0.788696 0.467734 0.788702 
0.404554 0.788696 0.404566 0.788702 
0.404554 0.788696 0.404566 0.788702 
0.404554 0.788696 0.404566 0.788702 
0.404554 0.788696 0.404566 0.788702 
0.404554 0.788696 0.404566 0.788702 
0.385483 0.788696 0.385450 0.788702 
0.385483 0.788696 0.385450 0.788702 
0.385483 0.788696 0.385450 0.788702 
0.385483 0.788696 0.385450 0.788702 
0.385483 0.788696 0.385450 0.788702 
0.385483 0.788696 0.385450 0.788702 
0.385483 0.788696 0.385450 0.788702 
0.385483 0.788696 0.385450 0.788702 
0.385483 0.788696 0.385450 0.788702 
0.385483 0.788954 0.385450 0.788954 
0.385483 0.788954 0.385450 0.788954 
0.385483 0.788954 0.385450 0.788954 
0.385483 0.788954 0.385450 0.788954 
0.385483 0.788954 0.385450 0.788954 
0.385483 0.788954 0.385450 0.788954 
0.385483 0.788954 0.385450 0.788954 
0.385483 0.788954 0.385450 0.788954 
0.385483 0.788954 0.385450 0.788954 
0.385483 0.788954 0.385450 0.788954 
0.385483 0.788954 0.385450 0.788954 
0.303046 0.788954 0.303046 0.788954 
0.303046 0.788954 0.303046 0.788954 
0.303046 0.788954 0.303046 0.788954 
0.303046 0.788954 0.303046 0.788954 
0.303046 0.788954 0.303046 0.788954 
0.303046 0.788954 0.303046 0.788954 
0.303046 0.788954 0.303046 0.788954 
0.303046 0.788954 0.303046 0.788954 
0.303046 0.788954 0.303046 0.788954 
0.303046 0.788954 0.303046 0.788954 
0.303046 0.788954 0.303046 0.788954 
0.303046 0.788954 0.303046 0.788954 
0.274036 0.788954 0.274048 0.788954 
0.274036 0.788954 0.274048 0.788954 
0.274036 0.788954 0.274048 0.788954 
0.274036 0.788954 0.274048 0.788954 
0.274036 0.788954 0.274048 0.788954 
0.274036 0.788954 0.274048 0.788954 
0.274036 0.762381 0.274048 0.762361 
0.274036 0.762381 0.274048 0.762361 
0.274036 0.762381 0.274048 0.762361 
0.274036 0.762381 0.274048 0.762361 
0.274036 0.762381 0.274048 0.762361 
0.274036 0.762381 0.274048 0.762361 
0.274036 0.762381 0.274048 0.762361 
0.274036 0.761577 0.274048 0.761550 
0.274036 0.761577 0.274048 0.761550 
0.274036 0.761577 0.274048 0.761550 
0.274036 0.761577 0.274048 0.761550 
0.274036 0.761577 0.274048 0.761550 
0.274036 0.761577 0.274048 0.761550 
0.274036 0.761577 0.274048 0.761550 
0.274036 0.761577 0.274048 0.761550 
0.274036 0.761577 0.274048 0.761550 
0.274036 0.761577 0.274048 0.761550 
0.274036 0.674915 0.274048 0.674920 
0.274036 0.674915 0.274048 0.674920 
0.274036 0.672795 0.274048 0.672790 
0.274036 0.670059 0.274048 0.670059 
0.274036 0.670059 0.274048 0.670059 
0.274036 0.670059 0.274048 0.670059 
0.274036 0.670059 0.274048 0.670059 
0.274036 0.670059 0.274048 0.670059 
0.274036 0.670059 0.274048 0.670059 
0.274036 0.666701 0.274048 0.666690 
0.274036 0.666701 0.274048 0.666690 
0.274036 0.666701 0.274048 0.666690 
0.274036 0.666701 0.274048 0.666690 
0.274036 0.666701 0.274048 0.666690 
0.274036 0.666701 0.274048 0.666690 
0.274036 0.666701 0.274048 0.666690 
0.274036 0.666701 0.274048 0.666690 
0.274036 0.666701 0.274048 0.666690 
0.274036 0.666701 0.274048 0.666690 
0.274036 0.666701 0.274048 0.666690 
0.274036 0.666701 0.274048 0.666690 
0.274036 0.666701 0.274048 0.666690 
0.274036 0.666701 0.274048 0.666690 
0.274036 0.597956 0.274048 0.597981 
0.274036 0.592814 0.274048 0.592826 
0.274036 0.592814 0.274048 0.592826 
0.274036 0.592814 0.274048 0.592826 
0.274036 0.592814 0.274048 0.592826 
0.274036 0.592814 0.274048 0.592826 
0.274036 0.592814 0.274048 0.592826 
0.274036 0.592814 0.274048 0.592826 
0.274036 0.592814 0.274048 0.592826 
0.274036 0.592814 0.274048 0.592826 
0.274036 0.592814 0.274048 0.592826 
0.274036 0.592814 0.274048 0.592826 
0.274036 0.592814 0.274048 0.592826 
0.274036 0.592814 0.274048 0.592826 
0.274036 0.592814 0.274048 0.592826 
0.274036 0.592814 0.274048 0.592826 
0.274036 0.592814 0.274048 0.592826 
0.274036 0.592814 0.274048 0.592826 
0.274036 0.592814 0.274048 0.592826 
0.274036 0.592814 0.274048 0.592826 
0.274036 0.592814 0.274048 0.592826 
0.274036 0.592814 0.274048 0.592826 
0.274036 0.592814 0.274048 0.592826 
0.274036 0.592814 0.274048 0.592826 
0.274036 0.592814 0.274048 0.592826 
0.274036 0.592814 0.274048 0.592826 
0.274036 0.592814 0.274048 0.592826 
0.274036 0.586933 0.274048 0.586914 
0.274036 0.586933 0.274048 0.586914 
0.274036 0.586933 0.274048 0.586914 
0.274036 0.586933 0.274048 0.586914 
0.274036 0.586933 0.274048 0.586914 
0.274036 0.586933 0.274048 0.586914 
0.274036 0.580288 0.274048 0.580288 
0.274036 0.580288 0.274048 0.580288 
0.274036 0.580288 0.274048 0.580288 
0.274036 0.580288 0.274048 0.580288 
0.274036 0.580288 0.274048 0.580288 
0.274036 0.580288 0.274048 0.580288 
0.274036 0.580288 0.274048 0.580288 
0.274036 0.580288 0.274048 0.580288 
0.274036 0.580288 0.274048 0.580288 
0.274036 0.580288 0.274048 0.580288 
0.274036 0.580288 0.274048 0.580288 
0.274036 0.580288 0.274048 0.580288 
0.274036 0.580288 0.274048 0.580288 
0.274036 0.580288 0.274048 0.580288 
0.274036 0.580288 0.274048 0.580288 
0.274036 0.580288 0.274048 0.580288 
0.274036 0.580288 0.274048 0.580288 
0.274036 0.580288 0.274048 0.580288 
0.274036 0.580288 0.274048 0.580288 
0.274036 0.572855 0.274048 0.572857 
0.274036 0.527218 0.274048 0.527240 
0.274036 0.527218 0.274048 0.527240 
0.274036 0.527218 0.274048 0.527240 
0.274036 0.527218 0.274048 0.527240 
0.274036 0.527218 0.274048 0.527240 
0.239828 0.527218 0.239898 0.527240 
0.239828 0.527218 0.239898 0.527240 
0.198045 0.527218 0.197949 0.527240 
0.198045 0.476381 0.197949 0.476362 
0.198045 0.476381 0.197949 0.476362 
0.198045 0.476381 0.197949 0.476362 
0.198045 0.476381 0.197949 0.476362 
0.198045 0.476381 0.197949 0.476362 
0.198045 0.476381 0.197949 0.476362 
0.198045 0.476381 0.197949 0.476362 
0.198045 0.476381 0.197949 0.476362 
0.198045 0.476381 0.197949 0.476362 
0.198045 0.464670 0.197949 0.464672 
0.198045 0.464670 0.197949 0.464672 
0.198045 0.464670 0.197949 0.464672 
0.198045 0.464670 0.197949 0.464672 
