319.218170
319.970154
320.630707
320.018982
321.425476
320.983612
318.346222
316.931763
316.331329
314.379669
316.266754
316.084442
313.905579
311.086487
311.130402
309.160034
309.486328
309.648010
307.683777
302.097107
299.701813
298.560089
297.692627
299.933960
297.032990
297.677734
294.964355
293.210846
288.513428
284.123108
282.829498
283.648651
279.395996
277.064026
275.143433
272.206543
272.848022
273.449738
269.779205
270.253662
264.523071
260.715393
260.465942
258.333252
256.105774
255.155701
254.673309
252.745422
249.364380
250.718140
250.718140
246.433212
245.914429
244.394592
241.129196
241.917648
240.514755
241.053772
240.206482
238.222321
233.623169
232.092773
229.425537
229.137848
227.094757
223.498322
220.178589
218.725128
210.631744
209.466003
208.928864
204.320831
198.521271
195.464325
192.119370
193.020157
192.395996
188.190659
187.939346
186.827515
182.861008
180.339706
177.459503
177.459503
177.535095
172.325638
171.734772
168.567764
167.227982
166.709198
163.689514
158.966553
156.209732
155.698898
150.602509
151.429199
151.429199
146.584625
146.584625
145.566040
144.872894
143.640747
143.640747
143.640747
139.972733
139.972733
139.972733
136.965973
136.965973
135.137833
133.479614
134.018616
132.670059
132.670059
132.670059
128.357025
128.357025
128.357025
128.357025
123.638527
123.638527
122.422127
117.460281
115.313705
115.313705
115.313705
115.313705
112.711014
112.711014
112.711014
111.953323
111.953323
110.369209
110.369209
110.369209
110.369209
110.369209
110.369209
110.369209
110.369209
109.676064
109.350639
107.527634
107.527634
102.559669
102.559669
102.559669
102.559669
102.559669
100.774872
100.774872
97.710136
97.710136
97.710136
97.710136
97.710136
97.710136
97.710136
97.710136
97.710136
97.710136
97.710136
95.813019
92.922653
92.922653
90.032280
90.032280
90.032280
86.384224
86.384224
86.384224
86.384224
86.384224
86.384224
86.384224
86.384224
86.384224
86.384224
86.384224
82.432983
82.432983
82.432983
82.432983
82.432983
82.432983
82.432983
82.432983
82.432983
82.432983
80.061409
80.061409
80.061409
80.061409
80.061409
80.061409
80.061409
80.061409
80.061409
80.061409
80.061409
80.061409
80.061409
80.061409
80.061409
80.061409
80.061409
80.061409
80.061409
80.061409
80.061409
80.061409
80.061409
80.061409
80.061409
80.061409
80.061409
80.061409
80.061409
80.061409
80.061409
80.061409
80.061409
80.061409
80.061409
80.061409
80.061409
80.061409
80.061409
80.061409
80.061409
77.440369
77.440369
73.792313
73.792313
73.792313
73.792313
73.792313
73.792313
73.792313
73.792313
73.792313
73.792313
73.792313
73.792313
73.792313
73.792313
73.792313
73.792313
73.792313
73.792313
73.792313
73.792313
73.792313
73.792313
73.792313
73.792313
73.792313
73.792313
73.792313
73.792313
73.792313
73.792313
70.413589
70.413589
70.413589
70.413589
70.413589
70.413589
70.413589
70.413589
70.413589
70.413589
70.413589
70.413589
70.413589
70.413589
70.413589
70.413589
70.413589
70.413589
70.413589
70.413589
70.413589
70.413589
70.413589
70.413589
70.413589
70.413589
70.413589
70.413589
70.413589
70.413589
70.413589
70.413589
70.413589
70.413589
70.413589
70.413589
70.413589
70.413589
