3.000000 1.368028 
2.500000 0.273606 
2.500000 0.273606 
0.500000 0.273606 
3.000000 0.820817 
1.500000 0.273606 
3.000000 0.820817 
0.500000 0.684014 
1.000000 0.684014 
3.500000 0.273606 
1.000000 0.410408 
1.000000 0.410408 
0.500000 0.410408 
1.500000 0.273606 
0.500000 0.136803 
2.000000 0.820817 
2.000000 0.273606 
1.000000 0.273606 
2.000000 0.410408 
1.000000 0.820817 
1.500000 0.000000 
1.000000 0.547211 
1.500000 0.136803 
1.500000 0.273606 
2.000000 0.684014 
2.000000 0.273606 
0.500000 0.684014 
0.000000 0.273606 
2.500000 0.273606 
1.500000 0.820817 
0.500000 0.684014 
1.500000 0.000000 
1.000000 0.547211 
1.000000 0.136803 
0.500000 0.273606 
1.500000 0.136803 
0.500000 0.547211 
1.500000 0.000000 
1.000000 0.547211 
1.000000 0.000000 
1.500000 0.547211 
0.500000 0.820817 
0.000000 0.273606 
1.000000 0.136803 
1.000000 0.273606 
0.500000 0.136803 
1.000000 0.410408 
1.000000 0.000000 
1.000000 0.273606 
2.000000 0.000000 
0.000000 0.000000 
0.500000 0.273606 
0.500000 0.410408 
1.500000 0.136803 
0.500000 0.684014 
0.000000 0.136803 
0.500000 0.684014 
0.500000 0.273606 
0.500000 0.000000 
0.500000 0.136803 
1.500000 0.136803 
0.500000 0.136803 
1.000000 0.136803 
0.000000 0.136803 
0.000000 0.273606 
1.000000 0.136803 
0.500000 0.273606 
1.500000 0.136803 
2.000000 0.684014 
0.000000 0.136803 
0.500000 0.136803 
1.000000 0.273606 
1.000000 0.273606 
0.500000 0.273606 
0.500000 0.136803 
0.000000 0.136803 
0.000000 0.136803 
1.000000 0.273606 
0.000000 0.136803 
0.500000 0.273606 
0.500000 0.136803 
0.000000 0.273606 
0.500000 0.136803 
0.000000 0.000000 
1.000000 0.136803 
0.500000 0.410408 
1.000000 0.000000 
0.500000 0.410408 
0.500000 0.000000 
0.000000 0.136803 
0.500000 0.273606 
1.000000 0.000000 
0.500000 0.136803 
0.000000 0.136803 
0.500000 0.410408 
0.000000 0.136803 
0.000000 0.000000 
0.500000 0.136803 
0.000000 0.000000 
0.500000 0.000000 
0.000000 0.136803 
0.500000 0.136803 
0.000000 0.000000 
0.000000 0.000000 
0.500000 0.136803 
0.000000 0.000000 
0.000000 0.000000 
1.500000 0.000000 
0.000000 0.000000 
0.500000 0.000000 
0.000000 0.136803 
0.500000 0.000000 
0.000000 0.136803 
0.000000 0.000000 
0.000000 0.000000 
0.000000 0.273606 
0.000000 0.000000 
0.000000 0.000000 
0.000000 0.136803 
0.000000 0.273606 
0.000000 0.000000 
0.000000 0.136803 
0.000000 0.273606 
0.500000 0.000000 
0.000000 0.000000 
0.000000 0.000000 
0.000000 0.000000 
0.500000 0.000000 
0.000000 0.000000 
0.000000 0.000000 
0.000000 0.136803 
0.000000 0.000000 
0.000000 0.136803 
0.000000 0.000000 
0.000000 0.000000 
0.000000 0.000000 
0.000000 0.000000 
0.000000 0.000000 
0.000000 0.000000 
0.000000 0.000000 
0.500000 0.000000 
0.500000 0.000000 
0.500000 0.000000 
0.000000 0.000000 
0.500000 0.136803 
0.000000 0.000000 
0.000000 0.000000 
0.000000 0.000000 
0.000000 0.000000 
0.000000 0.136803 
0.000000 0.000000 
0.500000 0.136803 
0.000000 0.000000 
0.000000 0.000000 
0.000000 0.000000 
0.000000 0.000000 
0.000000 0.000000 
0.000000 0.000000 
0.000000 0.000000 
0.000000 0.000000 
0.000000 0.000000 
0.000000 0.000000 
0.000000 0.136803 
0.500000 0.000000 
0.000000 0.000000 
0.500000 0.000000 
0.000000 0.000000 
0.000000 0.000000 
0.500000 0.000000 
0.000000 0.000000 
0.000000 0.000000 
0.000000 0.000000 
0.000000 0.000000 
0.000000 0.000000 
0.000000 0.000000 
0.000000 0.000000 
0.000000 0.000000 
0.000000 0.000000 
0.000000 0.000000 
0.500000 0.000000 
0.000000 0.000000 
0.000000 0.000000 
0.000000 0.000000 
0.000000 0.000000 
0.000000 0.000000 
0.000000 0.000000 
0.000000 0.000000 
0.000000 0.000000 
0.000000 0.000000 
0.000000 0.136803 
0.000000 0.000000 
0.000000 0.000000 
0.000000 0.000000 
0.000000 0.000000 
0.000000 0.000000 
0.000000 0.000000 
0.000000 0.000000 
0.000000 0.000000 
0.000000 0.000000 
0.000000 0.000000 
0.500000 0.000000 
0.000000 0.000000 
0.000000 0.000000 
0.000000 0.000000 
0.000000 0.000000 
0.000000 0.000000 
0.000000 0.000000 
0.000000 0.000000 
0.000000 0.000000 
0.000000 0.000000 
0.000000 0.000000 
0.000000 0.000000 
0.000000 0.000000 
0.000000 0.000000 
0.000000 0.000000 
0.000000 0.000000 
0.000000 0.000000 
0.000000 0.000000 
0.000000 0.000000 
0.000000 0.000000 
0.000000 0.000000 
0.000000 0.000000 
0.000000 0.000000 
0.000000 0.000000 
0.000000 0.000000 
0.000000 0.000000 
0.000000 0.000000 
0.000000 0.000000 
0.000000 0.000000 
0.000000 0.000000 
0.000000 0.136803 
0.000000 0.000000 
0.000000 0.136803 
0.000000 0.000000 
0.000000 0.000000 
0.000000 0.000000 
0.000000 0.000000 
0.000000 0.000000 
0.000000 0.000000 
0.000000 0.000000 
0.000000 0.000000 
0.000000 0.000000 
0.000000 0.000000 
0.000000 0.000000 
0.000000 0.000000 
0.000000 0.000000 
0.000000 0.000000 
0.000000 0.000000 
0.000000 0.000000 
0.000000 0.000000 
0.000000 0.000000 
0.000000 0.000000 
0.000000 0.000000 
0.000000 0.000000 
0.000000 0.000000 
0.000000 0.000000 
0.000000 0.000000 
0.000000 0.000000 
0.000000 0.000000 
0.000000 0.000000 
0.000000 0.000000 
0.000000 0.000000 
0.000000 0.136803 
0.000000 0.000000 
0.000000 0.000000 
0.000000 0.000000 
0.000000 0.000000 
0.000000 0.000000 
0.000000 0.000000 
0.000000 0.000000 
0.000000 0.000000 
0.000000 0.000000 
0.000000 0.000000 
0.000000 0.000000 
0.000000 0.000000 
0.000000 0.000000 
0.000000 0.000000 
0.000000 0.000000 
0.000000 0.000000 
0.000000 0.000000 
0.000000 0.000000 
0.000000 0.000000 
0.000000 0.000000 
0.000000 0.000000 
0.000000 0.000000 
0.000000 0.000000 
0.000000 0.000000 
0.000000 0.000000 
0.000000 0.000000 
0.000000 0.000000 
0.000000 0.000000 
0.000000 0.000000 
0.000000 0.000000 
0.000000 0.000000 
0.000000 0.000000 
0.000000 0.000000 
0.000000 0.000000 
0.000000 0.000000 
0.000000 0.000000 
0.000000 0.000000 
