1362.016235
1362.016235
1362.016235
1361.771240
1361.771240
1361.771240
1361.415527
1361.415527
1361.415527
1361.415527
1361.415527
1361.415527
1361.415527
1361.415527
1360.948242
1360.948242
1360.948242
1360.948242
1360.901733
1361.246948
1361.246948
1361.406006
1361.406006
1361.406006
1361.406006
1361.406006
1361.406006
1361.406006
1361.406006
1361.406006
1361.406006
1361.406006
1361.406006
1361.406006
1361.406006
1361.406006
1361.406006
1360.096313
1362.960205
1362.960205
1362.960205
1362.960205
1362.960205
1362.960205
1362.960205
1362.960205
1362.960205
1362.960205
1362.130859
1362.130859
1362.130859
1362.130859
1362.130859
1362.130859
1362.130859
1362.130859
1362.130859
1362.130859
1362.130859
1362.130859
1362.130859
1362.130859
1364.923584
1364.923584
1364.923584
1363.975098
1363.975098
1366.911621
1365.841187
1364.645630
1367.849243
1367.849243
1366.524536
1366.524536
1366.524536
1365.066162
1365.066162
1365.066162
1367.993408
1367.993408
1368.224976
1368.224976
1371.067993
1371.067993
1371.067993
1371.067993
1369.503662
1369.503662
1367.793945
1370.728027
1370.728027
1370.728027
1370.728027
1370.728027
1370.728027
1370.728027
1370.728027
1370.728027
1370.728027
1370.728027
1370.728027
1370.728027
1370.728027
1370.728027
1370.728027
1370.728027
1370.728027
1370.728027
1370.728027
1370.728027
1368.865112
1368.865112
1368.865112
1368.865112
1368.865112
1368.865112
1368.865112
1368.865112
1368.865112
1368.865112
1371.702393
1371.702393
1371.702393
1371.702393
1371.702393
1371.702393
1371.702393
1371.702393
1371.844238
1371.844238
1371.844238
1369.851807
1369.851807
1369.851807
1369.851807
1369.851807
1373.137817
1373.137817
1372.920532
1370.820068
1370.820068
1370.820068
1370.820068
1370.820068
1374.057495
1373.665283
1373.665283
1373.052490
1376.384766
1374.160767
1374.160767
1374.160767
1374.160767
1374.160767
1374.160767
1377.003784
1377.003784
1377.003784
1377.003784
1377.003784
1377.003784
1377.003784
1377.003784
1376.185547
1376.185547
1376.185547
1376.185547
1376.185547
1376.185547
1375.103271
1377.985840
1377.985840
1377.985840
1377.985840
1377.985840
1377.985840
1377.985840
1377.985840
1377.985840
1377.985840
1377.985840
1377.985840
1377.985840
1377.985840
1377.985840
1377.985840
1377.985840
1377.985840
1377.985840
1377.985840
1377.985840
1377.985840
1377.985840
1377.985840
1377.985840
1377.985840
1377.985840
1377.985840
1377.985840
1377.985840
1377.985840
1376.601318
1376.601318
1376.601318
1376.601318
1376.601318
1376.601318
1376.601318
1376.601318
1376.601318
1376.601318
1376.601318
1376.601318
1376.601318
1376.601318
1379.386963
1377.051880
1377.051880
1377.051880
1377.051880
1377.051880
1379.825928
1379.825928
1379.825928
1379.825928
1379.825928
1379.825928
1379.825928
1379.825928
1379.825928
1379.825928
1379.825928
1379.825928
1379.825928
1379.825928
1379.825928
1379.825928
1379.825928
1379.825928
1379.825928
1379.825928
1379.825928
1379.825928
1379.825928
1379.825928
1379.825928
1377.253906
1377.253906
1377.253906
1377.253906
1377.253906
1377.253906
1377.253906
1377.253906
1377.253906
1377.253906
1377.253906
1377.253906
1377.253906
1375.569824
1375.569824
1375.569824
1378.394775
1378.394775
1378.394775
1378.394775
1378.394775
1378.394775
1378.394775
1378.394775
1378.394775
1378.394775
1378.394775
1378.394775
1378.394775
1378.394775
1378.394775
1378.394775
1378.394775
1378.394775
1378.394775
1378.394775
1378.394775
1378.394775
1378.394775
1378.394775
1378.394775
1378.394775
1378.394775
1378.394775
1378.394775
1378.394775
1378.394775
1378.394775
1378.394775
1378.394775
1378.394775
1378.394775
1378.394775
1378.394775
1378.394775
1378.394775
1378.394775
1378.394775
1378.394775
1378.394775
1378.394775
1378.394775
1378.394775
1378.394775
1378.394775
1378.394775
1378.394775
1378.394775
1378.394775
1378.394775
1378.394775
1378.394775
1378.394775
1378.394775
1378.394775
1378.394775
1378.394775
1378.394775
1378.394775
1378.394775
1378.394775
1378.394775
1378.394775
1378.394775
1378.394775
1378.394775
1378.394775
1378.394775
1378.394775
1378.394775
1378.394775
1378.394775
1378.394775
1378.394775
1378.394775
1378.394775
1378.394775
1378.394775
1378.394775
1378.394775
1378.394775
1378.394775
1378.394775
1378.394775
1378.394775
1378.394775
1378.394775
1378.394775
1378.394775
1378.394775
1378.394775
1378.394775
1378.394775
1378.394775
1378.394775
1378.394775
1378.394775
1378.394775
1378.394775
1378.394775
1378.394775
1378.394775
1378.394775
1378.394775
1378.394775
1378.394775
1378.394775
1378.394775
1378.394775
1378.394775
1378.394775
1378.394775
1378.394775
1378.394775
1378.394775
1378.394775
1378.394775
1378.394775
1378.394775
1378.394775
1378.394775
1378.394775
1378.394775
1378.394775
1378.394775
1378.394775
1378.394775
1378.394775
1378.394775
1378.394775
1378.394775
1378.394775
1378.394775
1378.394775
1378.394775
1378.394775
1378.394775
1378.394775
1378.394775
1378.394775
1378.394775
1378.394775
1378.394775
1378.394775
1378.394775
1378.394775
1378.394775
1378.394775
1378.394775
1378.394775
1378.394775
1378.394775
1378.394775
1378.394775
1378.394775
1378.394775
1378.394775
1378.394775
1378.394775
1378.394775
1378.394775
1378.394775
1376.230103
1376.230103
1376.230103
1376.230103
1376.230103
1376.230103
1376.230103
1373.446045
1373.446045
1373.446045
1373.446045
1373.446045
1373.446045
1373.446045
1370.320679
1370.320679
1370.320679
1370.320679
1370.320679
1370.320679
1370.320679
1370.320679
1370.320679
1370.320679
1370.320679
1370.320679
1370.320679
1370.320679
1370.320679
1370.320679
1370.320679
1370.320679
1370.320679
1370.320679
1370.320679
1370.320679
1370.320679
1370.320679
1373.147583
1373.147583
1373.147583
1373.147583
1373.147583
1373.147583
1373.147583
1373.147583
1373.147583
1373.147583
1373.147583
1373.147583
1373.147583
1373.147583
1373.147583
1373.147583
1373.147583
1373.147583
1373.147583
1373.147583
1373.147583
1373.147583
1373.147583
1373.147583
1373.147583
1373.147583
1373.147583
1373.147583
1373.147583
1373.147583
1373.147583
1373.147583
1373.147583
1369.563232
1369.563232
1369.563232
1369.563232
1369.563232
1369.563232
1369.563232
1369.563232
1369.563232
1369.563232
1369.563232
1369.563232
1369.563232
1369.563232
1369.563232
1369.563232
1369.563232
1369.563232
1369.563232
1372.383179
1372.383179
1372.383179
1372.383179
1372.383179
1372.383179
1372.383179
1372.383179
1372.383179
1372.383179
1372.383179
1372.383179
1372.383179
1372.383179
1372.383179
1372.383179
1372.383179
1372.383179
1372.383179
1372.383179
1372.383179
1372.383179
1372.383179
1372.383179
1372.383179
1372.383179
1372.383179
1372.383179
1372.383179
1372.383179
1372.383179
1372.383179
1372.383179
1372.383179
1372.383179
1372.383179
1372.383179
1372.383179
1372.383179
1372.383179
1372.383179
1372.383179
1372.383179
1372.383179
1372.383179
1372.383179
1372.383179
1372.383179
1372.383179
1372.383179
1372.383179
1372.383179
1372.383179
1372.383179
1372.383179
1372.383179
1372.383179
1372.383179
1372.383179
1372.383179
1372.383179
1372.383179
1372.383179
1372.383179
1372.383179
1372.383179
1372.383179
1372.383179
1372.383179
1372.383179
1372.383179
1372.383179
1372.383179
1372.383179
1372.383179
1372.383179
1372.383179
1372.383179
1372.383179
1372.383179
1372.383179
1372.383179
1372.383179
1372.383179
1372.383179
1372.383179
1372.383179
1372.383179
1372.383179
1372.383179
1372.383179
1372.383179
1372.383179
1372.383179
1372.383179
1372.383179
1372.383179
1372.383179
1372.383179
1372.383179
1372.383179
1372.383179
1372.383179
1372.383179
1372.383179
1372.383179
1372.383179
1372.383179
1372.383179
1372.383179
1372.383179
1372.383179
1372.383179
1372.383179
1372.383179
1372.383179
1372.383179
1372.383179
1372.383179
1372.383179
1372.383179
1372.383179
1372.383179
1372.383179
1372.383179
1372.383179
1372.383179
1372.383179
1372.383179
1372.383179
1372.383179
1372.383179
1372.383179
1372.383179
1372.383179
1372.383179
1372.383179
1372.383179
1372.383179
1372.383179
1372.383179
1372.383179
1372.383179
1372.383179
1372.383179
1372.383179
1372.383179
1372.383179
1372.383179
1372.383179
1372.383179
1372.383179
1372.383179
1372.383179
1372.383179
1368.052368
1368.052368
1368.052368
1365.252197
1365.252197
1365.252197
1365.252197
1365.252197
1365.252197
1365.252197
1365.252197
1365.252197
1365.252197
1365.252197
1365.252197
1365.252197
1365.252197
1365.252197
1365.252197
1365.252197
1365.252197
1365.252197
1365.252197
1365.252197
1365.252197
1365.252197
1365.252197
1365.252197
1365.252197
1365.252197
1365.252197
1365.252197
1365.252197
1365.252197
1368.053467
1368.053467
1368.053467
1368.053467
1368.053467
1368.053467
1368.053467
1368.053467
1368.053467
1368.053467
1368.053467
1368.053467
1368.053467
1368.053467
1368.053467
1368.053467
1368.053467
1368.053467
1368.053467
1368.053467
1368.053467
1368.053467
1368.053467
1368.053467
1368.053467
1368.053467
1368.053467
1368.053467
1368.053467
1368.053467
1368.053467
1368.053467
1368.053467
1368.053467
1368.053467
1368.053467
1368.053467
1368.053467
1368.053467
1368.053467
1368.053467
1368.053467
1368.053467
1368.053467
1368.053467
1368.053467
1368.053467
1368.053467
1368.053467
1368.053467
1368.053467
1368.053467
1368.053467
1368.053467
1368.053467
1368.053467
1368.053467
1368.053467
1368.053467
1368.053467
1368.053467
1368.053467
1368.053467
1368.053467
1368.053467
1368.053467
1368.053467
1368.053467
1368.053467
1368.053467
1368.053467
1368.053467
1368.053467
1368.053467
1368.053467
1368.053467
1368.053467
1368.053467
1368.053467
1368.053467
1368.053467
1368.053467
1368.053467
1368.053467
1368.053467
1368.053467
1368.053467
1368.053467
1368.053467
1368.053467
1368.053467
1368.053467
1368.053467
1368.053467
1368.053467
1368.053467
1368.053467
1368.053467
1368.053467
1368.053467
1368.053467
1368.053467
1368.053467
1368.053467
1368.053467
1368.053467
1368.053467
1368.053467
1368.053467
1368.053467
1368.053467
1368.053467
1368.053467
1368.053467
1368.053467
1368.053467
1368.053467
1368.053467
1368.053467
1368.053467
1368.053467
1368.053467
1368.053467
1368.053467
1368.053467
1368.053467
1368.053467
1368.053467
1368.053467
1368.053467
1368.053467
1368.053467
1368.053467
1368.053467
1368.053467
1368.053467
1368.053467
1368.053467
1368.053467
1368.053467
1368.053467
1368.053467
1368.053467
1368.053467
1368.053467
1368.053467
1368.053467
1368.053467
1368.053467
1368.053467
1368.053467
1368.053467
1368.053467
1368.053467
1368.053467
1368.053467
1368.053467
1368.053467
1368.053467
1368.053467
1368.053467
1368.053467
1368.053467
1368.053467
1368.053467
1368.053467
1368.053467
1368.053467
1368.053467
1368.053467
1368.053467
1368.053467
1368.053467
1368.053467
1368.053467
1368.053467
1368.053467
1368.053467
1368.053467
1368.053467
1368.053467
1368.053467
1368.053467
1368.053467
1368.053467
1368.053467
1368.053467
1368.053467
1368.053467
1368.053467
1368.053467
1368.053467
1368.053467
1368.053467
1368.053467
1368.053467
1368.053467
1368.053467
1368.053467
1368.053467
1368.053467
1368.053467
1368.053467
1368.053467
1368.053467
1368.053467
1368.053467
1368.053467
1368.053467
1368.053467
1368.053467
1368.053467
1368.053467
1368.053467
1368.053467
1368.053467
1368.053467
1368.053467
1368.053467
1368.053467
1368.053467
1368.053467
1368.053467
1368.053467
1368.053467
1368.053467
1368.053467
1368.053467
1368.053467
1368.053467
1368.053467
1368.053467
1368.053467
1368.053467
1368.053467
1368.053467
1368.053467
1368.053467
1368.053467
1368.053467
1368.053467
1368.053467
1368.053467
1368.053467
1368.053467
1368.053467
1368.053467
1368.053467
1368.053467
1368.053467
1368.053467
1368.053467
1368.053467
1368.053467
1368.053467
1368.053467
1368.053467
1368.053467
1368.053467
1368.053467
1368.053467
1368.053467
1368.053467
1368.053467
1368.053467
1368.053467
1368.053467
1368.053467
1368.053467
1368.053467
1368.053467
1368.053467
1368.053467
1368.053467
1368.053467
1368.053467
1368.053467
1368.053467
1368.053467
1368.053467
1368.053467
1368.053467
1368.053467
1368.053467
1368.053467
1368.053467
1368.053467
1368.053467
1368.053467
1368.053467
1368.053467
1368.053467
1368.053467
1368.053467
