169.492401
169.492401
169.492401
169.492401
169.103973
168.029724
168.029724
167.444916
167.444916
167.444916
167.444916
167.444916
167.444916
166.743469
166.743469
166.743469
166.743469
165.923157
165.923157
165.923157
165.923157
165.923157
165.923157
165.923157
165.923157
165.239380
165.239380
165.239380
165.239380
165.239380
165.239380
165.239380
164.329468
164.329468
164.329468
164.329468
164.329468
164.329468
164.329468
164.329468
164.329468
164.329468
164.329468
163.294937
163.294937
163.294937
163.294937
162.455475
162.455475
161.324554
161.324554
161.324554
161.324554
161.324554
161.324554
161.324554
161.324554
161.324554
161.324554
161.324554
161.324554
161.324554
161.324554
161.324554
160.060852
160.060852
160.060852
160.060852
160.060852
160.060852
160.060852
160.060852
160.060852
160.060852
160.060852
160.060852
160.060852
160.060852
160.060852
160.060852
160.060852
160.060852
160.060852
160.060852
160.060852
160.060852
160.060852
160.060852
160.060852
160.060852
160.060852
160.060852
160.060852
160.060852
160.060852
160.060852
160.060852
160.060852
160.060852
160.060852
160.060852
158.659058
157.112732
157.112732
157.112732
157.112732
157.112732
157.112732
157.112732
157.112732
155.414063
155.414063
155.414063
155.414063
155.414063
155.414063
155.414063
155.414063
155.414063
155.414063
155.414063
155.414063
155.414063
155.414063
155.414063
155.414063
155.414063
155.414063
155.414063
155.414063
155.414063
155.414063
155.414063
155.414063
155.414063
155.414063
155.414063
153.553436
153.553436
151.518860
151.518860
151.518860
151.518860
151.518860
151.518860
151.518860
151.518860
151.518860
151.518860
151.518860
151.518860
151.518860
151.518860
151.518860
151.518860
151.518860
151.518860
151.518860
151.518860
151.518860
151.518860
151.518860
151.518860
151.518860
149.294922
149.294922
149.294922
149.294922
149.294922
149.294922
149.294922
149.294922
149.294922
149.294922
149.294922
149.294922
149.294922
149.294922
149.294922
149.294922
149.294922
149.294922
149.294922
149.294922
149.294922
149.294922
149.294922
149.294922
149.294922
149.294922
149.294922
146.861313
146.861313
146.861313
146.861313
146.861313
146.861313
146.861313
146.861313
146.861313
146.861313
146.861313
146.861313
146.861313
146.861313
146.861313
146.861313
146.861313
146.861313
146.861313
146.861313
146.861313
146.861313
146.861313
146.861313
146.861313
146.861313
146.861313
146.861313
146.861313
146.861313
146.861313
146.861313
146.861313
146.861313
146.861313
146.076050
146.076050
146.076050
146.076050
146.076050
146.076050
146.076050
146.076050
146.076050
146.076050
146.076050
146.076050
146.076050
146.076050
146.076050
146.076050
143.438141
142.421753
142.421753
142.421753
142.421753
142.421753
142.421753
139.539200
139.539200
139.539200
139.539200
139.539200
139.539200
139.539200
139.539200
139.539200
139.539200
139.539200
139.539200
139.539200
139.539200
139.539200
139.539200
139.539200
139.539200
139.539200
139.539200
139.539200
139.539200
139.539200
139.539200
139.539200
139.539200
139.539200
139.539200
139.539200
139.539200
139.539200
139.539200
139.539200
139.539200
139.539200
139.539200
139.539200
139.539200
139.539200
139.539200
139.539200
138.253159
138.253159
138.253159
138.253159
138.253159
138.253159
138.253159
138.253159
138.253159
138.253159
138.253159
138.253159
138.253159
138.253159
138.253159
138.253159
138.253159
138.253159
138.253159
138.253159
138.253159
138.253159
138.253159
138.253159
138.253159
138.253159
138.253159
138.253159
135.061859
135.061859
135.061859
135.061859
135.061859
135.061859
135.061859
135.061859
135.061859
135.061859
135.061859
135.061859
135.061859
135.061859
135.061859
135.061859
135.061859
135.061859
135.061859
135.061859
135.061859
135.061859
135.061859
135.061859
135.061859
135.061859
135.061859
135.061859
135.061859
135.061859
135.061859
135.061859
135.061859
135.061859
135.061859
135.061859
135.061859
135.061859
135.061859
135.061859
135.061859
135.061859
135.061859
135.061859
135.061859
135.061859
135.061859
135.061859
135.061859
135.061859
135.061859
135.061859
135.061859
135.061859
135.061859
135.061859
135.061859
135.061859
135.061859
135.061859
135.061859
135.061859
135.061859
135.061859
135.061859
135.061859
135.061859
135.061859
135.061859
135.061859
135.061859
135.061859
135.061859
135.061859
135.061859
135.061859
135.061859
135.061859
135.061859
135.061859
135.061859
135.061859
131.411194
131.411194
131.411194
131.411194
131.411194
131.411194
131.411194
131.411194
131.411194
131.411194
131.411194
131.411194
131.411194
131.411194
131.411194
131.411194
129.826309
127.760101
127.760101
127.760101
127.760101
127.760101
127.760101
127.760101
127.760101
127.760101
127.760101
127.760101
127.760101
127.760101
127.760101
127.760101
127.760101
127.760101
127.760101
127.760101
127.760101
127.760101
127.760101
127.760101
127.760101
127.760101
127.760101
127.760101
127.760101
127.760101
127.760101
127.760101
127.760101
127.760101
127.760101
127.760101
127.760101
127.760101
127.760101
127.760101
127.760101
127.760101
127.760101
127.760101
127.760101
127.760101
127.760101
127.760101
127.760101
127.760101
127.760101
127.760101
127.760101
127.760101
127.760101
127.760101
127.760101
127.760101
127.760101
127.760101
127.760101
127.760101
127.760101
127.760101
127.760101
127.760101
127.760101
127.760101
127.760101
127.760101
127.760101
127.760101
127.760101
127.760101
127.760101
127.760101
127.760101
127.760101
127.760101
127.760101
127.760101
127.760101
127.760101
127.760101
127.760101
127.760101
127.760101
127.760101
127.760101
127.760101
127.760101
127.760101
127.760101
127.760101
127.760101
127.760101
127.760101
127.760101
127.760101
127.760101
127.760101
127.760101
127.760101
127.760101
127.760101
127.760101
127.760101
127.760101
127.760101
127.760101
127.760101
127.760101
127.760101
127.760101
127.760101
127.760101
127.760101
127.760101
127.760101
127.760101
127.760101
127.760101
127.760101
127.760101
127.760101
127.760101
127.760101
127.760101
127.760101
127.760101
127.760101
127.760101
127.760101
127.760101
127.760101
127.760101
127.760101
127.760101
127.760101
127.760101
124.926895
124.926895
124.926895
124.926895
124.926895
124.926895
120.629211
120.629211
120.629211
120.629211
120.629211
120.629211
120.629211
120.629211
120.629211
120.629211
120.629211
120.629211
120.629211
120.629211
120.629211
120.629211
120.629211
120.629211
120.629211
120.629211
120.629211
120.629211
120.629211
120.629211
120.629211
120.629211
120.629211
120.629211
120.629211
120.629211
120.629211
120.629211
120.629211
120.629211
120.629211
120.629211
120.629211
120.629211
120.629211
120.629211
120.629211
120.629211
120.629211
120.629211
120.629211
120.629211
120.629211
120.629211
120.629211
120.629211
120.629211
120.629211
120.629211
120.629211
120.629211
120.629211
120.629211
120.629211
120.629211
120.629211
120.629211
120.629211
120.629211
120.629211
120.629211
120.629211
120.629211
120.629211
120.629211
120.629211
120.629211
120.629211
120.629211
120.629211
120.629211
120.629211
120.629211
120.629211
120.629211
120.629211
120.629211
120.629211
120.629211
120.629211
120.629211
120.629211
120.629211
120.629211
120.629211
120.629211
120.629211
120.629211
120.629211
120.629211
120.629211
120.629211
120.629211
120.629211
120.629211
120.629211
120.629211
120.629211
120.629211
120.629211
120.629211
120.629211
120.629211
120.629211
120.629211
120.629211
120.629211
120.629211
120.629211
120.629211
120.629211
120.629211
120.629211
120.629211
120.629211
120.629211
120.629211
120.629211
120.629211
120.629211
120.629211
120.629211
120.629211
120.629211
120.629211
120.629211
120.629211
120.629211
120.629211
120.629211
120.629211
120.629211
120.629211
120.629211
120.629211
120.629211
120.629211
120.629211
120.629211
120.629211
120.629211
120.629211
120.629211
120.629211
120.629211
120.629211
120.629211
120.629211
120.629211
120.629211
120.629211
120.629211
120.629211
120.629211
120.629211
120.629211
120.629211
120.629211
120.629211
120.629211
120.629211
120.629211
120.629211
120.629211
120.629211
120.629211
120.629211
120.629211
120.629211
120.629211
120.629211
120.629211
120.629211
120.629211
120.629211
120.629211
120.629211
120.629211
120.629211
120.629211
120.629211
120.629211
120.629211
120.629211
120.629211
120.629211
120.629211
120.629211
120.629211
120.629211
120.629211
120.629211
120.629211
120.629211
120.629211
120.629211
120.629211
120.629211
120.629211
120.629211
120.629211
120.629211
120.629211
120.629211
120.629211
120.629211
120.629211
120.629211
120.629211
120.629211
120.629211
120.629211
120.629211
120.629211
120.629211
120.629211
120.629211
120.629211
120.629211
120.629211
120.629211
120.629211
120.629211
120.629211
120.629211
120.629211
120.629211
120.629211
120.629211
120.629211
120.629211
120.629211
120.629211
120.629211
120.629211
120.629211
120.629211
120.629211
120.629211
120.629211
120.629211
120.629211
120.629211
120.629211
120.629211
120.629211
120.629211
120.629211
120.629211
120.629211
120.629211
120.629211
120.629211
120.629211
120.629211
120.629211
120.629211
120.629211
120.629211
120.629211
120.629211
120.629211
120.629211
120.629211
120.629211
120.629211
120.629211
120.629211
120.629211
120.629211
120.629211
120.629211
120.629211
120.629211
120.629211
120.629211
120.629211
120.629211
120.629211
120.629211
120.629211
120.629211
120.629211
120.629211
120.629211
120.629211
120.629211
120.629211
120.629211
120.629211
120.629211
120.629211
120.629211
120.629211
120.629211
120.629211
120.629211
120.629211
120.629211
120.629211
120.629211
120.629211
120.629211
120.629211
120.629211
120.629211
120.629211
120.629211
120.629211
120.629211
120.629211
120.629211
120.629211
120.629211
120.629211
120.629211
120.629211
120.629211
120.629211
120.629211
120.629211
120.629211
120.629211
120.629211
120.629211
120.629211
120.629211
120.629211
120.629211
120.629211
120.629211
120.629211
120.629211
120.629211
120.629211
120.629211
120.629211
120.629211
120.629211
120.629211
120.629211
120.629211
120.629211
120.629211
120.629211
120.629211
120.629211
120.629211
120.629211
120.629211
120.629211
120.629211
120.629211
120.629211
120.629211
120.629211
120.629211
120.629211
120.629211
120.629211
120.629211
120.629211
120.629211
120.629211
120.629211
120.629211
120.629211
120.629211
120.629211
120.629211
120.629211
120.629211
120.629211
120.629211
120.629211
120.629211
120.629211
120.629211
120.629211
120.629211
120.629211
120.629211
120.629211
120.629211
120.629211
120.629211
120.629211
120.629211
120.629211
120.629211
120.629211
120.629211
120.629211
120.629211
120.629211
120.629211
120.629211
120.629211
120.629211
120.629211
120.629211
120.629211
120.629211
120.629211
120.629211
120.629211
120.629211
120.629211
120.629211
120.629211
120.629211
120.629211
120.629211
120.629211
120.629211
120.629211
120.629211
120.629211
120.629211
120.629211
120.629211
120.629211
120.629211
120.629211
120.629211
120.629211
120.629211
120.629211
120.629211
120.629211
120.629211
120.629211
120.629211
120.629211
