169.414722
337.093579
504.257910
670.509131
836.432227
1001.671484
1166.364941
1330.694531
1494.610254
1657.175391
1818.499609
1979.823828
2140.895312
2300.955859
2461.016406
2621.076953
2781.137500
2941.198047
3101.258594
3261.319141
3419.330859
3576.444141
3731.858203
3887.272266
4042.686328
4198.100391
4353.514453
4507.405078
4658.924609
4810.444141
4961.963672
5113.483203
5264.557813
5413.852734
5563.147656
5712.442578
5861.737500
6011.032422
6158.380469
6305.241797
6452.103125
6598.964063
6745.823438
6892.682813
7039.542188
7185.773438
7331.847656
7477.921875
7622.007813
7763.853125
7903.392187
8042.931250
8182.470312
8322.009375
8461.548437
8601.087500
8740.626562
8880.165625
9018.419531
9156.673437
9294.927344
9433.181250
9571.435156
9708.412500
9843.475000
9978.537500
10113.600000
10248.662500
10383.725000
10518.787500
10653.850000
10788.912500
10923.975000
11059.037500
11194.100000
11329.162500
11464.225000
11599.287500
11734.350000
11869.412500
12000.822656
12132.232813
12263.642969
12392.547656
12520.309375
12648.071094
12775.832813
12903.594531
13031.356250
13159.115625
13286.873438
13414.631250
13542.389063
13670.146875
13797.904688
13925.662500
14053.420313
14181.178125
14308.935938
14436.693750
14564.451563
14692.209375
14819.967188
14947.725000
15075.482813
15203.240625
15330.998438
15458.756250
15586.514063
15714.271875
15842.029688
15967.525000
16089.876562
16210.509375
16331.142187
16451.775000
16572.407813
16693.040625
16813.673438
16934.306250
17054.939063
17175.571875
17296.204688
17416.837500
17537.470313
17658.103125
17778.735938
17899.368750
18020.001563
18140.634375
18261.267188
18381.900000
18502.532813
18623.165625
18743.798438
18864.431250
18985.064063
19105.696875
19226.329688
19346.962500
19467.595313
19588.228125
19708.860938
19829.493750
19950.126563
20070.759375
20191.392188
20312.025000
20432.657813
20553.290625
20673.923438
20794.556250
20915.189063
21035.821875
21156.454688
21277.087500
21397.720313
21518.353125
21638.985938
21759.618750
21880.251563
22000.884375
22121.517188
22242.150000
22362.782813
22483.415625
22604.048438
22724.681250
22845.314063
22965.946875
23086.579688
23207.212500
23327.845313
23448.478125
23569.110938
23689.743750
23810.376563
23931.009375
24051.642188
24172.275000
24292.907813
24413.540625
24534.173438
24654.806250
24775.439063
24896.071875
25016.704688
25137.337500
25257.970313
25378.603125
25499.235938
25619.868750
25740.501563
25861.134375
25981.767188
26102.400000
26223.031250
26343.656250
26464.281250
26584.906250
