320.252734
637.647266
951.341992
1258.957031
1557.541309
1849.239258
2128.855664
2400.563086
2660.591797
2913.122852
3158.840625
3399.223828
3629.499219
3845.998828
4045.869922
4235.544922
4414.675781
4583.989062
4741.022266
4889.341016
5032.494531
5170.298047
5303.400000
5430.813672
5549.643750
5663.396094
5774.398828
5884.767969
5992.096484
6094.300000
6192.623828
6290.334766
6385.750391
6474.324219
6560.708594
6646.301562
6728.735156
6810.694531
6890.757031
6970.819531
7050.882031
7130.944531
7211.007031
7291.069531
7371.132031
7451.194531
7526.446875
7600.239844
7674.032812
7747.825781
7821.618750
7895.411719
7967.177344
8037.591406
8108.005469
8178.419531
8248.833594
8319.247656
8389.661719
8460.075781
