323.287598
323.574860
320.134460
320.360687
321.001953
317.107910
318.178345
317.554199
316.894958
317.860046
318.456024
317.029114
315.437286
309.551178
310.511810
305.606537
304.781677
304.183868
305.204285
310.624481
306.906677
306.740112
307.474213
306.424377
305.441711
301.981537
300.114441
300.114441
296.381927
295.555206
292.328369
291.395844
290.479523
289.349670
287.712067
284.037476
284.990692
286.754272
283.460480
280.821411
277.981689
274.280365
271.414764
268.639008
266.781342
266.542938
263.405701
263.818481
262.574005
257.632355
257.786499
254.028610
253.363617
250.513733
246.816681
242.426331
242.349396
238.224380
237.444199
236.136642
237.374100
236.263168
232.872040
229.781342
228.887527
227.095779
227.537582
226.494751
226.494751
224.001862
219.214386
213.514709
212.397751
203.170242
198.932800
197.305328
195.615845
195.615845
195.885193
193.842102
191.243546
191.243546
190.773544
187.790237
187.512711
186.200516
184.805923
182.528656
182.528656
181.612366
173.787338
170.609253
166.920380
163.460327
162.051575
158.650391
154.968460
155.741653
148.675919
144.852509
142.523590
142.523590
141.687347
138.132004
138.132004
136.234879
131.147034
129.268265
129.268265
129.268265
129.268265
126.910957
125.317024
120.490303
119.958855
119.958855
116.392456
116.392456
114.259773
114.569931
114.095474
114.095474
112.198357
110.789589
110.789589
107.544403
107.544403
107.544403
107.544403
107.544403
106.879425
104.746742
104.746742
104.746742
103.337975
103.337975
103.337975
103.337975
100.618874
100.618874
100.618874
100.618874
95.851341
91.063850
89.389870
89.389870
86.196312
85.135437
85.135437
83.541504
83.541504
83.541504
80.651131
80.651131
80.651131
80.651131
80.651131
80.651131
80.651131
80.651131
80.651131
79.354691
79.354691
79.354691
79.354691
79.354691
79.354691
79.354691
79.354691
79.354691
79.354691
79.354691
79.354691
79.354691
79.354691
79.354691
79.354691
79.354691
79.354691
77.457581
77.457581
77.457581
73.218643
73.218643
73.218643
70.597610
70.597610
70.597610
70.597610
70.597610
70.597610
70.597610
70.597610
70.597610
70.597610
70.597610
70.597610
70.597610
70.597610
70.597610
70.597610
70.597610
69.839920
69.839920
67.424011
67.424011
67.424011
67.424011
67.424011
67.424011
67.424011
67.424011
67.424011
67.424011
67.424011
67.424011
67.424011
67.424011
67.424011
67.424011
67.424011
63.110970
63.110970
63.110970
63.110970
63.110970
63.110970
63.110970
63.110970
63.110970
63.110970
63.110970
63.110970
63.110970
63.110970
63.110970
63.110970
63.110970
63.110970
63.110970
63.110970
63.110970
63.110970
63.110970
63.110970
63.110970
63.110970
63.110970
63.110970
63.110970
63.110970
63.110970
63.110970
63.110970
63.110970
63.110970
63.110970
63.110970
63.110970
63.110970
63.110970
63.110970
63.110970
63.110970
63.110970
63.110970
63.110970
63.110970
63.110970
60.220600
57.463760
57.463760
57.463760
57.463760
57.463760
57.463760
57.463760
57.463760
57.463760
57.463760
57.463760
57.463760
57.463760
57.463760
57.463760
57.463760
57.463760
57.463760
57.463760
57.463760
57.463760
57.463760
57.463760
57.463760
57.463760
57.463760
57.463760
57.463760
57.463760
57.463760
57.463760
57.463760
57.463760
57.463760
57.463760
57.463760
57.463760
57.463760
57.463760
57.463760
57.463760
57.463760
57.463760
57.463760
57.463760
57.463760
57.463760
57.463760
57.463760
57.463760
57.463760
57.463760
57.463760
57.463760
57.463760
57.463760
57.463760
57.463760
57.463760
57.463760
57.463760
57.463760
57.463760
57.463760
57.463760
57.463760
57.463760
57.463760
57.463760
57.463760
57.463760
57.463760
57.463760
57.463760
57.463760
57.463760
53.512516
53.512516
53.512516
53.512516
53.512516
53.512516
53.512516
53.512516
53.512516
53.512516
53.512516
53.512516
53.512516
53.512516
53.512516
53.512516
53.512516
53.512516
53.512516
53.512516
53.512516
53.512516
53.512516
53.512516
53.512516
53.512516
53.512516
53.512516
53.512516
53.512516
53.512516
53.512516
53.512516
53.512516
53.512516
53.512516
53.512516
53.512516
53.512516
53.512516
53.512516
53.512516
53.512516
53.512516
53.512516
53.512516
53.512516
53.512516
53.512516
53.512516
53.512516
53.512516
53.512516
53.512516
53.512516
53.512516
53.512516
53.512516
53.512516
53.512516
53.512516
53.512516
53.512516
53.512516
53.512516
53.512516
53.512516
53.512516
53.512516
53.512516
53.512516
53.512516
53.512516
53.512516
53.512516
53.512516
53.512516
53.512516
53.512516
53.512516
53.512516
53.512516
53.512516
53.512516
53.512516
53.512516
53.512516
53.512516
53.512516
53.512516
53.512516
53.512516
53.512516
53.512516
53.512516
53.512516
53.512516
53.512516
53.512516
53.512516
53.512516
53.512516
53.512516
53.512516
53.512516
53.512516
53.512516
53.512516
53.512516
53.512516
53.512516
53.512516
53.512516
53.512516
53.512516
53.512516
53.512516
53.512516
53.512516
53.512516
53.512516
53.512516
53.512516
53.512516
53.512516
53.512516
53.512516
53.512516
53.512516
53.512516
53.512516
53.512516
53.512516
53.512516
53.512516
53.512516
53.512516
53.512516
53.512516
53.512516
53.512516
53.512516
53.512516
53.512516
53.512516
53.512516
53.512516
53.512516
53.512516
53.512516
53.512516
53.512516
53.512516
53.512516
