319.218170
319.970154
320.630707
320.018982
321.425476
320.983612
318.346222
316.931763
316.331329
314.379669
316.266754
316.084442
313.905579
380.401215
380.445129
378.474762
378.801056
378.962738
376.998505
371.411835
369.016541
367.874817
367.007355
369.248688
366.347717
366.992462
364.279083
362.525574
357.828156
353.437836
421.458923
422.278076
418.025421
415.693451
413.772858
410.835968
411.477448
412.079163
408.408630
408.883087
403.152496
399.344818
399.095367
396.962677
394.735199
393.785126
393.302734
391.374847
387.993805
389.347565
389.347565
385.062653
384.543854
383.024017
379.758636
380.547089
448.458923
448.997925
448.150635
446.166473
441.567322
440.036926
437.369690
437.082001
435.038910
431.442474
428.122742
426.669281
418.575897
417.410156
416.873016
412.264984
406.465424
403.408478
400.063538
400.964325
400.340149
396.134827
395.883514
394.771667
390.805176
388.283875
385.403656
385.403656
385.479248
380.269806
379.678925
376.511932
375.172150
374.653351
371.633667
366.910706
364.153900
363.643066
358.546661
359.373352
359.373352
423.843506
423.843506
422.824921
422.131775
420.899628
420.899628
420.899628
417.231598
417.231598
417.231598
414.224854
414.224854
412.396698
410.738495
411.277496
409.928925
409.928925
409.928925
405.615906
405.615906
405.615906
405.615906
400.897400
400.897400
399.681000
394.719147
392.572571
392.572571
392.572571
392.572571
389.969879
389.969879
389.969879
389.212189
389.212189
387.628082
387.628082
387.628082
387.628082
387.628082
387.628082
387.628082
387.628082
386.934937
386.609497
384.786499
384.786499
379.818542
379.818542
379.818542
379.818542
379.818542
378.033752
378.033752
374.968994
374.968994
374.968994
374.968994
374.968994
374.968994
374.968994
374.968994
374.968994
374.968994
374.968994
373.071899
370.181519
370.181519
367.291138
367.291138
367.291138
363.643097
363.643097
363.643097
363.643097
363.643097
363.643097
363.643097
363.643097
363.643097
363.643097
363.643097
359.691864
359.691864
359.691864
359.691864
359.691864
359.691864
359.691864
359.691864
359.691864
359.691864
357.320282
357.320282
357.320282
357.320282
357.320282
357.320282
357.320282
357.320282
357.320282
357.320282
357.320282
357.320282
357.320282
357.320282
357.320282
357.320282
357.320282
357.320282
357.320282
357.320282
357.320282
357.320282
357.320282
357.320282
357.320282
357.320282
357.320282
357.320282
357.320282
357.320282
357.320282
357.320282
357.320282
357.320282
357.320282
357.320282
357.320282
357.320282
357.320282
357.320282
357.320282
354.699249
354.699249
351.051178
351.051178
351.051178
351.051178
351.051178
351.051178
351.051178
351.051178
351.051178
351.051178
351.051178
351.051178
351.051178
351.051178
351.051178
351.051178
351.051178
351.051178
351.051178
351.051178
351.051178
351.051178
351.051178
351.051178
351.051178
351.051178
351.051178
351.051178
351.051178
351.051178
347.672455
347.672455
347.672455
347.672455
347.672455
347.672455
347.672455
347.672455
347.672455
347.672455
347.672455
347.672455
347.672455
347.672455
347.672455
347.672455
347.672455
347.672455
347.672455
347.672455
347.672455
347.672455
347.672455
347.672455
347.672455
347.672455
347.672455
347.672455
347.672455
347.672455
347.672455
347.672455
347.672455
347.672455
347.672455
347.672455
347.672455
347.672455
378.170929
