137.790649 
137.746277 
137.739395 
137.694061 
137.689056 
137.721863 
137.656235 
137.626099 
137.650543 
137.615692 
137.594635 
137.514496 
137.477905 
137.427017 
137.394379 
137.388123 
137.317551 
137.201035 
137.188538 
137.132294 
137.060730 
137.007599 
136.957733 
136.878479 
136.796494 
136.773697 
136.769165 
136.742477 
136.711792 
136.660812 
136.630569 
136.616882 
136.589325 
136.535889 
136.478165 
136.476746 
136.420029 
136.380066 
136.341400 
136.261429 
136.233780 
136.155075 
136.116470 
136.035172 
135.946381 
135.848572 
135.761246 
135.727020 
135.610245 
135.571243 
135.508102 
135.484604 
135.448044 
135.416077 
135.329773 
135.279144 
135.211777 
135.187592 
135.156631 
135.075089 
135.021545 
135.625397 
136.087738 
136.028915 
135.935211 
135.862534 
135.742584 
135.751175 
135.628052 
135.587769 
135.550232 
135.522202 
135.487244 
135.416290 
136.049393 
135.978989 
135.908218 
136.498352 
137.238449 
137.581436 
138.035355 
138.018875 
137.927353 
137.906952 
140.429535 
140.415497 
140.304749 
140.836731 
141.536575 
141.510635 
142.105515 
145.967331 
145.814407 
145.788422 
146.377487 
147.678131 
147.658997 
148.322266 
149.083679 
149.691803 
150.446472 
151.114029 
152.231705 
152.958511 
153.629303 
153.570862 
154.199936 
154.822495 
155.369232 
155.978790 
155.893356 
156.608017 
157.301407 
157.263702 
157.910553 
157.846436 
157.778580 
159.655670 
159.576996 
159.464722 
159.445023 
159.424194 
159.942993 
159.889694 
159.865891 
160.622360 
162.229202 
162.138550 
162.096420 
162.005463 
161.963394 
162.695816 
163.379944 
163.282516 
163.267105 
164.209900 
164.699142 
164.637543 
164.564682 
164.479401 
165.332367 
165.242264 
165.129807 
165.024002 
164.985657 
164.785339 
165.200836 
166.061050 
166.378296 
166.316315 
166.304398 
166.220825 
166.198059 
166.668900 
166.668900 
167.161072 
167.072662 
167.039124 
166.851822 
166.758347 
167.128708 
167.099731 
167.055038 
166.974197 
167.358704 
167.315720 
167.237167 
167.829468 
168.401031 
168.373138 
168.799103 
169.234177 
169.640762 
169.640762 
169.515060 
169.469604 
169.441177 
169.406815 
169.261292 
169.237457 
169.204163 
169.080521 
169.029663 
169.560806 
171.314514 
171.314514 
172.208786 
172.152710 
173.968491 
174.490601 
174.490601 
174.400345 
174.363861 
174.333847 
174.891388 
174.790100 
175.225769 
176.716843 
176.547852 
176.547852 
177.698318 
178.102310 
178.079010 
177.991882 
178.472916 
178.379333 
178.308945 
178.308945 
178.233261 
178.704773 
178.663239 
178.610443 
179.447815 
179.408508 
180.119492 
180.644943 
181.733841 
181.733841 
183.011932 
183.927292 
183.879669 
184.455780 
185.011246 
185.808228 
185.773865 
186.185959 
186.153183 
186.780609 
187.054214 
186.963440 
186.892395 
186.760620 
186.726791 
186.685257 
187.035568 
186.934784 
186.883072 
186.789459 
186.715683 
187.232635 
187.710953 
187.671021 
188.156067 
188.101257 
188.649567 
188.621658 
188.497925 
189.005783 
189.698807 
189.647247 
189.579956 
189.579956 
190.082291 
190.479309 
190.448776 
190.397736 
190.845139 
191.222305 
191.222305 
191.755066 
191.706909 
191.673615 
191.461441 
191.390427 
191.737228 
191.737228 
191.638229 
191.586502 
192.464630 
192.876205 
192.802963 
193.160095 
193.644104 
193.609741 
193.557495 
194.789261 
194.747192 
194.747192 
194.747192 
194.693497 
194.652634 
195.013611 
194.894943 
194.861115 
194.861115 
195.275833 
195.833374 
195.833374 
195.792389 
196.287781 
196.254471 
196.679977 
197.125534 
197.589569 
198.901352 
198.901352 
199.376389 
199.738510 
200.095825 
200.027618 
199.817825 
199.700546 
200.188400 
201.413879 
201.867813 
201.735855 
201.718277 
201.661697 
202.022095 
202.453705 
203.319275 
203.864456 
204.235977 
204.194962 
204.153412 
204.120667 
204.093811 
204.093811 
204.018967 
203.936234 
204.443497 
204.443497 
204.967850 
205.285217 
206.062790 
206.034363 
205.984940 
205.984940 
205.984940 
205.984940 
206.360962 
206.790680 
206.750717 
206.750717 
206.683060 
207.190338 
207.190338 
207.190338 
207.985794 
208.856155 
209.164734 
209.135742 
209.620026 
209.545715 
209.783997 
209.783997 
209.686081 
209.663849 
209.663849 
209.971756 
210.317673 
210.665817 
210.665817 
210.593079 
210.559265 
211.310211 
212.074493 
212.074493 
212.074493 
212.034546 
211.994080 
212.355240 
213.276764 
213.618988 
213.579041 
214.019104 
214.423828 
214.423828 
214.820862 
214.820862 
214.788101 
214.637161 
214.597748 
214.569321 
214.569321 
215.122009 
215.611862 
215.611862 
216.260239 
216.524979 
216.950943 
216.950943 
217.721100 
217.721100 
217.721100 
217.721100 
218.055374 
218.430786 
218.430786 
218.390839 
218.753555 
218.669739 
219.550552 
219.945938 
220.478714 
220.863892 
221.242737 
221.208374 
221.569290 
221.478317 
221.377670 
221.304962 
221.304962 
221.695587 
221.695587 
222.149506 
222.109573 
222.043869 
222.825729 
222.785782 
223.637115 
223.637115 
224.004166 
224.444244 
224.768112 
224.718658 
224.612122 
224.856979 
225.036713 
224.946289 
224.946289 
225.557434 
225.966187 
226.188538 
226.188538 
226.188538 
226.146469 
226.146469 
226.016663 
226.016663 
226.380920 
227.177719 
227.177719 
227.177719 
227.447174 
227.746979 
228.082855 
228.082855 
228.082855 
228.442154 
228.799759 
228.799759 
229.116791 
229.813782 
229.749146 
229.749146 
230.143082 
230.499222 
230.768707 
230.768707 
231.208786 
231.517868 
231.517868 
231.722168 
232.187057 
232.522949 
232.457748 
232.804596 
232.804596 
233.236206 
233.236206 
233.236206 
233.236206 
233.236206 
233.694565 
233.694565 
233.629410 
233.597183 
233.597183 
233.597183 
233.906189 
234.559586 
234.892517 
235.265640 
235.685913 
235.534943 
235.534943 
235.931976 
235.905136 
235.905136 
235.905136 
236.154480 
236.514282 
236.514282 
236.449127 
236.399704 
236.350800 
236.610291 
236.888107 
237.273285 
238.311096 
238.659576 
238.973984 
239.322464 
240.031479 
240.355194 
240.306290 
240.652710 
240.898621 
240.898621 
241.275757 
241.226349 
241.611511 
241.918503 
241.879089 
241.879089 
242.270798 
242.270798 
243.375916 
243.732712 
244.093613 
244.278015 
244.278015 
244.656204 
244.550583 
244.550583 
244.550583 
244.550583 
244.550583 
244.789612 
244.789612 
245.362015 
245.729370 
246.028046 
246.028046 
246.395096 
246.395096 
246.772263 
246.772263 
247.095337 
247.431213 
247.398438 
247.348999 
247.284378 
247.219193 
247.154022 
247.446304 
247.397400 
247.397400 
247.644455 
247.579803 
247.801285 
247.736633 
247.736633 
247.736633 
247.736633 
247.671997 
247.671997 
248.028793 
248.624176 
248.624176 
248.558472 
249.260040 
249.260040 
249.260040 
249.260040 
249.519531 
249.844742 
250.069336 
250.740524 
250.740524 
251.065735 
251.364410 
251.689651 
252.086685 
252.747498 
252.707565 
252.707565 
252.979401 
253.660172 
253.963608 
253.963608 
253.963608 
254.330643 
254.330643 
254.934128 
254.934128 
255.539490 
255.847641 
255.847641 
255.798203 
255.798203 
255.749298 
255.749298 
255.684647 
255.853668 
256.189575 
256.635223 
256.943390 
257.161316 
257.161316 
257.488068 
257.488068 
257.488068 
257.823975 
257.823975 
258.798737 
258.798737 
259.013977 
258.900970 
258.836304 
258.836304 
259.469421 
259.419464 
259.419464 
259.419464 
259.419464 
260.169250 
260.467926 
260.467926 
260.363373 
260.993561 
260.993561 
261.209869 
261.443665 
261.677490 
261.677490 
262.015259 
262.015259 
262.015259 
262.274719 
262.487549 
262.487549 
262.437042 
262.372375 
262.472107 
262.751495 
262.751495 
263.273621 
263.273621 
263.224731 
263.224731 
263.224731 
263.932312 
263.932312 
264.510468 
264.446381 
264.446381 
264.791290 
265.030579 
265.030579 
265.319672 
265.255035 
265.255035 
265.255035 
265.500946 
265.790009 
265.725922 
265.659668 
265.937805 
265.937805 
265.937805 
266.198547 
266.506714 
266.506714 
267.090851 
268.585632 
268.585632 
268.884308 
269.490417 
269.490417 
270.063354 
270.063354 
269.999237 
269.999237 
269.999237 
270.236969 
270.172852 
270.172852 
270.108734 
270.436646 
270.642395 
270.642395 
270.950562 
270.950562 
270.950562 
270.950562 
270.950562 
271.163666 
271.450317 
271.450317 
271.450317 
271.386230 
271.386230 
271.386230 
271.386230 
271.346832 
271.691772 
272.019653 
272.019653 
272.280365 
272.514191 
272.514191 
272.514191 
273.225647 
273.792480 
273.728394 
273.941528 
274.219635 
274.219635 
274.219635 
274.219635 
274.219635 
274.547546 
274.995514 
274.995514 
274.995514 
274.995514 
274.995514 
275.773193 
276.357361 
276.598480 
277.114014 
277.374756 
277.374756 
277.374756 
277.374756 
277.374756 
277.374756 
277.374756 
277.973907 
278.506866 
278.457977 
278.736084 
279.080994 
279.392670 
279.700806 
279.879608 
280.141296 
280.402039 
280.402039 
280.402039 
280.655914 
280.655914 
280.607025 
280.607025 
280.891785 
280.891785 
280.891785 
281.152496 
281.152496 
281.398407 
281.398407 
281.594513 
281.594513 
281.594513 
281.594513 
281.545593 
282.532501 
283.101746 
283.101746 
283.297272 
283.493347 
283.493347 
283.493347 
284.031281 
284.452484 
284.665619 
284.665619 
284.903503 
284.903503 
284.903503 
285.129944 
285.065826 
285.335327 
285.335327 
285.335327 
285.335327 
285.655151 
285.655151 
285.954895 
285.890808 
286.168915 
286.392670 
286.692383 
286.692383 
287.173981 
287.173981 
287.361359 
287.361359 
287.361359 
287.648041 
288.099304 
288.050385 
288.337036 
288.533112 
288.786987 
288.786987 
288.786987 
288.786987 
289.250885 
289.520386 
289.520386 
289.768707 
289.768707 
289.768707 
290.225555 
290.407318 
290.407318 
290.407318 
290.669769 
290.930511 
290.930511 
291.191254 
291.411926 
291.411926 
291.411926 
291.411926 
291.585663 
291.585663 
291.826752 
292.082214 
292.515991 
292.808289 
292.808289 
293.054230 
293.365906 
293.316986 
293.316986 
293.316986 
293.316986 
293.316986 
293.316986 
293.554871 
293.747040 
293.992981 
293.992981 
293.992981 
294.226776 
294.453217 
294.453217 
294.699127 
294.699127 
294.699127 
295.129578 
295.129578 
295.129578 
295.129578 
295.065460 
295.268463 
295.268463 
295.477356 
296.246460 
296.377319 
296.814575 
297.541870 
297.541870 
297.997314 
297.932709 
298.128784 
298.128784 
298.128784 
298.128784 
298.377075 
298.377075 
298.377075 
298.587158 
298.523041 
298.727692 
298.727692 
298.990204 
299.209167 
299.390930 
299.624756 
299.794312 
300.020752 
300.530731 
300.807159 
300.758240 
300.758240 
300.758240 
300.927765 
300.927765 
301.220062 
301.220062 
301.457947 
301.457947 
301.457947 
301.457947 
301.727417 
301.663330 
301.873352 
301.873352 
301.873352 
302.117096 
302.117096 
302.305359 
302.305359 
302.305359 
302.501434 
302.501434 
302.501434 
302.747314 
302.683228 
302.683228 
302.683228 
302.893250 
303.150024 
303.150024 
303.543457 
303.543457 
303.543457 
303.762451 
303.730194 
303.947144 
303.883057 
303.818939 
304.430573 
304.661041 
304.898895 
305.617432 
305.617432 
305.553345 
305.749420 
305.986542 
306.182648 
306.182648 
306.650177 
306.869171 
306.869171 
307.562897 
307.562897 
307.562897 
307.562897 
307.562897 
307.562897 
307.747253 
307.683136 
307.683136 
307.683136 
307.894592 
308.064117 
308.320831 
308.320831 
308.320831 
308.320831 
308.551300 
308.754425 
308.754425 
308.978180 
309.404724 
309.586456 
309.774719 
309.774719 
309.774719 
309.977844 
310.382721 
310.821136 
311.318939 
311.791565 
311.791565 
311.791565 
311.791565 
311.886444 
312.112885 
312.112885 
312.112885 
312.370697 
312.601166 
312.764740 
313.123505 
313.123505 
313.123505 
313.307495 
313.307495 
313.522705 
313.772980 
313.772980 
313.772980 
313.772980 
313.772980 
313.772980 
313.772980 
313.772980 
313.772980 
314.160370 
314.160370 
314.309113 
314.244995 
314.196075 
314.196075 
314.196075 
314.196075 
314.196075 
314.131439 
314.327515 
314.263397 
314.448303 
314.651428 
314.854523 
314.854523 
315.273529 
315.457489 
315.641479 
315.641479 
315.641479 
316.296692 
316.518188 
316.518188 
316.683502 
