137.790649 
137.746277 
137.739395 
137.694061 
137.689056 
137.721863 
137.656235 
137.626099 
137.650543 
137.615692 
137.594635 
137.514496 
137.477905 
137.427017 
137.394379 
137.388123 
137.317551 
137.201035 
137.188538 
137.132294 
137.060730 
137.007599 
136.957733 
136.878479 
136.796494 
136.773697 
136.769165 
136.742477 
136.711792 
136.660812 
136.630569 
136.616882 
136.589325 
136.535889 
136.478165 
136.476746 
136.420029 
136.380066 
136.341400 
136.261429 
136.233780 
136.155075 
136.116470 
136.035172 
135.946381 
135.848572 
135.761246 
135.727020 
135.610245 
135.571243 
135.508102 
135.484604 
135.448044 
135.416077 
135.329773 
135.279144 
135.211777 
135.187592 
135.156631 
135.075089 
135.021545 
135.020309 
134.975388 
134.916565 
134.822861 
134.750198 
134.630234 
134.638824 
134.515717 
134.475418 
134.437881 
134.409851 
134.374908 
134.303940 
134.203201 
134.132797 
134.062027 
134.047073 
134.014404 
133.960358 
133.960358 
133.943878 
133.852341 
133.831940 
133.747467 
133.733414 
133.622681 
133.549576 
133.515564 
133.489624 
133.479431 
133.389465 
133.236526 
133.210571 
133.149445 
133.023209 
133.004089 
132.974319 
132.962952 
132.878052 
132.859940 
132.793640 
132.748734 
132.702759 
132.639694 
132.581253 
132.517288 
132.405991 
132.347656 
132.223358 
132.137924 
132.079819 
132.039352 
132.001648 
131.914642 
131.850540 
131.782669 
131.766403 
131.687714 
131.575455 
131.555740 
131.534927 
131.403549 
131.350281 
131.326462 
131.203629 
131.088776 
130.998108 
130.956009 
130.865036 
130.822968 
130.782608 
130.693970 
130.596558 
130.581146 
130.581146 
130.537613 
130.476013 
130.403152 
130.317871 
130.291473 
130.201401 
130.088913 
129.983124 
129.944763 
129.744446 
129.509796 
129.436752 
129.418121 
129.356140 
129.344208 
129.260651 
129.237900 
129.103668 
129.103668 
128.990768 
128.902328 
128.868790 
128.681488 
128.588013 
128.532425 
128.503448 
128.458740 
128.377914 
128.308472 
128.265472 
128.186935 
128.174164 
128.117813 
128.089905 
128.089905 
128.052887 
127.978470 
127.978470 
127.852776 
127.807312 
127.778877 
127.744522 
127.598991 
127.575172 
127.541878 
127.418236 
127.367386 
127.316902 
127.257820 
127.257820 
127.075966 
127.019913 
126.929695 
126.894279 
126.894279 
126.804024 
126.767540 
126.737511 
126.737511 
126.636200 
126.590828 
126.411278 
126.242294 
126.242294 
126.229523 
126.179558 
126.156281 
126.069138 
126.069138 
125.975548 
125.905174 
125.905174 
125.829498 
125.768265 
125.726730 
125.673958 
125.613907 
125.574631 
125.532059 
125.452423 
125.452423 
125.452423 
125.452423 
125.388405 
125.340797 
125.311836 
125.262245 
125.061172 
125.026810 
124.914551 
124.881790 
124.859024 
124.796761 
124.705978 
124.634941 
124.503151 
124.469330 
124.427803 
124.400955 
124.300156 
124.248428 
124.154816 
124.081032 
123.992943 
123.963966 
123.924026 
123.901810 
123.846970 
123.813675 
123.785759 
123.662018 
123.588249 
123.588249 
123.536697 
123.469406 
123.469406 
123.430641 
123.430641 
123.400085 
123.349075 
123.289200 
123.289200 
123.289200 
123.289200 
123.241066 
123.207764 
122.995583 
122.924553 
122.781502 
122.781502 
122.682503 
122.630783 
122.574196 
122.550385 
122.477142 
122.398880 
122.375595 
122.341240 
122.288986 
122.237968 
122.195900 
122.195900 
122.195900 
122.142220 
122.101349 
121.955055 
121.836365 
121.802536 
121.802536 
121.709991 
121.709991 
121.709991 
121.668983 
121.640022 
121.606720 
121.578278 
121.516541 
121.345192 
121.312424 
121.312424 
121.280174 
121.245285 
121.130508 
121.062317 
120.852501 
120.735222 
120.681984 
120.520325 
120.520325 
120.388336 
120.370758 
120.314178 
120.202484 
120.162010 
120.162010 
120.047401 
119.929062 
119.888054 
119.846527 
119.813751 
119.786903 
119.786903 
119.712067 
119.629333 
119.629333 
119.629333 
119.629333 
119.589920 
119.589920 
119.561485 
119.512054 
119.512054 
119.512054 
119.512054 
119.462090 
119.334259 
119.294304 
119.294304 
119.226662 
119.226662 
119.226662 
119.226662 
119.096848 
119.096848 
118.933342 
118.904373 
118.815002 
118.740692 
118.675514 
118.675514 
118.577576 
118.555351 
118.555351 
118.423187 
118.357483 
118.308571 
118.308571 
118.235863 
118.202034 
118.018021 
118.018021 
118.018021 
118.018021 
117.978073 
117.937607 
117.791496 
117.791496 
117.751556 
117.711609 
117.711609 
117.635330 
117.635330 
117.635330 
117.635330 
117.602562 
117.451599 
117.412186 
117.383751 
117.383751 
117.200409 
117.200409 
117.200409 
117.200409 
117.118721 
117.118721 
117.118721 
117.118721 
117.118721 
117.118721 
117.118721 
117.085945 
117.021309 
117.021309 
116.981369 
116.932472 
116.848679 
116.809265 
116.737083 
116.737083 
116.737083 
116.704308 
116.669952 
116.669952 
116.578987 
116.478333 
116.405617 
116.405617 
116.356178 
116.356178 
116.356178 
116.316238 
116.250534 
116.250534 
116.210594 
116.170647 
116.170647 
116.170647 
116.170647 
116.054443 
116.005020 
115.898476 
115.833298 
115.729774 
115.639336 
115.639336 
115.598869 
115.598869 
115.485321 
115.485321 
115.485321 
115.443253 
115.443253 
115.313438 
115.313438 
115.280663 
115.280663 
115.280663 
115.280663 
115.280663 
115.219559 
115.219559 
115.219559 
115.219559 
115.170128 
115.130714 
115.130714 
115.016113 
115.016113 
114.951477 
114.951477 
114.925163 
114.861053 
114.861053 
114.861053 
114.861053 
114.821640 
114.821640 
114.756462 
114.756462 
114.756462 
114.691292 
114.664978 
114.664978 
114.664978 
114.664978 
114.664978 
114.664978 
114.664978 
114.616074 
114.616074 
114.550896 
114.518654 
114.518654 
114.518654 
114.454544 
114.454544 
114.390427 
114.390427 
114.390427 
114.239479 
114.239479 
114.239479 
114.212639 
114.212639 
114.212639 
114.212639 
114.163742 
114.163742 
114.098572 
114.049133 
114.000237 
113.934532 
113.902298 
113.902298 
113.902298 
113.902298 
113.902298 
113.902298 
113.902298 
113.852859 
113.803963 
113.803963 
113.803963 
113.803963 
113.803963 
113.754532 
113.754532 
113.715118 
113.675705 
113.675705 
113.635750 
113.635750 
113.635750 
113.635750 
113.635750 
113.586319 
113.586319 
113.521683 
113.416046 
113.416046 
113.416046 
113.416046 
113.416046 
113.416046 
113.416046 
113.416046 
113.376633 
113.376633 
113.376633 
113.376633 
113.376633 
113.376633 
113.376633 
113.376633 
113.376633 
113.343857 
113.294426 
113.229782 
113.164612 
113.099442 
113.099442 
113.050537 
113.050537 
112.961693 
112.897049 
112.831886 
112.767235 
112.767235 
112.767235 
112.767235 
112.702591 
112.702591 
112.702591 
112.702591 
112.702591 
112.636887 
112.636887 
112.636887 
112.636887 
112.636887 
112.636887 
112.636887 
112.636887 
112.636887 
112.636887 
112.636887 
112.636887 
112.636887 
112.636887 
112.636887 
112.596947 
112.596947 
112.570099 
112.570099 
112.570099 
112.570099 
112.570099 
112.570099 
112.570099 
112.570099 
112.570099 
112.570099 
112.570099 
112.570099 
112.520660 
112.520660 
112.471771 
112.471771 
112.407127 
112.358231 
112.358231 
112.309334 
112.309334 
112.309334 
112.309334 
112.309334 
112.309334 
112.309334 
112.309334 
112.309334 
112.309334 
112.309334 
112.245216 
112.132195 
112.067558 
112.067558 
112.018654 
111.968689 
111.968689 
111.968689 
111.968689 
111.968689 
111.968689 
111.968689 
111.864105 
111.864105 
111.864105 
111.799461 
111.799461 
111.799461 
111.799461 
111.760048 
111.760048 
111.760048 
111.760048 
111.711143 
111.711143 
111.660645 
111.595993 
111.426239 
111.426239 
111.426239 
111.426239 
111.426239 
111.377342 
111.377342 
111.377342 
111.377342 
111.377342 
111.377342 
111.313225 
111.313225 
111.313225 
111.249100 
111.249100 
111.249100 
111.184464 
111.184464 
111.184464 
111.184464 
111.184464 
111.120354 
111.054108 
111.054108 
111.054108 
111.054108 
111.054108 
111.054108 
111.054108 
111.054108 
111.054108 
111.054108 
111.054108 
111.054108 
111.054108 
111.054108 
111.054108 
110.989998 
110.989998 
110.989998 
110.941093 
110.876984 
110.876984 
110.812874 
110.812874 
110.812874 
110.812874 
110.812874 
110.812874 
110.812874 
110.812874 
110.812874 
110.812874 
110.812874 
110.812874 
110.812874 
110.748756 
110.748756 
110.748756 
110.748756 
110.709343 
110.709343 
110.709343 
110.709343 
110.709343 
110.709343 
110.709343 
110.709343 
110.709343 
110.709343 
110.645233 
110.645233 
110.645233 
110.645233 
110.645233 
110.645233 
110.645233 
110.645233 
110.645233 
110.645233 
110.645233 
110.645233 
110.645233 
110.645233 
110.645233 
110.645233 
110.645233 
110.645233 
110.645233 
110.645233 
110.645233 
110.645233 
110.645233 
110.645233 
110.645233 
110.645233 
110.596329 
110.596329 
110.596329 
110.596329 
110.596329 
110.532219 
110.532219 
110.532219 
110.532219 
110.532219 
110.532219 
110.532219 
110.483307 
110.483307 
110.483307 
110.483307 
110.483307 
110.483307 
110.483307 
110.483307 
110.483307 
110.483307 
110.483307 
110.483307 
110.483307 
110.434418 
110.434418 
110.434418 
110.434418 
110.369247 
110.369247 
110.369247 
110.369247 
110.369247 
110.305138 
110.305138 
110.305138 
110.305138 
110.305138 
110.305138 
110.305138 
110.241013 
110.241013 
110.241013 
110.241013 
110.241013 
110.241013 
110.241013 
110.241013 
110.176903 
110.176903 
110.176903 
110.176903 
110.176903 
110.176903 
110.176903 
110.176903 
110.176903 
110.176903 
110.176903 
110.176903 
110.128006 
110.128006 
110.128006 
110.128006 
110.128006 
110.128006 
110.128006 
110.128006 
110.128006 
110.128006 
110.128006 
110.128006 
110.128006 
110.128006 
110.128006 
110.128006 
110.128006 
110.128006 
110.128006 
110.128006 
110.128006 
110.063889 
110.063889 
110.063889 
110.063889 
109.999779 
109.999779 
109.999779 
109.999779 
109.935661 
109.935661 
109.935661 
109.935661 
109.935661 
109.886765 
109.886765 
109.886765 
109.886765 
109.886765 
109.886765 
109.886765 
109.837860 
109.837860 
109.837860 
109.837860 
109.837860 
109.837860 
109.837860 
109.837860 
109.837860 
109.837860 
109.837860 
109.837860 
109.837860 
109.837860 
109.773750 
109.724854 
109.724854 
109.724854 
109.724854 
109.675423 
109.675423 
109.675423 
109.675423 
109.675423 
109.610779 
109.610779 
109.610779 
109.610779 
109.610779 
109.610779 
109.610779 
109.610779 
109.610779 
109.546669 
109.546669 
109.546669 
109.546669 
109.546669 
109.546669 
109.546669 
109.546669 
109.546669 
109.546669 
109.546669 
109.497765 
109.497765 
109.497765 
109.497765 
109.497765 
109.497765 
109.497765 
109.497765 
109.497765 
109.497765 
109.497765 
109.497765 
109.433655 
109.433655 
109.433655 
109.433655 
109.433655 
109.433655 
109.384758 
109.384758 
109.384758 
109.384758 
109.384758 
109.384758 
109.384758 
109.320648 
109.320648 
109.320648 
109.320648 
109.320648 
109.320648 
109.320648 
109.320648 
109.320648 
109.320648 
109.288406 
109.288406 
109.224297 
109.160187 
109.160187 
109.160187 
109.160187 
109.160187 
109.160187 
109.096077 
109.096077 
109.096077 
109.096077 
109.096077 
109.096077 
109.096077 
109.096077 
109.096077 
109.096077 
109.096077 
109.096077 
109.096077 
109.096077 
109.056664 
108.992538 
108.992538 
108.992538 
108.992538 
108.992538 
108.992538 
108.992538 
108.992538 
108.992538 
108.992538 
108.992538 
108.992538 
108.992538 
108.992538 
108.992538 
108.992538 
108.992538 
108.992538 
108.992538 
108.992538 
108.992538 
108.992538 
108.992538 
108.992538 
108.992538 
108.992538 
108.928421 
108.928421 
108.928421 
108.928421 
108.928421 
108.928421 
108.864304 
108.864304 
108.864304 
108.864304 
108.864304 
108.864304 
108.864304 
108.864304 
108.864304 
108.864304 
108.864304 
108.864304 
108.864304 
108.864304 
108.864304 
108.864304 
108.864304 
108.864304 
108.864304 
108.800194 
108.751297 
108.751297 
108.751297 
108.751297 
108.751297 
108.686661 
108.686661 
108.622551 
108.573654 
108.573654 
108.573654 
108.573654 
108.573654 
108.573654 
108.573654 
108.573654 
108.573654 
108.509544 
108.509544 
108.509544 
108.509544 
