0.311730 0.316305 0.311730 0.316305 
0.323249 0.314922 0.323249 0.314921 
0.315077 0.321591 0.315077 0.321590 
0.323564 0.317657 0.323564 0.317657 
0.311625 0.325965 0.311625 0.325965 
0.302924 0.315853 0.302925 0.315853 
0.308637 0.323110 0.308638 0.323110 
0.306448 0.324559 0.306448 0.324559 
0.289968 0.322693 0.289968 0.322693 
0.293105 0.318978 0.293104 0.318978 
0.295835 0.312932 0.295835 0.312932 
0.306448 0.312319 0.306448 0.312318 
0.310379 0.312319 0.310378 0.312318 
0.308373 0.315905 0.308373 0.315905 
0.308267 0.316047 0.308267 0.316047 
0.305394 0.314286 0.305394 0.314286 
0.310746 0.316628 0.310746 0.316628 
0.321489 0.324207 0.321489 0.324207 
0.321844 0.320713 0.321844 0.320713 
0.330997 0.320713 0.330997 0.320713 
0.337155 0.329762 0.337155 0.329762 
0.332903 0.329762 0.332903 0.329762 
0.330504 0.329502 0.330504 0.329502 
0.340096 0.330442 0.340096 0.330442 
0.340959 0.334725 0.340959 0.334725 
0.335018 0.335103 0.335017 0.335103 
0.332572 0.331096 0.332572 0.331096 
0.336136 0.325376 0.336137 0.325376 
0.335200 0.326215 0.335200 0.326215 
0.336864 0.329811 0.336865 0.329811 
0.340899 0.327526 0.340899 0.327527 
0.333883 0.327526 0.333883 0.327527 
0.330046 0.327526 0.330046 0.327527 
0.328124 0.332572 0.328124 0.332572 
0.334615 0.333197 0.334615 0.333197 
0.334615 0.329452 0.334615 0.329452 
0.331047 0.333504 0.331047 0.333503 
0.327214 0.337627 0.327215 0.337627 
0.330738 0.328261 0.330738 0.328261 
0.343582 0.327377 0.343582 0.327377 
0.340240 0.323955 0.340240 0.323955 
0.343202 0.325276 0.343202 0.325275 
0.336865 0.326715 0.336864 0.326716 
0.326278 0.334676 0.326277 0.334676 
0.331342 0.337155 0.331343 0.337155 
0.338074 0.335930 0.338074 0.335930 
0.339617 0.340660 0.339616 0.340659 
0.338737 0.342857 0.338737 0.342857 
0.338592 0.350440 0.338592 0.350440 
0.340337 0.346705 0.340336 0.346705 
0.339267 0.355493 0.339267 0.355493 
0.333456 0.352901 0.333454 0.352901 
0.327276 0.352901 0.327277 0.352901 
0.323249 0.352901 0.323249 0.352901 
0.329018 0.354562 0.329018 0.354562 
0.330789 0.354562 0.330788 0.354562 
0.329266 0.358728 0.329266 0.358728 
0.323250 0.358728 0.323249 0.358728 
0.325376 0.358284 0.325376 0.358284 
0.321234 0.351045 0.321235 0.351045 
0.317503 0.349331 0.317503 0.349332 
0.317503 0.346410 0.317503 0.346410 
0.320661 0.343998 0.320663 0.343997 
0.318977 0.343998 0.318978 0.343997 
0.323616 0.343998 0.323615 0.343997 
0.323955 0.350219 0.323955 0.350219 
0.331048 0.352669 0.331047 0.352669 
0.322541 0.352669 0.322541 0.352669 
0.329613 0.349927 0.329613 0.349926 
0.332229 0.349927 0.332228 0.349926 
0.337143 0.349927 0.337143 0.349926 
0.329811 0.352900 0.329811 0.352901 
0.326026 0.349974 0.326027 0.349973 
0.332080 0.346928 0.332081 0.346928 
0.330046 0.349472 0.330046 0.349472 
0.326778 0.346410 0.326778 0.346410 
0.325376 0.342964 0.325376 0.342964 
0.315594 0.338315 0.315595 0.338316 
0.316410 0.338351 0.316408 0.338352 
0.305607 0.330936 0.305607 0.330936 
0.305607 0.330936 0.305607 0.330936 
0.305007 0.330936 0.305006 0.330936 
0.303032 0.334420 0.303032 0.334420 
0.303663 0.330602 0.303665 0.330601 
0.304576 0.327962 0.304577 0.327962 
0.304576 0.327775 0.304577 0.327775 
0.308201 0.332019 0.308201 0.332020 
0.309431 0.326465 0.309430 0.326465 
0.311101 0.324874 0.311101 0.324872 
0.312736 0.324874 0.312737 0.324872 
0.309099 0.324874 0.309100 0.324872 
0.305875 0.329117 0.305874 0.329117 
0.307579 0.336136 0.307578 0.336136 
0.302493 0.336136 0.302493 0.336136 
0.308003 0.336136 0.308002 0.336136 
0.314557 0.332572 0.314558 0.332572 
0.313193 0.332572 0.313193 0.332572 
0.314402 0.330738 0.314403 0.330738 
0.309047 0.328869 0.309047 0.328869 
0.311167 0.328211 0.311166 0.328210 
0.310943 0.328211 0.310943 0.328210 
0.310943 0.325777 0.310943 0.325777 
0.313309 0.326215 0.313310 0.326215 
0.315635 0.326628 0.315633 0.326628 
0.305807 0.328956 0.305808 0.328956 
0.309429 0.325815 0.309430 0.325813 
0.296042 0.319131 0.296042 0.319131 
0.306727 0.314143 0.306727 0.314144 
0.301574 0.318158 0.301574 0.318158 
0.297596 0.322186 0.297596 0.322186 
0.283203 0.324811 0.283203 0.324811 
0.283763 0.324811 0.283765 0.324810 
0.282858 0.326027 0.282857 0.326026 
0.282858 0.325877 0.282857 0.325877 
0.282394 0.328124 0.282395 0.328123 
0.285713 0.326528 0.285714 0.326528 
0.286514 0.326315 0.286513 0.326315 
0.286514 0.320764 0.286513 0.320766 
0.290023 0.315012 0.290025 0.315012 
0.290588 0.317760 0.290587 0.317760 
0.289419 0.317760 0.289419 0.317760 
0.282496 0.317336 0.282496 0.317336 
0.281702 0.315595 0.281700 0.315594 
0.278832 0.315905 0.278831 0.315905 
0.278846 0.315905 0.278846 0.315905 
0.283074 0.320510 0.283073 0.320510 
0.281049 0.319962 0.281048 0.319961 
0.281049 0.316112 0.281048 0.316112 
0.276436 0.313310 0.276435 0.313310 
0.276183 0.317336 0.276184 0.317336 
0.272615 0.317336 0.272614 0.317336 
0.267735 0.320319 0.267734 0.320318 
0.261863 0.317246 0.261861 0.317247 
0.263973 0.313037 0.263973 0.313035 
0.260313 0.313037 0.260314 0.313035 
0.260313 0.313037 0.260314 0.313035 
0.257539 0.313037 0.257539 0.313035 
0.260047 0.309628 0.260047 0.309628 
0.256332 0.304537 0.256332 0.304538 
0.247368 0.307405 0.247370 0.307405 
0.247368 0.298418 0.247370 0.298417 
0.246196 0.295766 0.246196 0.295766 
0.249670 0.294452 0.249669 0.294453 
0.247434 0.300000 0.247436 0.300000 
0.244601 0.299986 0.244599 0.299987 
0.254011 0.305180 0.254013 0.305180 
0.264590 0.303194 0.264591 0.303194 
0.263246 0.305394 0.263245 0.305392 
0.263246 0.305113 0.263245 0.305114 
0.255806 0.305113 0.255806 0.305114 
0.255806 0.302115 0.255806 0.302116 
0.254334 0.304470 0.254334 0.304469 
0.252740 0.304470 0.252740 0.304469 
0.260549 0.296923 0.260549 0.296924 
0.260549 0.296923 0.260549 0.296924 
0.263416 0.301953 0.263416 0.301953 
0.261488 0.299673 0.261487 0.299673 
0.261488 0.297266 0.261487 0.297266 
0.265345 0.300964 0.265345 0.300966 
0.266206 0.301682 0.266205 0.301683 
0.266206 0.303032 0.266205 0.303033 
0.266206 0.298855 0.266205 0.298855 
0.267352 0.295324 0.267353 0.295324 
0.264961 0.295890 0.264961 0.295890 
0.267552 0.297801 0.267551 0.297800 
0.263973 0.298308 0.263973 0.298309 
0.267476 0.298308 0.267475 0.298309 
0.267476 0.296042 0.267475 0.296042 
0.266879 0.297870 0.266879 0.297869 
0.266879 0.299660 0.266879 0.299658 
0.266879 0.299660 0.266879 0.299658 
0.267780 0.299660 0.267780 0.299658 
0.267780 0.294216 0.267780 0.294215 
0.267780 0.294216 0.267780 0.294215 
0.269483 0.294771 0.269482 0.294771 
0.265715 0.288218 0.265714 0.288217 
0.265715 0.289813 0.265714 0.289814 
0.266497 0.289813 0.266497 0.289814 
0.271669 0.287139 0.271669 0.287139 
0.271669 0.287267 0.271669 0.287267 
0.271669 0.290193 0.271669 0.290194 
0.276479 0.290193 0.276479 0.290194 
0.277026 0.287438 0.277025 0.287439 
0.277026 0.293104 0.277025 0.293105 
0.279007 0.290320 0.279007 0.290320 
0.279007 0.290320 0.279007 0.290320 
0.278480 0.298513 0.278480 0.298514 
0.278480 0.301019 0.278480 0.301019 
0.277835 0.300869 0.277834 0.300868 
0.277835 0.303396 0.277834 0.303397 
0.277835 0.303396 0.277834 0.303397 
0.278201 0.304309 0.278201 0.304308 
0.278539 0.304309 0.278538 0.304308 
0.277378 0.304309 0.277378 0.304308 
0.277378 0.304309 0.277378 0.304308 
0.274703 0.310418 0.274702 0.310419 
0.274703 0.301412 0.274702 0.301410 
0.269377 0.302857 0.269376 0.302858 
0.266742 0.300000 0.266741 0.300000 
0.266742 0.300000 0.266741 0.300000 
0.266742 0.296703 0.266741 0.296703 
0.269862 0.296703 0.269860 0.296703 
0.269862 0.296111 0.269860 0.296111 
0.269906 0.296221 0.269905 0.296221 
0.269906 0.296221 0.269905 0.296221 
0.266818 0.296221 0.266818 0.296221 
0.265207 0.293452 0.265207 0.293453 
0.265207 0.293452 0.265207 0.293453 
0.266634 0.287721 0.266634 0.287722 
0.268024 0.285486 0.268024 0.285485 
0.269375 0.285486 0.269376 0.285485 
0.264360 0.285486 0.264359 0.285485 
0.259418 0.282323 0.259419 0.282321 
0.259418 0.279007 0.259419 0.279007 
0.251120 0.280946 0.251120 0.280945 
0.247502 0.281816 0.247502 0.281818 
0.247502 0.281816 0.247502 0.281818 
0.247502 0.281816 0.247502 0.281818 
0.247502 0.281816 0.247502 0.281818 
0.247502 0.277069 0.247502 0.277068 
0.245466 0.274420 0.245465 0.274421 
0.243377 0.274420 0.243378 0.274421 
0.243377 0.273466 0.243378 0.273467 
0.243596 0.272554 0.243595 0.272554 
0.243043 0.272554 0.243042 0.272554 
0.245797 0.272794 0.245797 0.272794 
0.245183 0.272794 0.245182 0.272794 
0.245183 0.271368 0.245182 0.271370 
0.242857 0.272913 0.242857 0.272914 
0.235538 0.272913 0.235537 0.272914 
0.233867 0.272913 0.233867 0.272914 
0.234582 0.268404 0.234582 0.268404 
0.234582 0.269905 0.234582 0.269906 
0.235328 0.269905 0.235329 0.269906 
0.235328 0.269860 0.235329 0.269860 
0.235328 0.266328 0.235329 0.266327 
0.227927 0.266328 0.227928 0.266327 
0.232134 0.266129 0.232133 0.266130 
0.229799 0.266129 0.229800 0.266130 
0.225497 0.264359 0.225497 0.264360 
0.225497 0.264096 0.225497 0.264096 
0.225497 0.266879 0.225497 0.266879 
0.225497 0.265022 0.225497 0.265022 
0.225986 0.260000 0.225985 0.260001 
0.225986 0.261175 0.225985 0.261174 
0.222801 0.261175 0.222802 0.261174 
0.222801 0.269073 0.222802 0.269073 
0.222801 0.272569 0.222802 0.272569 
0.222801 0.272569 0.222802 0.272569 
0.225044 0.272569 0.225044 0.272569 
0.229017 0.272569 0.229017 0.272569 
0.229017 0.272569 0.229017 0.272569 
0.229017 0.265345 0.229017 0.265345 
0.229017 0.265345 0.229017 0.265345 
0.225769 0.265345 0.225769 0.265345 
0.225769 0.269300 0.225769 0.269300 
0.225769 0.259497 0.225769 0.259498 
0.225769 0.259497 0.225769 0.259498 
0.225769 0.259497 0.225769 0.259498 
0.225769 0.259497 0.225769 0.259498 
0.222436 0.255551 0.222436 0.255551 
0.222436 0.256332 0.222436 0.256332 
0.213600 0.258157 0.213599 0.258156 
0.210131 0.258157 0.210131 0.258156 
0.214267 0.258157 0.214267 0.258156 
0.214267 0.258157 0.214267 0.258156 
0.218062 0.258741 0.218062 0.258742 
0.218062 0.255055 0.218062 0.255054 
0.212352 0.255551 0.212353 0.255551 
0.206447 0.255551 0.206447 0.255551 
0.204361 0.257603 0.204361 0.257603 
0.204361 0.252401 0.204361 0.252401 
0.204361 0.249489 0.204361 0.249489 
0.202212 0.249489 0.202212 0.249489 
0.202212 0.245132 0.202212 0.245133 
0.204041 0.245132 0.204041 0.245133 
0.204041 0.247040 0.204041 0.247039 
0.204041 0.247040 0.204041 0.247039 
0.204041 0.247040 0.204041 0.247039 
0.199775 0.245598 0.199775 0.245599 
0.199775 0.237487 0.199775 0.237487 
0.199203 0.235970 0.199203 0.235971 
0.198463 0.236021 0.198463 0.236022 
0.195959 0.236021 0.195959 0.236022 
0.195959 0.236021 0.195959 0.236022 
0.195959 0.241154 0.195959 0.241154 
0.195959 0.241154 0.195959 0.241154 
0.195959 0.241154 0.195959 0.241154 
0.195959 0.242790 0.195959 0.242790 
0.191259 0.242790 0.191258 0.242790 
0.191259 0.242706 0.191258 0.242706 
0.186393 0.242706 0.186394 0.242706 
0.183592 0.240900 0.183592 0.240899 
0.182946 0.250534 0.182946 0.250534 
0.182946 0.250322 0.182946 0.250323 
0.182946 0.250322 0.182946 0.250323 
0.182946 0.250078 0.182946 0.250078 
0.180001 0.250078 0.180000 0.250078 
0.178451 0.249800 0.178451 0.249799 
0.175291 0.249489 0.175290 0.249489 
0.181626 0.250778 0.181625 0.250778 
0.181626 0.252805 0.181625 0.252805 
0.180613 0.245781 0.180611 0.245781 
0.179544 0.243595 0.179546 0.243596 
0.179544 0.243595 0.179546 0.243596 
0.178062 0.243595 0.178062 0.243596 
0.178062 0.237950 0.178062 0.237951 
0.178062 0.233238 0.178062 0.233239 
0.178999 0.230067 0.178999 0.230066 
0.178999 0.231076 0.178999 0.231076 
0.178999 0.231076 0.178999 0.231076 
0.182970 0.231076 0.182969 0.231076 
0.182970 0.232115 0.182969 0.232115 
0.181514 0.232115 0.181513 0.232115 
0.181514 0.232975 0.181513 0.232976 
0.181514 0.232045 0.181513 0.232045 
0.175405 0.232045 0.175406 0.232045 
0.175405 0.232045 0.175406 0.232045 
0.171429 0.232835 0.171429 0.232836 
0.167966 0.232835 0.167965 0.232836 
0.167966 0.232835 0.167965 0.232836 
0.167966 0.232835 0.167965 0.232836 
0.167966 0.232835 0.167965 0.232836 
0.166131 0.232835 0.166132 0.232836 
0.166131 0.232835 0.166132 0.232836 
0.166131 0.230067 0.166132 0.230066 
0.166131 0.232555 0.166132 0.232555 
0.166131 0.232555 0.166132 0.232555 
0.166131 0.232555 0.166132 0.232555 
0.166131 0.232555 0.166132 0.232555 
0.166697 0.232555 0.166697 0.232555 
0.167210 0.232133 0.167210 0.232134 
0.167210 0.232748 0.167210 0.232748 
0.167210 0.232748 0.167210 0.232748 
0.158076 0.232748 0.158075 0.232748 
0.158076 0.232748 0.158075 0.232748 
0.158076 0.232748 0.158075 0.232748 
0.158076 0.232748 0.158075 0.232748 
0.161017 0.236798 0.161017 0.236797 
0.161017 0.236798 0.161017 0.236797 
0.161624 0.240747 0.161624 0.240747 
0.154100 0.240747 0.154100 0.240747 
0.154100 0.243378 0.154100 0.243379 
0.151618 0.242117 0.151617 0.242116 
0.154420 0.242117 0.154418 0.242116 
0.154420 0.242117 0.154418 0.242116 
0.157117 0.240815 0.157117 0.240815 
0.157117 0.236039 0.157117 0.236039 
0.157117 0.236039 0.157117 0.236039 
0.157117 0.238636 0.157117 0.238635 
0.159719 0.238636 0.159719 0.238635 
0.159719 0.240561 0.159719 0.240562 
0.159719 0.240561 0.159719 0.240562 
0.159692 0.235606 0.159694 0.235606 
0.159692 0.234024 0.159694 0.234024 
0.164354 0.234024 0.164354 0.234024 
0.164354 0.234024 0.164354 0.234024 
0.164354 0.234024 0.164354 0.234024 
0.164354 0.234024 0.164354 0.234024 
0.161624 0.234024 0.161624 0.234024 
0.161624 0.234146 0.161624 0.234147 
0.158796 0.237745 0.158796 0.237745 
0.158796 0.237745 0.158796 0.237745 
0.155867 0.237745 0.155865 0.237745 
0.152825 0.237745 0.152824 0.237745 
0.152825 0.237745 0.152824 0.237745 
0.152825 0.236021 0.152824 0.236020 
0.152825 0.236021 0.152824 0.236020 
0.152825 0.236021 0.152824 0.236020 
0.152825 0.236021 0.152824 0.236020 
0.152825 0.234233 0.152824 0.234233 
0.151294 0.234233 0.151294 0.234233 
0.151294 0.234146 0.151294 0.234147 
0.151294 0.230510 0.151294 0.230509 
0.151294 0.230510 0.151294 0.230509 
0.145155 0.233448 0.145153 0.233449 
0.145155 0.233448 0.145153 0.233449 
0.145155 0.233448 0.145153 0.233449 
0.145155 0.233448 0.145153 0.233449 
0.147246 0.226076 0.147247 0.226076 
0.147246 0.226076 0.147247 0.226076 
0.147246 0.226076 0.147247 0.226076 
0.147246 0.226076 0.147247 0.226076 
0.147246 0.226076 0.147247 0.226076 
0.147246 0.226076 0.147247 0.226076 
0.147246 0.226076 0.147247 0.226076 
0.147246 0.223953 0.147247 0.223952 
0.147246 0.227228 0.147247 0.227228 
0.147246 0.227228 0.147247 0.227228 
0.147246 0.226851 0.147247 0.226851 
0.147246 0.228232 0.147247 0.228233 
0.146497 0.225985 0.146496 0.225985 
0.146497 0.225497 0.146496 0.225497 
0.146497 0.222582 0.146496 0.222583 
0.146497 0.222582 0.146496 0.222583 
0.146497 0.222582 0.146496 0.222583 
0.146497 0.220130 0.146496 0.220130 
0.139971 0.220130 0.139971 0.220130 
0.139971 0.220130 0.139971 0.220130 
0.139065 0.219480 0.139064 0.219479 
0.130961 0.211197 0.130962 0.211198 
0.130961 0.207689 0.130962 0.207689 
0.130961 0.207689 0.130962 0.207689 
0.129806 0.207689 0.129804 0.207689 
0.129806 0.207689 0.129804 0.207689 
0.129806 0.207689 0.129804 0.207689 
0.129806 0.206842 0.129804 0.206842 
0.129806 0.209878 0.129804 0.209880 
0.129806 0.209878 0.129804 0.209880 
0.129806 0.208962 0.129804 0.208963 
0.129806 0.208003 0.129804 0.208003 
0.129806 0.208003 0.129804 0.208003 
0.129806 0.208003 0.129804 0.208003 
0.129806 0.208003 0.129804 0.208003 
0.130431 0.208003 0.130431 0.208003 
0.129079 0.208003 0.129078 0.208003 
0.119490 0.200998 0.119489 0.200996 
0.121218 0.200998 0.121218 0.200996 
0.121218 0.202857 0.121218 0.202857 
0.119486 0.201707 0.119489 0.201707 
0.119486 0.201707 0.119489 0.201707 
0.114139 0.201707 0.114143 0.201707 
0.114139 0.201707 0.114143 0.201707 
0.112159 0.204540 0.112159 0.204540 
0.112159 0.204540 0.112159 0.204540 
0.112159 0.204540 0.112159 0.204540 
0.106291 0.204540 0.106292 0.204540 
0.106291 0.204540 0.106292 0.204540 
0.109319 0.204540 0.109321 0.204540 
0.109319 0.204540 0.109321 0.204540 
0.109319 0.201302 0.109321 0.201301 
0.109319 0.201302 0.109321 0.201301 
0.109319 0.201302 0.109321 0.201301 
0.109319 0.201302 0.109321 0.201301 
0.109319 0.201302 0.109321 0.201301 
0.109319 0.192428 0.109321 0.192429 
0.109319 0.192428 0.109321 0.192429 
0.109319 0.192428 0.109321 0.192429 
0.109319 0.192428 0.109321 0.192429 
0.109319 0.193127 0.109321 0.193126 
0.109319 0.191663 0.109321 0.191663 
0.109319 0.191663 0.109321 0.191663 
0.108272 0.191663 0.108270 0.191663 
0.108272 0.191663 0.108270 0.191663 
0.109505 0.191663 0.109507 0.191663 
0.109505 0.191663 0.109507 0.191663 
0.109505 0.185802 0.109507 0.185802 
0.110657 0.185802 0.110657 0.185802 
0.110657 0.185802 0.110657 0.185802 
0.110657 0.185802 0.110657 0.185802 
0.110657 0.185802 0.110657 0.185802 
0.104159 0.185802 0.104158 0.185802 
0.104159 0.185802 0.104158 0.185802 
0.105213 0.185802 0.105211 0.185802 
0.105213 0.185802 0.105211 0.185802 
0.105213 0.185802 0.105211 0.185802 
0.106175 0.185802 0.106177 0.185802 
0.106175 0.179705 0.106177 0.179706 
0.106175 0.179705 0.106177 0.179706 
0.106175 0.179705 0.106177 0.179706 
0.106175 0.179705 0.106177 0.179706 
0.106175 0.179705 0.106177 0.179706 
0.106175 0.179705 0.106177 0.179706 
0.106175 0.179705 0.106177 0.179706 
0.106175 0.180272 0.106177 0.180271 
0.106175 0.180272 0.106177 0.180271 
0.107057 0.180272 0.107057 0.180271 
0.107057 0.176219 0.107057 0.176219 
0.107057 0.176219 0.107057 0.176219 
0.107057 0.176219 0.107057 0.176219 
0.107855 0.176219 0.107855 0.176219 
0.107855 0.176219 0.107855 0.176219 
0.107855 0.178999 0.107855 0.178999 
0.107855 0.178999 0.107855 0.178999 
0.107855 0.178999 0.107855 0.178999 
0.101460 0.179432 0.101459 0.179433 
0.101460 0.179432 0.101459 0.179433 
0.101460 0.179432 0.101459 0.179433 
0.101460 0.172875 0.101459 0.172876 
0.101460 0.172875 0.101459 0.172876 
0.101460 0.172875 0.101459 0.172876 
0.101460 0.172875 0.101459 0.172876 
0.101460 0.173229 0.101459 0.173228 
0.101460 0.173229 0.101459 0.173228 
0.102059 0.173229 0.102060 0.173228 
0.102059 0.173535 0.102060 0.173536 
0.098522 0.173535 0.098520 0.173536 
0.098974 0.173535 0.098974 0.173536 
0.098974 0.169031 0.098974 0.169031 
0.098974 0.169031 0.098974 0.169031 
0.098974 0.169031 0.098974 0.169031 
0.098974 0.169031 0.098974 0.169031 
0.098974 0.169031 0.098974 0.169031 
0.098974 0.169031 0.098974 0.169031 
0.098974 0.169031 0.098974 0.169031 
0.095147 0.169031 0.095148 0.169031 
0.095147 0.169248 0.095148 0.169248 
0.095147 0.169248 0.095148 0.169248 
0.095147 0.169248 0.095148 0.169248 
0.095147 0.169248 0.095148 0.169248 
0.095147 0.169248 0.095148 0.169248 
0.095147 0.169417 0.095148 0.169417 
0.095147 0.169417 0.095148 0.169417 
0.095147 0.167112 0.095148 0.167115 
0.095147 0.164726 0.095148 0.164727 
0.095147 0.164726 0.095148 0.164727 
0.095147 0.162255 0.095148 0.162255 
0.095147 0.162255 0.095148 0.162255 
0.095147 0.162255 0.095148 0.162255 
0.095147 0.162255 0.095148 0.162255 
0.095147 0.162255 0.095148 0.162255 
0.095147 0.162229 0.095148 0.162227 
0.095147 0.162229 0.095148 0.162227 
0.095147 0.164652 0.095148 0.164649 
0.095147 0.164354 0.095148 0.164354 
0.095147 0.164354 0.095148 0.164354 
0.095147 0.164354 0.095148 0.164354 
0.095147 0.164354 0.095148 0.164354 
0.095147 0.164354 0.095148 0.164354 
0.095147 0.164354 0.095148 0.164354 
0.095147 0.164354 0.095148 0.164354 
0.095147 0.164354 0.095148 0.164354 
0.095147 0.161624 0.095148 0.161624 
0.095147 0.161624 0.095148 0.161624 
0.095147 0.161624 0.095148 0.161624 
0.095147 0.161624 0.095148 0.161624 
0.095147 0.161624 0.095148 0.161624 
0.095147 0.161624 0.095148 0.161624 
0.095147 0.161624 0.095148 0.161624 
0.095147 0.161624 0.095148 0.161624 
0.095147 0.161624 0.095148 0.161624 
0.095147 0.156205 0.095148 0.156204 
0.095147 0.155865 0.095148 0.155867 
0.095147 0.158075 0.095148 0.158076 
0.095448 0.158075 0.095447 0.158076 
0.095665 0.158075 0.095661 0.158076 
0.095665 0.158075 0.095661 0.158076 
0.095665 0.157636 0.095661 0.157634 
0.095665 0.157636 0.095661 0.157634 
0.095665 0.153968 0.095661 0.153968 
0.095790 0.153968 0.095789 0.153968 
0.095831 0.153968 0.095831 0.153968 
0.095786 0.153968 0.095789 0.153968 
0.095786 0.153968 0.095789 0.153968 
0.095786 0.153968 0.095789 0.153968 
0.095786 0.153968 0.095789 0.153968 
0.095786 0.155996 0.095789 0.155997 
0.095786 0.155996 0.095789 0.155997 
0.095786 0.155996 0.095789 0.155997 
0.095786 0.155996 0.095789 0.155997 
0.095786 0.155996 0.095789 0.155997 
0.095657 0.155996 0.095661 0.155997 
0.095657 0.155996 0.095661 0.155997 
0.095657 0.155996 0.095661 0.155997 
0.095657 0.155996 0.095661 0.155997 
0.095657 0.155996 0.095661 0.155997 
0.095657 0.155996 0.095661 0.155997 
0.095657 0.155996 0.095661 0.155997 
0.095657 0.155996 0.095661 0.155997 
0.095657 0.155996 0.095661 0.155997 
0.095657 0.155996 0.095661 0.155997 
0.095657 0.155996 0.095661 0.155997 
0.095657 0.155996 0.095661 0.155997 
0.095657 0.155996 0.095661 0.155997 
0.095657 0.155996 0.095661 0.155997 
0.095657 0.155996 0.095661 0.155997 
0.095657 0.152690 0.095661 0.152689 
0.095657 0.152690 0.095661 0.152689 
0.095657 0.143683 0.095661 0.143683 
0.095657 0.143683 0.095661 0.143683 
0.095657 0.143683 0.095661 0.143683 
0.095657 0.143683 0.095661 0.143683 
0.095657 0.143683 0.095661 0.143683 
0.095657 0.143683 0.095661 0.143683 
0.095657 0.143683 0.095661 0.143683 
0.095657 0.143683 0.095661 0.143683 
0.095657 0.143683 0.095661 0.143683 
0.095657 0.143683 0.095661 0.143683 
0.095657 0.143683 0.095661 0.143683 
0.095657 0.143683 0.095661 0.143683 
0.095657 0.142857 0.095661 0.142857 
0.095657 0.142857 0.095661 0.142857 
0.095657 0.141969 0.095661 0.141970 
0.095657 0.141969 0.095661 0.141970 
0.095448 0.141969 0.095447 0.141970 
0.095448 0.141017 0.095447 0.141018 
0.095448 0.141017 0.095447 0.141018 
0.095448 0.140000 0.095447 0.139999 
0.095448 0.140000 0.095447 0.139999 
0.095448 0.140000 0.095447 0.139999 
0.095448 0.140000 0.095447 0.139999 
0.095448 0.140000 0.095447 0.139999 
0.095448 0.140000 0.095447 0.139999 
0.095448 0.140000 0.095447 0.139999 
0.095448 0.140000 0.095447 0.139999 
0.095448 0.140000 0.095447 0.139999 
0.095448 0.140000 0.095447 0.139999 
0.095448 0.140000 0.095447 0.139999 
0.095448 0.141825 0.095447 0.141827 
0.095147 0.140698 0.095148 0.140698 
0.095147 0.142399 0.095148 0.142399 
0.095147 0.142399 0.095148 0.142399 
0.095147 0.141161 0.095148 0.141162 
0.095147 0.139854 0.095148 0.139857 
0.095147 0.139854 0.095148 0.139857 
0.095147 0.139854 0.095148 0.139857 
0.095147 0.139854 0.095148 0.139857 
0.095147 0.139854 0.095148 0.139857 
0.095147 0.139854 0.095148 0.139857 
0.095147 0.139854 0.095148 0.139857 
0.095147 0.137024 0.095148 0.137024 
0.095147 0.137024 0.095148 0.137024 
0.095147 0.137024 0.095148 0.137024 
0.094761 0.137024 0.094761 0.137024 
0.094761 0.137024 0.094761 0.137024 
0.094761 0.137024 0.094761 0.137024 
0.094761 0.137024 0.094761 0.137024 
0.094761 0.132449 0.094761 0.132447 
0.094761 0.132449 0.094761 0.132447 
0.094761 0.132449 0.094761 0.132447 
0.094761 0.132449 0.094761 0.132447 
0.094761 0.130806 0.094761 0.130803 
0.094761 0.130806 0.094761 0.130803 
0.094761 0.129078 0.094761 0.129079 
0.094761 0.130431 0.094761 0.130431 
0.084567 0.131708 0.084564 0.131708 
0.084567 0.131708 0.084564 0.131708 
0.084567 0.131708 0.084564 0.131708 
0.084567 0.131708 0.084564 0.131708 
0.084567 0.131708 0.084564 0.131708 
0.084567 0.129804 0.084564 0.129803 
0.084567 0.129804 0.084564 0.129803 
0.084567 0.129804 0.084564 0.129803 
0.084567 0.129804 0.084564 0.129803 
0.084567 0.129804 0.084564 0.129803 
0.084567 0.129804 0.084564 0.129803 
0.083838 0.129804 0.083837 0.129803 
0.083838 0.129804 0.083837 0.129803 
0.083838 0.129804 0.083837 0.129803 
0.083838 0.130962 0.083837 0.130964 
0.083838 0.130962 0.083837 0.130964 
0.083838 0.130962 0.083837 0.130964 
0.083002 0.130962 0.083005 0.130964 
0.083002 0.130962 0.083005 0.130964 
0.083002 0.130962 0.083005 0.130964 
0.083002 0.130962 0.083005 0.130964 
0.083002 0.130962 0.083005 0.130964 
0.082065 0.130962 0.082065 0.130964 
0.081014 0.130962 0.081014 0.130964 
0.081014 0.130962 0.081014 0.130964 
0.081014 0.130962 0.081014 0.130964 
0.081014 0.130962 0.081014 0.130964 
0.081014 0.130962 0.081014 0.130964 
0.081014 0.130962 0.081014 0.130964 
0.081014 0.130962 0.081014 0.130964 
0.081014 0.130962 0.081014 0.130964 
0.081014 0.130962 0.081014 0.130964 
0.081014 0.130962 0.081014 0.130964 
0.081014 0.130962 0.081014 0.130964 
0.081014 0.130962 0.081014 0.130964 
0.081014 0.130962 0.081014 0.130964 
0.081014 0.130962 0.081014 0.130964 
0.081014 0.130962 0.081014 0.130964 
0.081014 0.132048 0.081014 0.132049 
0.081014 0.132048 0.081014 0.132049 
0.081014 0.132048 0.081014 0.132049 
0.074563 0.132048 0.074560 0.132049 
0.073176 0.132048 0.073179 0.132049 
0.073176 0.132048 0.073179 0.132049 
0.073176 0.133064 0.073179 0.133063 
0.073176 0.133064 0.073179 0.133063 
0.073176 0.133064 0.073179 0.133063 
0.073176 0.133064 0.073179 0.133063 
0.073176 0.133064 0.073179 0.133063 
0.073176 0.133064 0.073179 0.133063 
0.073176 0.133064 0.073179 0.133063 
0.073176 0.133064 0.073179 0.133063 
0.073176 0.133064 0.073179 0.133063 
0.073176 0.133064 0.073179 0.133063 
0.073176 0.133064 0.073179 0.133063 
0.073176 0.133064 0.073179 0.133063 
0.073176 0.133064 0.073179 0.133063 
0.073176 0.134012 0.073179 0.134012 
0.073176 0.134012 0.073179 0.134012 
0.073176 0.134012 0.073179 0.134012 
0.073176 0.134012 0.073179 0.134012 
0.073176 0.128698 0.073179 0.128698 
0.073176 0.128698 0.073179 0.128698 
0.073176 0.128698 0.073179 0.128698 
0.073176 0.128698 0.073179 0.128698 
0.073176 0.128698 0.073179 0.128698 
0.073176 0.128698 0.073179 0.128698 
0.073176 0.128698 0.073179 0.128698 
0.073176 0.128698 0.073179 0.128698 
0.073176 0.128698 0.073179 0.128698 
0.073176 0.128698 0.073179 0.128698 
0.073176 0.129552 0.073179 0.129554 
0.073176 0.129552 0.073179 0.129554 
0.073176 0.129552 0.073179 0.129554 
0.073176 0.129552 0.073179 0.129554 
0.073176 0.129552 0.073179 0.129554 
0.073176 0.129552 0.073179 0.129554 
0.073176 0.129552 0.073179 0.129554 
0.073176 0.129552 0.073179 0.129554 
0.073176 0.129552 0.073179 0.129554 
0.073176 0.129552 0.073179 0.129554 
0.073176 0.129552 0.073179 0.129554 
0.073176 0.129552 0.073179 0.129554 
0.073176 0.129552 0.073179 0.129554 
0.073176 0.129552 0.073179 0.129554 
0.073176 0.129552 0.073179 0.129554 
0.073176 0.129552 0.073179 0.129554 
0.073176 0.129552 0.073179 0.129554 
0.073176 0.129552 0.073179 0.129554 
0.073176 0.129552 0.073179 0.129554 
0.073176 0.129552 0.073179 0.129554 
0.073176 0.129552 0.073179 0.129554 
0.073176 0.129552 0.073179 0.129554 
0.073176 0.129552 0.073179 0.129554 
0.073176 0.129552 0.073179 0.129554 
0.073176 0.129552 0.073179 0.129554 
0.073176 0.129552 0.073179 0.129554 
0.073176 0.127167 0.073179 0.127166 
0.073176 0.127167 0.073179 0.127166 
0.073176 0.127167 0.073179 0.127166 
0.073176 0.127167 0.073179 0.127166 
0.073176 0.127167 0.073179 0.127166 
0.071657 0.127167 0.071657 0.127166 
0.071657 0.127167 0.071657 0.127166 
0.071657 0.127167 0.071657 0.127166 
0.071657 0.127167 0.071657 0.127166 
0.071657 0.127167 0.071657 0.127166 
0.071657 0.127167 0.071657 0.127166 
0.071657 0.127167 0.071657 0.127166 
0.071657 0.124671 0.071657 0.124671 
0.071657 0.124671 0.071657 0.124671 
0.071657 0.124671 0.071657 0.124671 
0.071657 0.124671 0.071657 0.124671 
0.071657 0.124671 0.071657 0.124671 
0.071657 0.124671 0.071657 0.124671 
0.071657 0.124671 0.071657 0.124671 
0.071657 0.124671 0.071657 0.124671 
0.071657 0.124671 0.071657 0.124671 
0.071657 0.124671 0.071657 0.124671 
0.071657 0.124671 0.071657 0.124671 
0.071657 0.124671 0.071657 0.124671 
0.071657 0.124671 0.071657 0.124671 
0.071657 0.122057 0.071657 0.122057 
0.071657 0.122057 0.071657 0.122057 
0.071657 0.122057 0.071657 0.122057 
0.071657 0.122057 0.071657 0.122057 
0.069985 0.122057 0.069985 0.122057 
0.069985 0.122057 0.069985 0.122057 
0.069985 0.122057 0.069985 0.122057 
0.069985 0.122057 0.069985 0.122057 
0.069985 0.122057 0.069985 0.122057 
0.069985 0.122691 0.069985 0.122692 
0.069985 0.122691 0.069985 0.122692 
0.069985 0.122691 0.069985 0.122692 
0.069985 0.122691 0.069985 0.122692 
0.069985 0.122691 0.069985 0.122692 
0.069985 0.122691 0.069985 0.122692 
0.069985 0.122691 0.069985 0.122692 
0.069985 0.123255 0.069985 0.123256 
0.069985 0.123255 0.069985 0.123256 
0.069985 0.123255 0.069985 0.123256 
0.069985 0.123255 0.069985 0.123256 
0.069985 0.123255 0.069985 0.123256 
0.069985 0.123255 0.069985 0.123256 
0.069985 0.123255 0.069985 0.123256 
0.069985 0.123255 0.069985 0.123256 
0.068156 0.123255 0.068153 0.123256 
0.068156 0.123255 0.068153 0.123256 
0.068156 0.123255 0.068153 0.123256 
0.068156 0.123255 0.068153 0.123256 
0.068156 0.123255 0.068153 0.123256 
0.068156 0.123255 0.068153 0.123256 
0.068156 0.123255 0.068153 0.123256 
0.068156 0.123255 0.068153 0.123256 
0.068156 0.123255 0.068153 0.123256 
0.068156 0.123255 0.068153 0.123256 
0.068156 0.123255 0.068153 0.123256 
0.068156 0.123255 0.068153 0.123256 
0.068156 0.120407 0.068153 0.120407 
0.068156 0.120407 0.068153 0.120407 
0.068156 0.120407 0.068153 0.120407 
0.068156 0.120407 0.068153 0.120407 
0.068156 0.120407 0.068153 0.120407 
0.068156 0.120407 0.068153 0.120407 
0.068156 0.120407 0.068153 0.120407 
0.068156 0.120407 0.068153 0.120407 
0.068156 0.120407 0.068153 0.120407 
0.068156 0.120407 0.068153 0.120407 
0.068156 0.120407 0.068153 0.120407 
0.068156 0.120407 0.068153 0.120407 
0.068156 0.120407 0.068153 0.120407 
0.068156 0.120407 0.068153 0.120407 
0.068156 0.120407 0.068153 0.120407 
0.068156 0.120407 0.068153 0.120407 
0.068156 0.120407 0.068153 0.120407 
0.068156 0.120407 0.068153 0.120407 
0.068156 0.120407 0.068153 0.120407 
0.068156 0.120407 0.068153 0.120407 
0.068156 0.120407 0.068153 0.120407 
0.068156 0.120847 0.068153 0.120849 
0.068156 0.120847 0.068153 0.120849 
0.068156 0.120847 0.068153 0.120849 
0.068156 0.120847 0.068153 0.120849 
0.068156 0.121218 0.068153 0.121218 
0.068156 0.121218 0.068153 0.121218 
0.068156 0.121218 0.068153 0.121218 
0.068156 0.121218 0.068153 0.121218 
0.068156 0.121521 0.068153 0.121520 
0.068156 0.121521 0.068153 0.121520 
0.068156 0.121521 0.068153 0.121520 
0.068156 0.121521 0.068153 0.121520 
0.068156 0.121521 0.068153 0.121520 
0.068156 0.118356 0.068153 0.118357 
0.068156 0.118356 0.068153 0.118357 
0.068156 0.118356 0.068153 0.118357 
0.068156 0.118356 0.068153 0.118357 
0.068156 0.118356 0.068153 0.118357 
0.068156 0.118356 0.068153 0.118357 
0.068156 0.118356 0.068153 0.118357 
0.068156 0.115033 0.068153 0.115037 
0.068156 0.115033 0.068153 0.115037 
0.068156 0.115033 0.068153 0.115037 
0.068156 0.115033 0.068153 0.115037 
0.068156 0.115033 0.068153 0.115037 
0.068156 0.115033 0.068153 0.115037 
0.068156 0.115033 0.068153 0.115037 
0.068156 0.115033 0.068153 0.115037 
0.068156 0.115033 0.068153 0.115037 
0.068156 0.115033 0.068153 0.115037 
0.068156 0.115033 0.068153 0.115037 
0.068156 0.115033 0.068153 0.115037 
0.068156 0.115033 0.068153 0.115037 
0.068156 0.115033 0.068153 0.115037 
0.066150 0.115033 0.066148 0.115037 
0.066150 0.111538 0.066148 0.111539 
0.066150 0.111538 0.066148 0.111539 
0.066150 0.111538 0.066148 0.111539 
0.066150 0.111538 0.066148 0.111539 
0.057213 0.111538 0.057214 0.111539 
0.057213 0.111538 0.057214 0.111539 
0.057213 0.111538 0.057214 0.111539 
0.057213 0.111538 0.057214 0.111539 
0.057213 0.111538 0.057214 0.111539 
0.054515 0.111538 0.054511 0.111539 
0.054515 0.111538 0.054511 0.111539 
0.054515 0.111538 0.054511 0.111539 
0.054515 0.111538 0.054511 0.111539 
0.054515 0.111538 0.054511 0.111539 
0.054515 0.111538 0.054511 0.111539 
0.054515 0.111538 0.054511 0.111539 
0.054515 0.111538 0.054511 0.111539 
0.054515 0.111538 0.054511 0.111539 
0.054515 0.111575 0.054511 0.111575 
0.054515 0.111575 0.054511 0.111575 
0.054515 0.111575 0.054511 0.111575 
0.054515 0.111575 0.054511 0.111575 
0.054515 0.111575 0.054511 0.111575 
0.054515 0.111575 0.054511 0.111575 
0.054515 0.111575 0.054511 0.111575 
0.054515 0.111575 0.054511 0.111575 
0.054515 0.111575 0.054511 0.111575 
0.054515 0.111575 0.054511 0.111575 
0.054515 0.111575 0.054511 0.111575 
0.042857 0.111575 0.042857 0.111575 
0.042857 0.111575 0.042857 0.111575 
0.042857 0.111575 0.042857 0.111575 
0.042857 0.111575 0.042857 0.111575 
0.042857 0.111575 0.042857 0.111575 
0.042857 0.111575 0.042857 0.111575 
0.042857 0.111575 0.042857 0.111575 
0.042857 0.111575 0.042857 0.111575 
0.042857 0.111575 0.042857 0.111575 
0.042857 0.111575 0.042857 0.111575 
0.042857 0.111575 0.042857 0.111575 
0.042857 0.111575 0.042857 0.111575 
0.038755 0.111575 0.038756 0.111575 
0.038755 0.111575 0.038756 0.111575 
0.038755 0.111575 0.038756 0.111575 
0.038755 0.111575 0.038756 0.111575 
0.038755 0.111575 0.038756 0.111575 
0.038755 0.111575 0.038756 0.111575 
0.038755 0.107817 0.038756 0.107814 
0.038755 0.107817 0.038756 0.107814 
0.038755 0.107817 0.038756 0.107814 
0.038755 0.107817 0.038756 0.107814 
0.038755 0.107817 0.038756 0.107814 
0.038755 0.107817 0.038756 0.107814 
0.038755 0.107817 0.038756 0.107814 
0.038755 0.107703 0.038756 0.107699 
0.038755 0.107703 0.038756 0.107699 
0.038755 0.107703 0.038756 0.107699 
0.038755 0.107703 0.038756 0.107699 
0.038755 0.107703 0.038756 0.107699 
0.038755 0.107703 0.038756 0.107699 
0.038755 0.107703 0.038756 0.107699 
0.038755 0.107703 0.038756 0.107699 
0.038755 0.107703 0.038756 0.107699 
0.038755 0.107703 0.038756 0.107699 
0.038755 0.095447 0.038756 0.095448 
0.038755 0.095447 0.038756 0.095448 
0.038755 0.095148 0.038756 0.095147 
0.038755 0.094761 0.038756 0.094761 
0.038755 0.094761 0.038756 0.094761 
0.038755 0.094761 0.038756 0.094761 
0.038755 0.094761 0.038756 0.094761 
0.038755 0.094761 0.038756 0.094761 
0.038755 0.094761 0.038756 0.094761 
0.038755 0.094286 0.038756 0.094284 
0.038755 0.094286 0.038756 0.094284 
0.038755 0.094286 0.038756 0.094284 
0.038755 0.094286 0.038756 0.094284 
0.038755 0.094286 0.038756 0.094284 
0.038755 0.094286 0.038756 0.094284 
0.038755 0.094286 0.038756 0.094284 
0.038755 0.094286 0.038756 0.094284 
0.038755 0.094286 0.038756 0.094284 
0.038755 0.094286 0.038756 0.094284 
0.038755 0.094286 0.038756 0.094284 
0.038755 0.094286 0.038756 0.094284 
0.038755 0.094286 0.038756 0.094284 
0.038755 0.094286 0.038756 0.094284 
0.038755 0.084564 0.038756 0.084567 
0.038755 0.083837 0.038756 0.083838 
0.038755 0.083837 0.038756 0.083838 
0.038755 0.083837 0.038756 0.083838 
0.038755 0.083837 0.038756 0.083838 
0.038755 0.083837 0.038756 0.083838 
0.038755 0.083837 0.038756 0.083838 
0.038755 0.083837 0.038756 0.083838 
0.038755 0.083837 0.038756 0.083838 
0.038755 0.083837 0.038756 0.083838 
0.038755 0.083837 0.038756 0.083838 
0.038755 0.083837 0.038756 0.083838 
0.038755 0.083837 0.038756 0.083838 
0.038755 0.083837 0.038756 0.083838 
0.038755 0.083837 0.038756 0.083838 
0.038755 0.083837 0.038756 0.083838 
0.038755 0.083837 0.038756 0.083838 
0.038755 0.083837 0.038756 0.083838 
0.038755 0.083837 0.038756 0.083838 
0.038755 0.083837 0.038756 0.083838 
0.038755 0.083837 0.038756 0.083838 
0.038755 0.083837 0.038756 0.083838 
0.038755 0.083837 0.038756 0.083838 
0.038755 0.083837 0.038756 0.083838 
0.038755 0.083837 0.038756 0.083838 
0.038755 0.083837 0.038756 0.083838 
0.038755 0.083837 0.038756 0.083838 
0.038755 0.083005 0.038756 0.083002 
0.038755 0.083005 0.038756 0.083002 
0.038755 0.083005 0.038756 0.083002 
0.038755 0.083005 0.038756 0.083002 
0.038755 0.083005 0.038756 0.083002 
0.038755 0.083005 0.038756 0.083002 
0.038755 0.082065 0.038756 0.082065 
0.038755 0.082065 0.038756 0.082065 
0.038755 0.082065 0.038756 0.082065 
0.038755 0.082065 0.038756 0.082065 
0.038755 0.082065 0.038756 0.082065 
0.038755 0.082065 0.038756 0.082065 
0.038755 0.082065 0.038756 0.082065 
0.038755 0.082065 0.038756 0.082065 
0.038755 0.082065 0.038756 0.082065 
0.038755 0.082065 0.038756 0.082065 
0.038755 0.082065 0.038756 0.082065 
0.038755 0.082065 0.038756 0.082065 
0.038755 0.082065 0.038756 0.082065 
0.038755 0.082065 0.038756 0.082065 
0.038755 0.082065 0.038756 0.082065 
0.038755 0.082065 0.038756 0.082065 
0.038755 0.082065 0.038756 0.082065 
0.038755 0.082065 0.038756 0.082065 
0.038755 0.082065 0.038756 0.082065 
0.038755 0.081014 0.038756 0.081014 
0.038755 0.074560 0.038756 0.074563 
0.038755 0.074560 0.038756 0.074563 
0.038755 0.074560 0.038756 0.074563 
0.038755 0.074560 0.038756 0.074563 
0.038755 0.074560 0.038756 0.074563 
0.033917 0.074560 0.033927 0.074563 
0.033917 0.074560 0.033927 0.074563 
0.028008 0.074560 0.027994 0.074563 
0.028008 0.067370 0.027994 0.067368 
0.028008 0.067370 0.027994 0.067368 
0.028008 0.067370 0.027994 0.067368 
0.028008 0.067370 0.027994 0.067368 
0.028008 0.067370 0.027994 0.067368 
0.028008 0.067370 0.027994 0.067368 
0.028008 0.067370 0.027994 0.067368 
0.028008 0.067370 0.027994 0.067368 
0.028008 0.067370 0.027994 0.067368 
0.028008 0.065714 0.027994 0.065715 
0.028008 0.065714 0.027994 0.065715 
0.028008 0.065714 0.027994 0.065715 
0.028008 0.065714 0.027994 0.065715 
