36.592361 62.000000
43.646984 155.000000
39.032368 252.000000
32.744492 339.000000
29.483280 408.000000
25.737202 509.000000
22.903534 596.000000
20.677835 666.000000
19.439182 749.000000
17.911634 844.000000
17.105726 914.000000
15.976784 997.000000
52.936089 95.000000
43.646984 215.000000
39.032368 302.000000
35.652412 392.000000
30.315161 447.000000
26.476505 525.000000
23.570343 611.000000
21.286259 721.000000
19.439182 782.000000
17.911634 853.000000
16.625231 936.000000
49.991596 97.000000
40.217918 194.000000
36.592361 275.000000
32.744492 355.000000
30.315161 474.000000
26.476505 573.000000
24.880421 638.000000
22.482609 725.000000
20.541658 804.000000
18.935181 860.000000
18.519012 932.000000
46.899563 146.000000
38.431152 259.000000
36.592361 335.000000
31.743986 414.000000
27.783955 502.000000
24.229221 594.000000
22.228481 653.000000
20.062233 723.000000
18.312210 790.000000
17.391716 845.000000
16.139750 939.000000
52.936089 88.000000
41.955647 200.000000
34.053730 275.000000
30.726837 375.000000
26.915588 457.000000
24.229221 539.000000
21.544884 608.000000
20.062233 698.000000
18.312210 786.000000
16.866091 863.000000
15.649102 947.000000
49.991596 91.000000
45.294258 188.000000
36.592361 285.000000
34.698124 355.000000
31.135738 442.000000
27.206480 500.000000
24.229221 586.000000
21.887775 661.000000
19.993380 755.000000
18.426060 811.000000
17.105726 886.000000
15.976784 947.000000
55.743820 98.000000
40.217918 189.000000
31.406820 271.000000
27.568069 363.000000
24.229221 455.000000
21.084234 536.000000
20.150625 626.000000
18.169516 704.000000
16.571541 776.000000
15.252735 834.000000
14.651482 949.000000
43.646984 61.000000
36.592361 117.000000
34.053730 171.000000
28.639698 253.000000
26.915588 311.000000
24.988232 379.000000
22.903534 471.000000
20.677835 541.000000
18.878872 621.000000
17.391716 711.000000
16.139750 773.000000
15.069881 841.000000
14.144051 915.000000
13.334261 975.000000
32.744492 80.000000
30.726837 160.000000
27.206480 234.000000
25.363949 338.000000
22.364168 417.000000
21.084234 490.000000
18.717625 556.000000
16.866091 615.000000
15.374218 709.000000
14.144051 785.000000
13.110651 862.000000
12.229158 931.000000
63.430954 140.000000
54.356445 214.000000
45.833923 293.000000
38.431152 394.000000
33.533348 454.000000
29.343510 522.000000
26.160822 607.000000
23.653133 688.000000
21.621271 774.000000
19.938231 867.000000
18.519012 948.000000
58.423878 84.000000
43.646984 184.000000
36.592361 272.000000
31.743986 349.000000
26.915588 408.000000
24.229221 494.000000
21.544884 562.000000
20.062233 656.000000
18.878872 728.000000
17.391716 810.000000
16.139750 910.000000
15.069881 991.000000
49.991596 84.000000
36.592361 147.000000
31.406820 269.000000
31.743986 365.000000
28.639698 440.000000
24.988232 503.000000
22.228481 588.000000
20.062233 649.000000
18.312210 732.000000
16.866091 828.000000
15.649102 904.000000
14.609422 975.000000
52.936089 109.000000
41.955647 223.000000
32.744492 304.000000
28.639698 382.000000
25.138813 490.000000
21.887775 570.000000
19.439182 656.000000
17.522219 727.000000
15.976784 812.000000
15.252735 930.000000
40.217918 102.000000
30.726837 170.000000
31.406820 294.000000
26.476505 386.000000
25.138813 493.000000
22.679449 549.000000
20.150625 598.000000
18.808392 690.000000
17.158819 759.000000
15.796855 834.000000
14.651482 945.000000
40.217918 91.000000
38.431152 197.000000
34.053730 308.000000
28.639698 430.000000
24.229221 530.000000
21.887775 639.000000
20.150625 720.000000
18.169516 839.000000
17.738943 946.000000
49.991596 106.000000
43.646984 222.000000
34.053730 309.000000
30.726837 392.000000
26.915588 473.000000
23.459772 561.000000
20.852385 646.000000
18.808392 751.000000
17.738943 825.000000
16.334553 920.000000
28.639698 79.000000
24.229221 148.000000
21.084234 212.000000
21.887775 275.000000
20.432468 356.000000
19.439182 453.000000
17.242125 519.000000
15.525611 587.000000
15.374218 678.000000
14.144051 743.000000
13.110651 797.000000
12.229158 871.000000
11.467550 953.000000
65.770485 126.000000
43.646984 212.000000
37.824162 289.000000
33.729008 362.000000
28.639698 472.000000
25.737202 548.000000
22.903534 628.000000
21.286259 710.000000
19.439182 791.000000
17.911634 866.000000
16.625231 958.000000
49.991596 99.000000
41.955647 183.000000
36.592361 242.000000
32.744492 362.000000
28.639698 477.000000
24.988232 565.000000
23.570343 659.000000
21.286259 709.000000
19.439182 764.000000
17.911634 845.000000
16.625231 940.000000
52.936089 114.000000
49.991596 248.000000
41.381683 338.000000
35.652412 410.000000
31.135738 506.000000
27.206480 617.000000
24.880421 724.000000
22.482609 816.000000
20.541658 910.000000
18.935181 996.000000
52.936089 91.000000
40.217918 184.000000
35.335934 264.000000
28.639698 351.000000
25.138813 443.000000
22.679449 552.000000
20.852385 656.000000
18.808392 756.000000
17.158819 842.000000
15.796855 920.000000
52.936089 74.000000
43.646984 153.000000
37.824162 225.000000
30.726837 303.000000
27.783955 395.000000
24.229221 471.000000
21.544884 568.000000
19.439182 625.000000
17.738943 694.000000
16.334553 762.000000
15.153086 856.000000
14.144051 913.000000
13.271313 993.000000
43.646984 108.000000
34.698124 204.000000
25.737202 323.000000
24.229221 423.000000
23.304588 521.000000
21.887775 596.000000
19.439182 694.000000
18.169516 776.000000
17.158819 875.000000
16.334553 954.000000
46.899563 91.000000
34.698124 196.000000
34.053730 298.000000
28.639698 368.000000
26.034065 435.000000
22.679449 492.000000
20.150625 587.000000
18.808392 652.000000
17.158819 721.000000
15.796855 796.000000
15.153086 881.000000
14.144051 940.000000
13.271313 992.000000
49.991596 95.000000
45.294258 218.000000
40.217918 294.000000
34.698124 356.000000
29.483280 422.000000
26.476505 508.000000
23.570343 591.000000
21.286259 655.000000
19.439182 709.000000
17.911634 793.000000
16.625231 908.000000
15.525611 965.000000
55.743820 131.000000
41.955647 244.000000
40.217918 331.000000
33.729008 393.000000
30.315161 446.000000
27.206480 527.000000
25.524218 596.000000
23.653133 670.000000
21.621271 749.000000
19.938231 812.000000
18.519012 897.000000
17.304506 996.000000
46.899563 122.000000
32.744492 201.000000
28.639698 297.000000
25.363949 378.000000
22.364168 488.000000
20.268242 549.000000
18.717625 620.000000
16.866091 691.000000
15.374218 757.000000
14.144051 849.000000
13.110651 941.000000
43.646984 77.000000
34.698124 172.000000
27.206480 257.000000
25.363949 324.000000
21.407104 378.000000
19.439182 434.000000
17.985456 481.000000
16.200718 558.000000
14.763449 628.000000
14.144051 704.000000
13.110651 782.000000
12.229158 864.000000
11.467550 946.000000
43.646984 87.000000
38.431152 197.000000
34.053730 340.000000
28.639698 410.000000
25.138813 491.000000
21.887775 611.000000
20.852385 710.000000
18.808392 801.000000
17.738943 892.000000
16.866091 987.000000
52.936089 104.000000
46.899563 184.000000
40.217918 286.000000
34.698124 366.000000
29.483280 439.000000
27.206480 508.000000
24.880421 569.000000
22.482609 656.000000
20.541658 736.000000
18.935181 800.000000
17.581419 884.000000
16.423561 959.000000
52.936089 112.000000
46.899563 186.000000
36.592361 240.000000
30.726837 324.000000
26.034065 398.000000
23.459772 487.000000
20.852385 575.000000
19.439182 661.000000
17.738943 741.000000
16.334553 829.000000
15.153086 896.000000
14.144051 985.000000
63.430954 125.000000
46.899563 227.000000
37.824162 322.000000
31.743986 403.000000
28.639698 490.000000
25.737202 602.000000
22.903534 695.000000
20.677835 781.000000
19.439182 842.000000
17.911634 920.000000
46.899563 94.000000
32.744492 164.000000
30.039143 223.000000
25.363949 294.000000
22.364168 375.000000
19.439182 448.000000
17.985456 521.000000
16.866091 614.000000
15.374218 697.000000
14.701907 748.000000
13.630536 844.000000
12.716370 907.000000
11.926320 999.000000
55.743820 132.000000
43.646984 239.000000
36.592361 320.000000
31.743986 413.000000
26.915588 494.000000
24.229221 569.000000
21.544884 658.000000
19.439182 748.000000
17.738943 831.000000
16.334553 917.000000
15.649102 996.000000
49.991596 117.000000
41.955647 247.000000
35.335934 376.000000
31.743986 450.000000
28.639698 564.000000
24.988232 656.000000
22.228481 726.000000
20.677835 784.000000
18.878872 842.000000
17.391716 917.000000
43.646984 102.000000
36.592361 219.000000
30.039143 339.000000
29.692333 431.000000
26.034065 508.000000
23.459772 563.000000
20.852385 635.000000
18.808392 729.000000
17.158819 808.000000
15.796855 861.000000
14.651482 937.000000
68.007706 135.000000
46.899563 218.000000
41.381683 342.000000
36.592361 464.000000
31.945393 513.000000
27.927446 607.000000
24.880421 687.000000
23.070999 768.000000
21.084234 873.000000
19.439182 949.000000
58.423878 126.000000
43.646984 221.000000
35.335934 312.000000
32.744492 405.000000
29.483280 482.000000
25.737202 559.000000
24.880421 633.000000
23.070999 720.000000
21.084234 813.000000
19.439182 879.000000
18.052464 966.000000
52.936089 101.000000
41.955647 216.000000
32.744492 303.000000
27.568069 421.000000
26.034065 510.000000
22.679449 575.000000
20.150625 659.000000
18.169516 748.000000
17.158819 823.000000
15.796855 902.000000
15.153086 991.000000
58.423878 91.000000
45.294258 168.000000
36.592361 281.000000
29.692333 350.000000
25.138813 443.000000
22.679449 559.000000
20.852385 635.000000
18.808392 755.000000
17.158819 845.000000
15.796855 918.000000
14.651482 988.000000
49.991596 117.000000
36.592361 216.000000
32.744492 310.000000
26.476505 412.000000
23.304588 529.000000
20.268242 613.000000
17.985456 695.000000
16.200718 756.000000
14.763449 858.000000
13.578839 942.000000
55.743820 100.000000
41.955647 200.000000
36.592361 296.000000
29.692333 396.000000
26.915588 495.000000
23.459772 602.000000
20.852385 712.000000
18.808392 803.000000
17.158819 909.000000
55.743820 103.000000
45.294258 188.000000
40.217918 268.000000
36.592361 361.000000
31.135738 459.000000
27.927446 552.000000
26.160822 633.000000
23.653133 703.000000
21.621271 770.000000
20.432468 847.000000
19.893057 907.000000
18.596346 957.000000
55.743820 78.000000
43.646984 167.000000
36.592361 256.000000
30.726837 330.000000
27.783955 431.000000
24.988232 497.000000
22.228481 578.000000
20.677835 679.000000
18.878872 748.000000
17.391716 824.000000
16.139750 926.000000
32.744492 84.000000
30.726837 147.000000
24.229221 228.000000
20.677835 311.000000
20.432468 418.000000
17.738943 498.000000
15.719520 585.000000
14.144051 694.000000
13.515570 778.000000
12.424766 847.000000
11.509483 907.000000
10.729525 977.000000
36.592361 91.000000
30.726837 186.000000
27.206480 268.000000
21.887775 344.000000
19.439182 421.000000
16.866091 511.000000
15.719520 589.000000
14.840258 671.000000
14.144051 752.000000
13.005885 843.000000
12.584083 899.000000
11.735829 960.000000
52.936089 107.000000
43.646984 197.000000
36.592361 303.000000
29.692333 390.000000
25.138813 451.000000
22.679449 565.000000
20.852385 641.000000
18.808392 713.000000
17.158819 796.000000
15.796855 899.000000
14.651482 989.000000
55.743820 111.000000
46.899563 188.000000
36.592361 292.000000
31.743986 387.000000
26.915588 470.000000
23.459772 557.000000
20.852385 655.000000
18.808392 739.000000
17.738943 815.000000
16.334553 865.000000
15.153086 910.000000
14.144051 960.000000
46.899563 84.000000
38.431152 136.000000
34.053730 219.000000
29.692333 310.000000
26.915588 382.000000
24.229221 436.000000
21.544884 523.000000
19.439182 577.000000
17.738943 645.000000
16.334553 712.000000
15.153086 790.000000
14.144051 889.000000
13.271313 963.000000
43.646984 90.000000
38.431152 209.000000
32.744492 291.000000
30.726837 380.000000
27.783955 489.000000
24.229221 577.000000
22.228481 673.000000
20.062233 772.000000
18.878872 866.000000
17.391716 948.000000
