0.562792 0.602376 
0.706818 0.666701 
0.404061 0.683329 
0.606091 0.779586 
0.527218 0.846602 
0.543984 0.800255 
0.602376 0.660550 
0.476381 0.776176 
0.670059 0.849730 
0.666701 0.916070 
0.421852 1.054630 
0.527218 0.947607 
0.551066 0.815413 
0.571429 0.944155 
0.525279 0.752953 
0.505076 0.909137 
0.486973 0.683329 
0.581694 1.042759 
0.486973 1.030158 
0.519419 0.857381 
0.672795 0.730949 
0.683329 0.745326 
0.699854 0.776176 
0.638877 0.823383 
0.609114 0.814411 
0.597956 0.926041 
0.496518 0.913392 
0.732900 0.979171 
0.557326 0.989743 
0.662709 1.056757 
0.404061 0.960655 
0.620730 0.968061 
0.517451 0.917850 
0.476381 1.009344 
0.496518 0.864020 
0.557326 0.974156 
0.370328 0.856190 
0.512696 0.723089 
0.572855 0.865672 
0.551066 0.677631 
0.418452 0.912722 
0.551066 0.798979 
0.536048 0.873417 
0.525279 0.988918 
0.486973 0.890081 
0.671277 1.020004 
0.602376 0.793082 
0.431419 0.873417 
0.577115 0.964894 
0.551066 0.833973 
0.462910 1.133713 
0.571429 0.944155 
0.543984 1.049003 
0.607437 1.291100 
0.571429 0.880862 
0.574634 0.933722 
0.551066 0.999796 
0.471212 0.947607 
0.421852 1.124132 
0.443087 0.876216 
0.551066 0.956396 
0.658074 0.879703 
0.496518 0.825363 
0.602376 1.068281 
0.641745 1.023001 
0.404061 0.974156 
0.658074 1.049003 
0.614452 0.926041 
0.543984 0.781417 
0.551066 0.998162 
0.760236 0.857143 
0.486973 0.940907 
0.670059 0.880631 
0.512696 1.160577 
0.536048 0.822143 
0.496518 0.934814 
0.462910 0.999796 
0.530306 0.952976 
0.721676 0.899206 
0.486973 0.936559 
0.586933 1.099907 
0.543984 1.060612 
0.635353 0.968061 
0.662709 0.843704 
0.597956 1.042759 
0.437526 0.909137 
0.580288 1.160577 
0.592814 1.150155 
0.607437 1.195399 
0.571429 0.958102 
0.580288 1.063111 
0.486973 0.925820 
0.404566 0.988918 
0.586933 0.824126 
0.484873 0.864020 
0.606091 1.211509 
0.562792 0.947607 
0.451754 1.055404 
0.451754 0.863075 
0.505076 1.015191 
0.602376 1.139996 
0.478518 1.015191 
0.418452 0.899887 
0.527218 1.069045 
0.562792 0.938083 
0.418452 1.147313 
0.551066 1.065986 
0.478518 1.378553 
0.672795 1.337222 
0.597956 1.307592 
0.525279 1.094700 
0.525279 1.199490 
0.564602 1.082137 
0.638877 0.750782 
0.574634 0.925820 
0.592814 1.185112 
0.451754 1.166890 
0.557326 1.143036 
0.562792 1.076844 
0.512696 1.049003 
0.486973 0.979171 
0.646813 1.192493 
0.586933 0.989950 
0.786623 0.879703 
0.527218 0.864020 
0.676425 0.947822 
0.662709 1.029365 
0.551066 1.023001 
0.476381 1.105829 
0.545482 1.002853 
0.597956 1.018402 
0.551066 1.191980 
0.591090 1.068281 
0.578880 1.020004 
0.494872 0.946745 
0.350510 1.054630 
0.404061 0.934814 
0.586933 0.904411 
0.613122 0.913392 
0.486973 0.743955 
0.580288 0.997139 
0.611455 0.866850 
0.592814 0.965528 
0.586933 0.947607 
0.527218 0.890769 
0.557326 0.944155 
0.536048 1.029365 
0.512696 0.866850 
0.705951 0.977502 
0.486973 0.994885 
0.626295 1.020004 
0.536048 0.893514 
0.519419 1.046666 
0.551066 0.914509 
0.431419 0.879703 
0.646498 1.009344 
0.705951 0.988918 
0.525279 0.846602 
0.631163 1.103612 
0.643967 0.832993 
0.462910 0.931315 
0.476381 1.039819 
0.586933 0.848528 
0.740656 1.103612 
0.506690 1.026983 
0.543984 0.989950 
0.512696 0.895339 
0.490314 0.955329 
0.370328 0.999796 
0.431419 1.281740 
0.578880 1.087968 
0.527218 0.857143 
0.760236 0.924938 
0.536048 0.965528 
0.421852 1.018402 
0.536048 1.068281 
0.505076 1.038248 
0.496518 1.178030 
0.592814 1.054630 
0.611455 0.902604 
0.431419 1.023001 
0.476381 0.986439 
0.527218 0.979171 
0.519419 0.856190 
0.370328 0.979171 
0.664247 0.986439 
0.437526 0.766918 
0.464670 0.879703 
0.567486 0.818411 
0.760236 0.646813 
0.431419 1.049976 
0.451754 1.185112 
0.525279 1.160753 
0.464670 1.114103 
0.572855 0.872248 
0.496518 0.863075 
0.572855 0.998162 
0.602376 1.003870 
0.527218 1.249490 
0.486973 1.142143 
0.506690 1.050559 
0.451754 1.212856 
0.478518 1.157231 
0.626295 0.866850 
0.641745 0.982292 
0.555492 1.084398 
0.574634 1.035098 
0.418452 1.022402 
0.555492 1.055404 
0.496518 0.839096 
0.388088 0.982292 
0.404061 1.166890 
0.486973 1.017400 
0.606091 0.909137 
0.580288 1.049003 
0.527218 0.968904 
0.517451 1.002853 
0.572855 1.039819 
0.505076 1.009344 
0.602376 0.890081 
0.677631 0.946745 
0.328261 0.924938 
0.388088 0.886405 
0.404061 0.978128 
0.431419 0.968061 
0.464670 1.125040 
0.443087 0.958102 
0.404061 0.857143 
0.451754 0.814411 
0.527218 1.059264 
0.486973 0.986439 
0.464670 1.006915 
0.370328 0.956396 
0.418452 0.632778 
0.662709 1.015191 
0.404061 0.947607 
0.431419 1.147313 
0.431419 1.157760 
0.328261 1.092647 
0.602376 1.098422 
0.536048 0.988918 
0.443087 1.059264 
0.453557 0.848528 
0.543984 0.931315 
0.734291 0.902604 
0.486973 0.909137 
0.641745 0.917850 
0.705951 1.015995 
0.602376 1.038248 
0.536048 1.272792 
0.602376 1.182353 
0.527218 1.018402 
0.543984 1.035098 
0.564602 1.212856 
0.453557 1.106567 
0.476381 1.265718 
0.505076 0.896478 
0.597956 1.026983 
0.527218 1.251285 
0.564602 1.178030 
0.543984 0.995705 
0.517451 0.958102 
0.572855 0.909137 
0.572855 1.009344 
0.592814 0.863075 
0.626295 1.037265 
0.536048 0.999796 
0.370328 1.251285 
0.527218 1.252589 
0.782461 0.842978 
0.658074 0.947822 
0.505076 0.986439 
0.388088 1.038248 
0.496518 0.977502 
0.519419 1.049781 
0.496518 1.132813 
0.506690 0.807111 
0.476381 0.959592 
0.328261 0.895339 
0.350510 0.986439 
0.437526 1.054630 
0.328261 1.069045 
0.688388 1.038248 
0.506690 1.152814 
0.505076 1.002853 
0.486973 1.116847 
0.476381 1.165665 
0.496518 0.912722 
0.421852 1.029365 
0.464670 1.088155 
0.602376 1.155113 
0.462910 1.010153 
0.418452 0.968061 
0.496518 0.904411 
0.476381 1.158641 
0.370328 1.124858 
0.451754 0.842978 
0.443087 1.003870 
0.464670 0.988918 
0.451754 0.925820 
0.536048 0.974156 
0.494872 0.964894 
0.527218 1.147313 
0.451754 1.280306 
0.443087 1.098422 
0.437526 0.969115 
0.599660 1.010355 
0.404061 1.088155 
0.443087 1.107304 
0.557326 0.876915 
0.418452 0.940907 
0.602376 0.925820 
0.452205 1.142857 
0.350510 1.185112 
0.562792 1.109514 
0.620730 0.902604 
0.536048 1.160753 
0.543984 1.041192 
0.577115 1.096190 
0.666701 1.078359 
0.672795 1.168288 
0.462910 1.286666 
0.496518 1.277753 
0.562792 1.023001 
0.564602 1.015191 
0.350510 0.807111 
0.388088 1.099907 
0.536048 1.069045 
0.418452 1.238168 
0.567486 1.010960 
0.543984 1.018402 
0.543984 0.912722 
0.602376 0.977502 
0.517451 0.868731 
0.486973 1.084962 
0.599660 0.899887 
0.350510 1.199490 
0.476381 1.297564 
0.496518 1.351643 
0.512696 1.160577 
0.486973 0.891914 
0.519419 1.062150 
0.572855 1.137308 
0.571429 1.191980 
0.572855 1.155113 
0.443087 1.072095 
0.609114 0.947822 
0.543984 1.087968 
0.437526 1.191124 
0.788954 1.023998 
0.545482 1.191124 
0.572855 0.957036 
0.609114 1.330337 
0.496518 0.984782 
0.735125 1.103057 
0.602376 0.903508 
0.614452 0.910035 
0.519419 1.075895 
0.476381 1.015191 
0.505076 1.026983 
0.638877 0.933722 
0.527218 1.063111 
0.635353 1.035887 
0.530306 0.969746 
0.505076 1.099907 
0.453557 0.968904 
0.613122 0.953832 
0.761577 1.056757 
0.486973 1.210330 
0.735402 0.925820 
0.486973 0.946745 
0.571429 0.817163 
0.783503 1.041192 
0.404061 1.015191 
0.418452 1.111902 
0.597956 0.989950 
0.696639 1.373807 
0.683329 1.233048 
0.536048 1.038248 
0.586933 1.147313 
0.451754 1.182353 
0.527218 1.069045 
0.572855 1.046666 
0.486973 1.113186 
0.437526 1.178030 
0.662709 1.492977 
0.580288 1.069808 
0.443087 1.092647 
0.519419 0.977502 
0.567486 1.037265 
0.517451 1.009344 
0.607437 1.233710 
0.517451 1.075895 
0.388088 1.229568 
0.443087 1.129385 
0.418452 1.091900 
0.527218 1.277753 
0.517451 1.061574 
0.562792 1.125584 
0.476381 1.046081 
0.506690 1.258603 
0.527218 0.994885 
0.431419 1.348620 
0.597956 1.025392 
0.543984 0.976458 
0.404566 1.191124 
0.464670 0.947822 
0.586933 1.208980 
0.543984 1.137308 
0.572855 1.056757 
0.519419 1.076844 
0.486973 1.015191 
0.486973 1.039819 
0.543984 0.832993 
0.464670 1.023001 
0.543984 1.033322 
0.418452 0.965528 
0.476381 1.062150 
0.476381 1.107304 
0.597956 1.316148 
0.527218 1.147313 
0.530306 0.921622 
0.592814 1.142857 
0.328261 1.069045 
0.431419 1.385051 
0.505076 1.212856 
0.527218 1.197957 
0.522553 0.934814 
0.451754 1.089655 
0.512696 1.224911 
0.635353 1.371577 
0.486973 1.125584 
0.486973 1.297407 
0.543984 1.015191 
0.567486 1.055404 
0.562792 0.865672 
0.437526 1.119220 
0.464670 1.232386 
0.543984 1.160577 
0.418452 1.143571 
0.451754 0.800255 
0.506690 1.150687 
0.597956 1.077412 
0.431419 0.994885 
0.505076 1.206107 
0.557326 1.184250 
0.404061 0.981669 
0.486973 1.049003 
0.496518 1.142857 
0.431419 1.297564 
0.517451 1.218229 
0.496518 1.070762 
0.586933 1.085902 
0.557326 1.242282 
0.557326 1.023001 
0.557326 1.266362 
0.574634 0.962353 
0.431419 1.216385 
0.658074 1.199490 
0.486973 1.094700 
0.551066 1.258603 
0.543984 1.103057 
0.494872 1.145711 
0.496518 1.189066 
0.437526 1.147313 
0.536048 1.251285 
0.557326 1.187692 
0.557326 1.107304 
0.462910 1.049003 
0.350510 0.795138 
0.626295 1.122861 
0.505076 1.191124 
0.471212 1.219568 
0.404061 1.296935 
0.551066 1.119220 
0.505076 1.081194 
0.370328 1.178203 
0.643967 1.270706 
0.370328 1.178030 
0.527218 1.106567 
0.572855 0.973317 
0.486973 0.987473 
0.464670 0.976458 
0.385450 1.034901 
0.418452 1.216385 
0.328261 0.976458 
0.404061 0.932191 
0.551066 1.058300 
0.562792 1.184250 
0.557326 1.111168 
0.431419 1.163387 
0.476381 1.074567 
0.404061 1.232883 
0.388088 1.126490 
0.404061 1.051530 
0.451754 1.102131 
0.370328 1.103057 
0.350510 1.208980 
0.350510 1.242282 
0.572855 1.388730 
0.506690 1.196764 
0.443087 1.402767 
0.418452 1.325419 
0.635353 1.313043 
0.471212 1.164965 
0.476381 0.918961 
0.562792 1.038838 
0.562792 0.891914 
0.557326 1.015191 
0.486973 1.336459 
0.620730 1.093394 
0.543984 0.968904 
0.562792 1.130108 
0.404061 1.075895 
0.536048 0.947822 
0.592814 1.049781 
0.328261 1.212183 
0.505076 1.026387 
0.536048 1.018402 
0.543984 1.005292 
0.512696 1.313198 
0.705951 1.015191 
0.404061 0.998162 
0.494872 1.049976 
0.517451 1.100835 
0.505076 0.909137 
0.527218 1.158641 
0.557326 1.106567 
0.606091 0.912722 
0.557326 1.046666 
0.557326 1.045105 
0.486973 1.349376 
0.527218 1.357669 
0.451754 0.995705 
0.562792 0.999796 
0.705951 1.074567 
0.464670 1.208980 
0.350510 0.983330 
0.404061 0.998775 
0.350510 0.755929 
0.486973 1.035887 
0.564602 0.989743 
0.527218 1.129385 
0.437526 0.997139 
0.581694 1.058300 
0.551066 1.154229 
0.527218 1.026983 
0.437526 1.119220 
0.443087 1.002242 
0.464670 1.165665 
0.551066 1.170383 
0.388088 0.944155 
0.486973 1.194545 
0.476381 1.130108 
0.512696 1.037265 
0.606091 0.940907 
0.370328 1.295045 
0.543984 1.171254 
0.662709 0.898070 
0.602376 1.069808 
0.779586 1.297407 
0.536048 1.323107 
0.505076 1.210330 
0.567486 1.248019 
0.496518 1.135872 
0.536048 1.053856 
0.506690 1.199320 
0.551066 1.307592 
0.464670 1.049781 
0.431419 1.202718 
0.421852 1.019003 
0.370328 1.144463 
0.574634 1.030950 
0.586933 1.114652 
0.536048 1.297564 
0.437526 1.006307 
0.451754 1.010153 
0.486973 1.178203 
0.562792 1.026983 
0.388088 1.038838 
0.626295 1.295045 
0.567486 0.976458 
0.471212 1.359021 
0.506690 1.342553 
0.506690 1.131371 
0.496518 1.087968 
0.631163 0.940907 
0.543984 1.173865 
0.451754 1.079682 
0.602376 1.030157 
0.437526 1.103057 
0.404061 0.865672 
0.453557 0.977502 
0.404061 1.255844 
0.388088 0.936559 
0.640153 0.962353 
0.453557 1.002853 
0.476381 1.015191 
0.620730 0.997139 
0.635353 1.324803 
0.431419 1.114103 
0.350510 1.078359 
0.505076 0.921622 
0.614452 0.958102 
0.443087 0.974993 
0.404061 0.936559 
0.496518 1.199320 
0.551066 1.132813 
0.451754 1.046666 
0.534522 0.944155 
0.555492 1.282377 
0.404061 1.038248 
0.631163 1.074567 
0.557326 1.401020 
0.562792 0.939822 
0.431419 1.099350 
0.418452 1.035098 
0.486973 1.064453 
0.564602 1.142857 
0.567486 0.968904 
0.494872 1.090965 
0.543984 1.138563 
0.646498 0.964894 
0.451754 1.045105 
0.551066 1.147313 
0.602376 1.162158 
0.464670 1.108225 
0.453557 1.422989 
0.431419 1.284762 
0.635353 1.138563 
0.464670 1.091900 
0.635353 1.249490 
0.626295 1.197958 
0.536048 1.388583 
0.658074 1.164965 
0.635353 1.162158 
0.641745 1.098422 
0.666701 0.788954 
0.404061 1.023001 
0.571429 1.082137 
0.496518 0.800255 
0.580288 1.113186 
0.557326 1.069045 
0.517451 1.035887 
0.476381 0.863075 
0.597956 1.125040 
0.506690 1.049781 
0.597956 1.124858 
0.506690 1.222410 
0.431419 1.075895 
0.519419 1.153699 
0.506690 1.105829 
0.418452 1.171777 
0.611455 1.242282 
0.551066 1.020004 
0.437526 1.113186 
0.609114 1.053856 
0.464670 1.082137 
0.418452 1.175255 
0.506690 0.989743 
0.418452 0.936559 
0.530306 1.164965 
0.451754 0.974156 
0.486973 1.020004 
0.388088 1.130108 
0.564602 1.023998 
0.543984 1.124858 
0.592814 1.191124 
0.706818 0.947822 
0.536048 1.089655 
0.696639 1.129385 
0.536048 1.234868 
0.464670 1.088718 
0.702474 1.324803 
0.557326 1.042172 
0.626295 0.960655 
0.476381 0.880631 
0.437526 1.021404 
0.404061 0.998162 
0.404061 1.184250 
0.527218 1.002242 
0.536048 1.236189 
0.431419 1.160577 
0.388088 0.899206 
0.388088 1.161280 
0.536048 0.990568 
0.404061 1.102131 
0.418452 1.018402 
0.476381 1.131371 
0.525279 1.233048 
0.592814 1.049781 
0.543984 0.938083 
0.580288 1.030356 
0.451754 0.903508 
0.641745 1.386377 
0.564602 1.069236 
0.462910 1.022402 
0.525279 1.098422 
0.525279 1.263135 
0.506690 1.058300 
0.586933 1.410746 
0.512696 0.997139 
0.635353 1.328648 
0.721676 1.152814 
0.643967 1.265718 
0.443087 1.092647 
0.512696 1.236189 
0.536048 0.942424 
0.586933 1.010960 
0.486973 1.153699 
0.557326 1.153699 
0.597956 1.049781 
0.580288 1.111168 
0.572855 1.212183 
0.512696 1.128662 
0.704504 1.083456 
0.464670 1.126490 
0.551066 0.933722 
0.431419 1.342553 
0.506690 1.049781 
0.592814 1.245400 
0.453557 1.033322 
0.730949 1.129385 
0.431419 1.318781 
0.404061 1.142857 
0.562792 0.947607 
0.451754 1.061574 
0.517451 1.102131 
0.443087 1.122861 
0.602376 0.994885 
0.551066 1.248019 
0.551066 1.229568 
0.494872 1.124858 
0.464670 1.178030 
0.443087 0.886405 
0.418452 1.312577 
0.620730 1.265718 
0.551066 1.284762 
0.626295 1.137308 
0.580288 0.914509 
0.562792 1.136410 
0.464670 0.934814 
0.592814 1.258603 
0.626295 1.296935 
0.536048 1.337222 
0.421852 1.191124 
0.551066 1.199490 
0.505076 1.051530 
0.607437 1.210330 
0.404061 1.030950 
0.505076 0.968904 
0.519419 0.890769 
0.421852 1.170383 
0.506690 1.235694 
0.505076 0.918961 
0.496518 1.143571 
0.443087 1.263135 
0.692820 1.147135 
0.530306 1.140891 
0.609114 0.995705 
0.591090 1.111902 
0.592814 0.948468 
0.592814 0.904411 
0.404061 1.213697 
0.592814 0.987473 
0.779586 1.080627 
0.607437 1.180799 
0.431419 1.191124 
0.571429 1.107304 
0.464670 1.224911 
0.536048 0.998162 
0.592814 0.980629 
0.527218 1.281581 
0.599660 1.104536 
0.404061 1.153699 
0.519419 1.014386 
0.557326 1.129385 
0.542481 0.885484 
0.688388 1.216217 
0.606091 1.072095 
0.443087 1.321100 
0.551066 1.417673 
0.631163 1.482001 
0.350510 1.160577 
0.606091 1.122861 
0.404061 0.993037 
0.496518 1.213697 
0.328261 1.249326 
0.572855 1.023998 
0.536048 0.886405 
0.443087 1.037265 
0.512696 0.939822 
0.580288 1.343769 
0.646813 1.275995 
0.328261 1.062150 
0.662709 1.023998 
0.476381 1.208136 
0.418452 1.197957 
0.496518 1.231558 
0.404061 1.030157 
0.486973 1.180799 
0.551066 1.353604 
0.506690 0.974993 
0.505076 1.017400 
0.494872 0.939170 
0.638877 1.120495 
0.517451 1.106567 
0.505076 1.073807 
0.481918 1.144463 
0.543984 1.216385 
0.512696 1.066943 
0.437526 1.045105 
0.476381 0.994885 
0.462910 1.208136 
0.370328 1.178203 
0.476381 1.199319 
0.404061 1.230397 
0.609114 1.160753 
0.567486 1.104536 
0.496518 1.018402 
0.580288 1.214874 
0.486973 1.006307 
0.476381 1.226244 
0.562792 1.087968 
0.626295 1.176123 
0.370328 1.037265 
0.567486 1.164965 
0.572855 1.218229 
0.562792 0.876216 
0.496518 1.225744 
0.451754 1.125584 
0.506690 1.057722 
0.467734 1.130108 
0.512696 1.021404 
0.638877 1.117760 
0.486973 1.150687 
0.486973 0.955329 
0.536048 0.880630 
0.527218 1.049976 
0.564602 1.120495 
0.388088 1.034310 
0.611455 1.023001 
0.421852 0.997139 
0.517451 0.940907 
0.557326 1.124132 
0.388088 1.029365 
0.543984 1.020004 
0.696639 1.025392 
0.614452 1.017400 
0.580288 1.119220 
0.599660 1.073807 
0.453557 1.106751 
0.562792 1.010153 
0.486973 1.065412 
0.567486 0.916070 
0.572855 0.909137 
0.505076 1.049976 
0.418452 1.142857 
0.536048 1.084962 
0.666701 1.030158 
0.462910 1.287459 
0.527218 1.100835 
0.512696 0.931315 
0.562792 0.856190 
0.274048 1.180799 
0.418452 1.116847 
0.350510 1.025392 
0.462910 1.321100 
0.551066 0.994885 
0.551066 1.104536 
0.662709 1.195229 
0.505076 1.132813 
0.464670 1.252589 
0.543984 1.089655 
0.638877 0.964894 
0.688388 0.989743 
0.574634 0.932191 
0.734291 1.202718 
0.437526 1.054630 
0.451754 1.222410 
0.496518 0.932191 
0.467734 1.171254 
0.462910 1.224911 
0.476381 1.106567 
0.519419 1.313198 
0.572855 1.259900 
0.536048 1.183043 
0.767716 1.153699 
0.586933 1.179588 
0.580288 0.994064 
0.519419 1.205599 
0.328261 1.277753 
0.536048 1.182181 
0.443087 1.296935 
0.486973 1.064453 
0.517451 1.385051 
0.519419 1.429143 
0.431419 1.275995 
0.527218 1.325419 
0.496518 1.031939 
0.662709 1.119220 
0.652781 1.129385 
0.418452 1.242282 
0.606091 1.030356 
0.536048 1.216385 
0.602376 1.121406 
0.620730 1.043737 
0.486973 1.099350 
0.592814 1.263135 
0.486973 1.098422 
0.431419 0.924938 
0.431419 1.396935 
0.562792 1.385641 
0.586933 1.152814 
0.536048 0.893514 
0.564602 1.089655 
0.567486 0.909137 
0.437526 1.078359 
0.431419 1.068281 
0.652781 1.104536 
0.437526 1.259900 
0.404061 1.372619 
0.686904 1.178030 
0.536048 1.043737 
0.592814 0.986439 
0.517451 1.204753 
0.551066 1.248019 
0.370328 1.147313 
0.683329 1.268777 
0.670059 1.327265 
0.551066 1.358871 
0.431419 1.358871 
0.580288 1.182181 
0.666701 1.062150 
0.527218 1.182353 
0.476381 1.133713 
0.486973 1.001224 
0.564602 0.952976 
0.451754 1.149268 
0.597956 1.174734 
0.609114 1.184250 
0.557326 1.074567 
0.536048 1.117760 
0.536048 0.969115 
0.643967 1.191980 
0.486973 1.176123 
0.476381 0.978128 
0.486973 1.015995 
0.486973 1.056757 
0.494872 0.909137 
0.404061 1.193349 
0.557326 1.132813 
0.431419 1.216385 
0.551066 1.230397 
0.586933 1.129385 
0.496518 1.043737 
0.505076 1.030158 
0.388088 1.271509 
0.581694 1.073617 
0.437526 1.356616 
0.453557 1.295045 
0.388088 1.372618 
0.464670 1.281740 
0.418452 1.372619 
0.464670 1.212856 
0.536048 1.116847 
0.418452 1.129385 
0.614452 1.090965 
0.481918 1.364417 
0.506690 1.018402 
0.481918 1.045105 
0.404061 0.934814 
0.462910 1.273914 
0.677631 1.060612 
0.464670 1.074567 
0.505076 1.069808 
0.443087 1.082137 
0.564602 1.249326 
0.418452 0.939822 
0.607437 1.029365 
0.451754 1.029365 
0.517451 1.195229 
0.677631 1.069045 
0.519419 1.277753 
0.557326 1.035887 
0.519419 0.833238 
0.505076 1.227075 
0.641745 1.263135 
0.592814 0.851409 
0.388088 1.140891 
0.648074 1.069045 
0.597956 1.111168 
0.421852 1.026387 
0.431419 1.144463 
0.580288 1.277753 
0.536048 1.038248 
0.543984 1.199490 
0.620730 1.003870 
0.451754 0.968904 
0.530306 1.168288 
