0.780829 
0.878455 
0.805751 
0.878455 
0.884965 
0.868232 
0.918211 
0.911239 
0.890712 
0.920986 
0.926509 
0.925131 
0.950966 
0.996166 
0.995526 
0.989743 
0.987162 
1.092063 
1.090895 
1.118034 
1.227865 
1.249490 
1.293133 
1.326246 
1.319980 
1.358082 
1.372098 
1.384130 
1.369306 
1.430356 
1.472105 
1.472971 
1.462106 
1.465592 
1.518172 
1.517752 
1.546062 
1.559206 
1.564514 
1.705334 
1.719115 
1.787142 
1.764517 
1.836770 
1.878992 
1.901932 
1.929894 
1.928902 
1.974648 
1.996809 
2.039470 
2.037593 
2.047896 
2.018726 
2.036341 
2.031637 
2.021883 
2.010178 
2.002231 
1.960711 
1.966233 
4.488506 
5.962361 
5.937171 
5.956261 
5.944364 
5.996385 
5.999150 
6.053018 
6.072899 
6.103069 
6.108292 
6.121224 
6.170619 
7.739789 
7.724117 
7.742508 
8.568452 
9.885892 
10.137574 
10.459714 
10.464408 
10.436946 
10.446108 
12.730728 
12.734284 
12.725166 
13.231552 
13.804160 
13.819445 
14.255728 
15.824451 
15.785230 
15.779896 
15.872338 
16.290648 
16.304266 
16.630053 
16.619081 
16.773476 
16.760620 
16.602957 
16.382856 
16.550865 
16.601036 
16.651821 
16.466261 
16.087690 
15.838632 
15.524011 
15.466719 
15.090035 
14.719659 
14.711945 
14.519340 
14.582366 
14.576855 
14.020576 
13.972184 
13.928938 
13.917945 
13.906209 
13.234251 
13.243597 
13.256593 
12.639225 
11.383505 
11.344669 
11.339497 
11.304912 
11.409695 
10.887762 
9.891632 
9.931397 
9.920603 
9.051440 
9.599107 
9.607740 
9.603757 
9.600038 
8.731248 
8.759542 
8.764492 
8.885324 
8.871100 
8.931999 
7.861362 
8.157724 
7.797665 
7.731462 
7.722713 
7.750576 
7.702041 
8.379244 
8.379244 
8.527267 
8.538926 
8.545197 
8.286945 
8.188002 
7.904403 
7.899238 
7.820205 
7.760444 
7.965967 
7.981164 
7.916174 
8.869806 
9.504430 
9.465701 
9.536182 
10.676481 
10.656272 
10.656272 
10.655793 
10.661178 
10.676003 
10.592884 
10.687467 
10.693432 
10.720831 
10.824316 
10.840800 
11.383953 
12.973088 
12.973088 
12.631654 
12.662212 
13.749211 
13.835218 
13.835218 
13.774422 
13.819260 
13.848488 
14.198664 
14.140061 
14.157640 
13.714378 
13.720981 
13.720981 
13.689710 
13.389571 
13.399665 
13.465281 
13.250048 
13.271978 
13.318029 
13.318029 
13.335066 
13.272170 
13.234830 
13.286194 
13.437877 
13.446511 
13.745407 
13.603721 
12.838081 
12.838081 
13.040263 
12.858929 
12.837783 
12.928769 
12.354356 
11.626303 
11.640885 
12.052817 
12.027074 
11.918944 
11.497337 
11.593344 
11.608517 
11.684195 
11.643515 
11.669994 
11.324188 
11.280175 
11.248015 
11.289557 
11.220312 
10.852443 
11.362196 
11.316639 
11.816734 
11.855960 
11.772504 
11.788527 
11.873375 
11.172808 
10.582885 
10.582162 
10.600587 
10.600587 
10.600106 
11.397839 
11.373303 
11.234627 
11.781601 
11.701757 
11.701757 
10.982012 
10.979805 
10.995708 
11.035657 
11.007303 
11.223949 
11.223949 
11.169497 
11.142743 
11.716246 
11.878101 
11.840134 
12.152937 
12.629533 
12.596869 
12.531694 
12.795687 
12.754751 
12.754751 
12.754751 
12.767645 
12.781624 
13.112154 
13.097554 
13.135091 
13.135091 
13.582514 
14.025760 
14.025760 
14.019119 
14.502903 
14.509936 
14.458156 
14.588575 
15.008331 
14.633185 
14.633185 
14.679918 
14.290445 
13.904099 
13.984412 
14.131489 
14.130587 
14.102214 
14.233027 
14.027215 
14.015935 
14.041847 
14.048386 
13.649026 
13.414791 
13.061862 
13.135479 
13.378039 
13.395666 
13.360771 
13.351030 
13.385570 
13.385570 
13.440914 
13.502268 
13.410988 
13.410988 
13.648278 
13.248411 
13.529447 
13.488279 
13.445278 
13.445278 
13.445278 
13.445278 
14.057644 
14.070885 
14.057099 
14.057099 
13.998724 
13.471625 
13.471625 
13.471625 
12.924822 
12.505305 
11.630362 
11.593014 
11.833238 
11.814467 
11.382497 
11.382497 
11.421873 
11.438835 
11.438835 
11.986813 
12.402271 
12.572240 
12.572240 
12.618621 
12.593528 
13.657807 
13.426481 
13.426481 
13.426481 
13.362490 
13.398713 
14.252461 
14.880134 
14.964414 
15.006461 
14.775013 
15.253304 
15.253304 
15.108283 
15.108283 
15.079212 
15.157169 
15.223673 
15.208584 
15.208584 
15.335200 
14.693988 
14.693988 
14.328507 
14.780710 
14.595219 
14.595219 
14.657136 
14.657136 
14.657136 
14.657136 
14.211773 
14.260156 
14.260156 
14.278569 
14.406277 
14.504574 
14.171508 
14.526717 
15.164237 
15.449390 
15.519737 
15.520394 
15.914952 
15.851028 
15.830254 
15.870811 
15.870811 
16.253258 
16.253258 
16.464558 
16.457428 
16.455568 
17.107105 
17.175564 
17.108448 
17.108448 
16.740669 
16.676851 
16.267220 
16.356520 
16.390484 
15.948098 
15.402259 
15.359303 
15.359303 
14.761367 
15.132915 
14.622634 
14.622634 
14.622634 
14.658006 
14.658006 
14.638152 
14.638152 
14.145742 
13.770718 
13.770718 
13.770718 
13.777570 
13.647344 
13.900337 
13.900337 
13.900337 
14.620715 
14.436172 
14.436172 
14.652610 
15.093586 
15.186426 
15.186426 
15.731484 
15.838632 
15.870008 
15.870008 
15.444106 
15.595819 
15.595819 
14.972424 
15.816873 
15.817679 
15.787815 
15.817196 
15.817196 
16.478031 
16.478031 
16.478031 
16.478031 
16.478031 
16.541075 
16.541075 
16.568657 
16.588200 
16.588200 
16.588200 
16.660934 
17.289255 
17.740908 
17.632442 
17.746515 
17.836845 
17.836845 
17.821535 
17.861427 
17.861427 
17.861427 
17.898380 
18.113586 
18.113586 
18.168289 
18.234861 
18.208403 
18.573626 
18.209383 
17.964676 
17.597542 
17.377853 
17.400446 
16.839731 
17.289698 
17.210876 
17.191597 
17.474764 
16.973118 
16.973118 
17.410412 
17.364637 
17.092485 
17.102482 
17.164719 
17.164719 
17.301352 
17.301352 
17.582458 
17.675650 
17.382404 
17.022943 
17.022943 
17.209099 
17.246117 
17.246117 
17.246117 
17.246117 
17.246117 
16.809254 
16.809254 
16.220892 
17.157434 
17.300171 
17.300171 
17.523453 
17.523453 
17.945211 
17.945211 
17.490231 
17.107702 
17.152527 
17.143898 
17.251293 
17.274347 
17.171553 
17.185364 
17.202723 
17.202723 
17.215322 
17.292059 
17.572445 
17.534950 
17.534950 
17.534950 
17.534950 
17.535532 
17.535532 
17.890255 
17.106359 
17.106359 
17.207024 
17.786001 
17.786001 
17.786001 
17.786001 
17.414806 
17.538588 
17.545277 
17.972485 
17.972485 
17.909494 
18.312342 
17.993338 
17.574331 
17.596962 
17.548038 
17.548038 
17.795752 
18.391991 
18.271339 
18.271339 
18.271339 
18.388660 
18.388660 
18.471296 
18.471296 
18.452503 
18.707060 
18.707060 
18.664602 
18.664602 
18.662142 
18.662142 
18.652296 
18.199854 
18.616840 
18.207142 
18.199154 
17.823540 
17.823540 
18.107389 
18.107389 
18.107389 
17.914053 
17.914053 
17.940947 
17.940947 
17.542950 
17.667564 
17.631142 
17.631142 
17.650373 
17.626076 
17.626076 
17.626076 
17.626076 
18.811634 
18.879181 
18.879181 
18.925337 
18.885260 
18.885260 
18.638067 
18.515850 
18.197191 
18.197191 
18.372700 
18.372700 
18.372700 
17.997448 
18.208683 
18.208683 
18.147356 
18.155508 
18.369228 
18.276365 
18.276365 
18.589964 
18.589964 
18.595451 
18.595451 
18.595451 
19.334330 
19.334330 
19.182795 
19.150185 
19.150185 
19.283995 
18.945545 
18.945545 
18.929649 
18.874586 
18.874586 
18.874586 
19.081593 
19.038630 
19.106842 
19.167761 
19.244534 
19.244534 
19.244534 
19.232069 
19.146721 
19.146721 
19.552389 
19.786745 
19.786745 
19.856886 
19.674910 
19.674910 
20.185112 
20.185112 
20.126005 
20.126005 
20.126005 
20.282066 
20.241526 
20.241526 
20.383818 
20.743944 
20.383192 
20.383192 
20.184481 
20.184481 
20.184481 
20.184481 
20.184481 
19.735497 
19.899237 
19.899237 
19.899237 
19.902569 
19.902569 
19.902569 
19.902569 
19.950705 
20.355639 
21.095387 
21.095387 
20.822256 
20.548847 
20.548847 
20.548847 
19.957607 
19.793449 
19.733686 
19.613745 
19.637531 
19.637531 
19.637531 
19.637531 
19.637531 
20.187639 
20.066599 
20.066599 
20.066599 
20.066599 
20.066599 
20.215673 
20.154884 
20.343855 
20.413330 
20.421827 
20.421827 
20.421827 
20.421827 
20.421827 
20.421827 
20.421827 
20.272381 
20.431568 
20.413080 
20.374680 
20.474598 
20.615280 
20.445547 
20.414831 
20.631733 
20.410456 
20.410456 
20.410456 
20.458021 
20.458021 
20.471733 
20.471733 
20.900640 
20.900640 
20.900640 
20.955492 
20.955492 
21.082926 
21.082926 
20.685202 
20.685202 
20.685202 
20.685202 
20.787556 
20.834013 
21.314098 
21.314098 
21.339817 
20.956100 
20.956100 
20.956100 
21.281160 
21.081232 
20.824951 
20.824951 
20.570312 
20.570312 
20.570312 
20.788904 
20.736565 
20.859100 
20.859100 
20.859100 
20.859100 
21.210318 
21.210318 
21.737535 
21.724386 
21.548948 
21.732136 
22.381775 
22.381775 
21.940550 
21.940550 
21.476851 
21.476851 
21.476851 
21.596367 
21.713110 
21.731667 
21.633072 
21.354156 
21.357979 
21.357979 
21.357979 
21.357979 
21.507118 
21.745865 
21.745865 
22.041935 
22.041935 
22.041935 
22.036381 
21.689837 
21.689837 
21.689837 
22.111267 
21.826075 
21.826075 
21.726265 
21.914490 
21.914490 
21.914490 
21.914490 
21.707235 
21.707235 
21.905176 
22.262121 
22.568264 
22.723719 
22.723719 
22.743467 
22.853794 
22.886366 
22.886366 
22.886366 
22.886366 
22.886366 
22.886366 
22.794109 
23.032585 
22.946699 
22.946699 
22.946699 
22.971811 
23.066231 
23.066231 
23.129625 
23.129625 
23.129625 
22.913546 
22.913546 
22.913546 
22.913546 
22.919781 
22.652882 
22.652882 
22.832352 
22.850668 
22.419470 
22.365700 
22.473341 
22.473341 
22.528893 
22.403763 
22.152992 
22.152992 
22.152992 
22.152992 
22.361364 
22.361364 
22.361364 
22.523457 
22.649279 
22.416056 
22.416056 
22.630573 
22.512129 
22.251806 
22.269682 
22.170490 
22.240108 
22.279303 
22.867186 
22.820507 
22.820507 
22.820507 
22.495577 
22.495577 
22.790081 
22.790081 
22.379837 
22.379837 
22.379837 
22.379837 
22.586569 
22.535007 
22.485823 
22.485823 
22.485823 
22.876108 
22.876108 
23.242071 
23.242071 
23.242071 
23.340864 
23.340864 
23.340864 
23.069550 
23.168858 
23.168858 
23.168858 
23.278921 
23.644907 
23.644907 
23.285496 
23.285496 
23.285496 
23.213516 
23.257872 
23.295134 
23.315056 
23.221209 
23.203844 
23.432491 
23.334961 
23.730846 
23.730846 
23.720955 
23.888987 
23.964897 
24.118753 
24.118753 
24.181921 
24.181499 
24.181499 
24.139265 
24.139265 
24.139265 
24.139265 
24.139265 
24.139265 
24.319096 
24.388229 
24.388229 
24.388229 
24.264067 
24.039932 
24.214602 
24.214602 
24.214602 
24.214602 
24.408722 
24.314898 
24.314898 
24.324549 
24.403078 
24.174536 
23.963194 
23.963194 
23.963194 
23.747395 
23.279799 
23.638649 
24.035900 
24.233137 
24.233137 
24.233137 
24.233137 
23.966600 
23.573593 
23.573593 
23.573593 
24.054785 
24.255653 
24.635506 
24.440056 
24.440056 
24.440056 
24.518007 
24.518007 
24.740696 
24.923557 
24.923557 
24.923557 
24.923557 
24.923557 
24.923557 
24.923557 
24.923557 
24.923557 
25.111181 
25.111181 
24.779024 
24.816675 
24.883812 
24.883812 
24.883812 
24.883812 
24.883812 
24.878275 
24.963034 
25.006937 
24.766460 
24.789110 
24.769138 
24.769138 
24.812973 
24.819963 
24.967325 
24.967325 
24.967325 
25.510902 
25.585392 
25.585392 
25.460453 
