137.756622 
137.716339 
137.665680 
137.655502 
137.634964 
137.541656 
137.495377 
137.470016 
137.463684 
137.444641 
137.417374 
137.403564 
137.338837 
137.283386 
137.251251 
137.263550 
137.243881 
137.140305 
137.124069 
137.094910 
137.010818 
136.957321 
136.908020 
136.883209 
136.834610 
136.816116 
136.767487 
136.715454 
136.697723 
136.640106 
136.583801 
136.508636 
136.499908 
136.477112 
136.474274 
136.410385 
136.326920 
136.296387 
136.241928 
136.189255 
136.153061 
136.140854 
136.073090 
136.032181 
135.951889 
135.910400 
135.863541 
135.839828 
135.804382 
135.680176 
135.601852 
135.595993 
135.568771 
135.537964 
135.536743 
135.446579 
135.407059 
135.366165 
135.316467 
135.254868 
135.228287 
135.843155 
135.833130 
135.706757 
136.428192 
136.393906 
136.330109 
136.284485 
136.253937 
136.238159 
136.847565 
136.753738 
138.012405 
137.866760 
139.252289 
139.595520 
139.590637 
139.532837 
140.229950 
140.737350 
140.713867 
140.670853 
141.965851 
142.397705 
142.378387 
142.295731 
142.195694 
142.083801 
141.995483 
141.914215 
141.853867 
143.250229 
146.164093 
147.703903 
147.629059 
149.486908 
149.469589 
149.444504 
149.981049 
150.702438 
151.484100 
151.364166 
152.175079 
154.336273 
154.986435 
155.824066 
156.377014 
157.009369 
158.297134 
159.579269 
159.544983 
160.126785 
160.865112 
160.791031 
162.252121 
162.159637 
162.778000 
162.665070 
163.552795 
163.552795 
163.490692 
163.399078 
163.353973 
163.245010 
163.177139 
163.767334 
163.729523 
163.673309 
165.206604 
165.178162 
165.018707 
165.551910 
165.522415 
165.371674 
165.285233 
165.906296 
165.843887 
165.693298 
165.491608 
165.426895 
165.426895 
165.373596 
165.825424 
165.804672 
165.731644 
165.643066 
165.613571 
165.613571 
165.473480 
165.352829 
165.857834 
165.832947 
166.746002 
166.718887 
166.683472 
166.683472 
166.662720 
166.614044 
166.533920 
166.503357 
166.438980 
166.425140 
166.401321 
166.283890 
166.782288 
166.650681 
166.602539 
167.518188 
167.376160 
167.776108 
167.713318 
168.758423 
169.890533 
169.808578 
170.904846 
170.793518 
170.685471 
170.658081 
170.628067 
170.984100 
171.576599 
171.576599 
172.572769 
173.676758 
174.608261 
174.985397 
175.567017 
175.567017 
176.063324 
175.981308 
175.936340 
176.390289 
177.949692 
178.648102 
178.544022 
178.932877 
178.932877 
179.471252 
179.971130 
179.948395 
180.302536 
180.245392 
180.210510 
180.841919 
181.359253 
181.941605 
181.848862 
182.452423 
182.383316 
182.383316 
182.312302 
182.897064 
182.720825 
182.604843 
182.546677 
182.409805 
182.337112 
182.294647 
182.228745 
182.194138 
182.166214 
182.104492 
182.497818 
182.404175 
182.341248 
182.898788 
182.898788 
182.733948 
184.295120 
184.228012 
184.228012 
184.565155 
185.053513 
184.982468 
184.931061 
184.867615 
184.867615 
184.799759 
185.322403 
185.264221 
185.145203 
185.069839 
185.551941 
185.435730 
186.282227 
186.206848 
186.663086 
187.387619 
189.146423 
190.108521 
190.073090 
190.031540 
189.966461 
190.890182 
191.371017 
191.671524 
192.084473 
192.442917 
192.380768 
192.297501 
193.416626 
193.350372 
193.286057 
193.766754 
194.250793 
194.669296 
194.669296 
194.669296 
194.604996 
195.061035 
195.021088 
194.878067 
194.850159 
194.850159 
195.589340 
196.648071 
197.133102 
197.593796 
197.528091 
197.855682 
197.788361 
198.077454 
198.043091 
197.821594 
198.622925 
199.076889 
199.050064 
198.954300 
199.376404 
199.811798 
199.784409 
200.243515 
200.243515 
201.017975 
200.976974 
201.443695 
201.369370 
201.318359 
201.200562 
201.200562 
201.641907 
201.558655 
201.524811 
201.502594 
201.884186 
202.266342 
202.266342 
202.266342 
203.031296 
203.373413 
203.846878 
203.846878 
203.665680 
204.105743 
204.636002 
204.636002 
204.586563 
204.944916 
204.883179 
204.855820 
204.789566 
204.789566 
205.363235 
205.704407 
206.333908 
206.283417 
206.201935 
206.134628 
206.134628 
206.491714 
206.350250 
206.764252 
206.666306 
206.559586 
206.999664 
206.966888 
206.868027 
206.816986 
206.777603 
206.571991 
206.522034 
206.872711 
207.308105 
207.257614 
207.160202 
207.060806 
207.060806 
207.060806 
207.515839 
208.217163 
208.684036 
209.066193 
209.871307 
210.242477 
210.140961 
210.930801 
211.327835 
212.558319 
213.052582 
213.012115 
213.339294 
213.583633 
214.023712 
213.990936 
214.531372 
214.449707 
214.965729 
214.879944 
214.782516 
214.950882 
214.917557 
214.877640 
215.384903 
215.384903 
215.774979 
216.569046 
217.022995 
217.022995 
217.022995 
217.756790 
217.756790 
217.623550 
218.779236 
218.633652 
218.600876 
219.054825 
219.054825 
219.297943 
219.247986 
219.645020 
219.645020 
220.006653 
219.966721 
219.966721 
220.434296 
220.394348 
220.394348 
221.311920 
221.634979 
222.115997 
222.115997 
222.115997 
222.066559 
222.066559 
222.066559 
222.399216 
222.760117 
222.683319 
222.683319 
222.643372 
223.052094 
223.449127 
223.736099 
223.736099 
223.686661 
224.227264 
224.227264 
224.137894 
224.137894 
224.902847 
224.902847 
225.334473 
226.026306 
226.026306 
225.976349 
225.976349 
225.976349 
225.912247 
225.880005 
226.631958 
226.532028 
226.492096 
227.222015 
227.222015 
227.729294 
227.679871 
227.679871 
228.015762 
227.951111 
228.219391 
228.726685 
228.676193 
229.037109 
229.833008 
230.087677 
230.668640 
230.668640 
231.053802 
231.004379 
230.987320 
231.686920 
231.686920 
231.622269 
231.622269 
231.622269 
232.794083 
233.097504 
233.097504 
233.097504 
233.341049 
233.673431 
234.070465 
234.443588 
234.755600 
235.236618 
235.236618 
235.236618 
235.236618 
235.499207 
235.434555 
235.780960 
235.780960 
236.077408 
236.288528 
236.288528 
236.288528 
236.288528 
236.686615 
236.686615 
236.636658 
236.636658 
236.983093 
236.983093 
237.637924 
237.597992 
237.548553 
237.905350 
238.331314 
238.627579 
238.498840 
238.830704 
238.830704 
238.830704 
239.525314 
239.525314 
240.162949 
240.162949 
240.863983 
240.863983 
241.907150 
241.842514 
241.842514 
241.712692 
241.663788 
242.151520 
242.151520 
242.151520 
242.085266 
242.399673 
242.796692 
243.446548 
243.446548 
243.803345 
244.202759 
244.499512 
244.835403 
244.835403 
244.771286 
244.771286 
244.771286 
244.771286 
244.771286 
245.335815 
245.335815 
245.622269 
245.622269 
245.595428 
245.556015 
245.859451 
246.222107 
247.464996 
247.425583 
247.399261 
247.688354 
247.688354 
248.013596 
248.013596 
249.124695 
249.822083 
249.822083 
249.822083 
249.822083 
250.182983 
250.497406 
250.766891 
250.766891 
251.034958 
251.034958 
251.296097 
251.296097 
251.567337 
252.201447 
252.201447 
252.477234 
252.477234 
253.194107 
253.453552 
253.771057 
253.771057 
253.771057 
253.771057 
253.771057 
253.706955 
254.376816 
254.376816 
254.587036 
254.547073 
254.547073 
254.547073 
254.482971 
254.482971 
254.482971 
254.482971 
254.482971 
254.732727 
254.732727 
255.029495 
254.964890 
255.331909 
255.331909 
255.570938 
255.897690 
256.186768 
256.137878 
256.072723 
256.359344 
256.359344 
256.885406 
257.453583 
257.789459 
258.088135 
258.441986 
258.691315 
258.986420 
258.937500 
258.937500 
259.524506 
259.524506 
259.524506 
259.838898 
259.799500 
260.186646 
260.154419 
260.490326 
260.490326 
260.695648 
260.695648 
261.121613 
261.341675 
261.341675 
261.611176 
261.860504 
262.503937 
262.503937 
262.860748 
262.860748 
263.737335 
263.737335 
264.024017 
263.974579 
263.974579 
263.974579 
264.223785 
264.821198 
264.821198 
265.116272 
265.051636 
265.285431 
265.563568 
265.563568 
265.563568 
265.563568 
265.499420 
266.009094 
266.009094 
266.344971 
266.280853 
266.280853 
266.280853 
266.216705 
266.503387 
267.481354 
267.481354 
267.432465 
267.432465 
267.368347 
267.630981 
268.228607 
268.228607 
268.480499 
268.480499 
268.415833 
268.415833 
268.415833 
268.415833 
268.621552 
268.882294 
269.199799 
269.883240 
270.415222 
270.415222 
270.415222 
270.649048 
270.892426 
271.465332 
271.401215 
271.401215 
271.337097 
271.552338 
271.552338 
271.552338 
271.757721 
272.037048 
272.037048 
272.037048 
272.381958 
272.381958 
272.381958 
272.950134 
273.193054 
273.128937 
273.128937 
273.897491 
273.848602 
274.359650 
275.055450 
274.991333 
275.234344 
275.477264 
275.797089 
275.797089 
275.947662 
275.947662 
275.947662 
276.265198 
276.265198 
276.585022 
276.846741 
276.846741 
276.846741 
276.846741 
276.807312 
276.807312 
276.807312 
277.069031 
277.069031 
277.004944 
277.274414 
277.586090 
277.889526 
277.889526 
278.389252 
278.389252 
278.389252 
278.389252 
278.389252 
278.389252 
278.594635 
279.053680 
279.509399 
279.445282 
280.035370 
280.035370 
280.296112 
280.533997 
280.533997 
280.533997 
280.763702 
280.763702 
280.763702 
280.763702 
280.763702 
281.304291 
281.304291 
281.517456 
281.517456 
281.794586 
282.296234 
282.256805 
282.256805 
282.256805 
282.256805 
282.568481 
282.504395 
283.093231 
283.093231 
283.277405 
283.277405 
283.518524 
283.862335 
284.088776 
284.310272 
284.579773 
284.840454 
284.840454 
285.070190 
285.070190 
285.291687 
285.291687 
285.583984 
286.103149 
286.349091 
286.582916 
286.582916 
286.852417 
286.852417 
287.057068 
288.133728 
288.133728 
288.133728 
288.133728 
288.133728 
288.133728 
288.133728 
288.069641 
288.069641 
288.069641 
288.606750 
289.147736 
289.147736 
289.147736 
289.147736 
289.822815 
289.822815 
290.004608 
290.004608 
290.004608 
289.939972 
290.396301 
290.691376 
290.998444 
290.959045 
291.424011 
291.635437 
291.884735 
291.884735 
292.125854 
292.125854 
292.125854 
292.403015 
292.633484 
293.048187 
293.048187 
293.303619 
293.303619 
293.303619 
293.303619 
293.525085 
293.525085 
293.525085 
293.525085 
293.525085 
293.525085 
293.755615 
293.755615 
294.244171 
294.521362 
294.521362 
294.521362 
294.758484 
294.758484 
294.984955 
295.465851 
295.465851 
295.465851 
295.465851 
295.465851 
295.721313 
296.530548 
296.743683 
296.997528 
296.997528 
297.193634 
297.455353 
297.455353 
297.455353 
297.455353 
297.391235 
297.572998 
297.821289 
298.090790 
298.360260 
298.787811 
298.787811 
298.787811 
299.057312 
299.494965 
299.692535 
299.930420 
300.118683 
300.118683 
300.314728 
300.314728 
300.314728 
300.314728 
300.597992 
300.597992 
300.597992 
300.597992 
300.821747 
300.821747 
300.821747 
301.310669 
301.535278 
301.934357 
302.158081 
302.158081 
302.395203 
302.395203 
302.569672 
302.569672 
302.832794 
302.832794 
302.832794 
303.581451 
303.581451 
303.836945 
303.836945 
303.788025 
303.788025 
303.788025 
303.788025 
303.788025 
304.003265 
304.237061 
304.463501 
304.463501 
304.463501 
304.892548 
305.095673 
305.317139 
305.520966 
305.520966 
305.762054 
305.762054 
305.762054 
305.762054 
305.958130 
305.958130 
305.958130 
305.958130 
305.958130 
305.958130 
305.958130 
305.958130 
306.147095 
306.843262 
306.993835 
306.993835 
307.242126 
307.438202 
307.438202 
307.438202 
307.688477 
307.688477 
308.170593 
308.843628 
308.843628 
308.843628 
309.058868 
309.183716 
309.183716 
309.676666 
309.676666 
309.865662 
310.363556 
310.363556 
310.795563 
310.795563 
310.795563 
310.795563 
310.795563 
310.795563 
310.795563 
311.411224 
311.621277 
311.869598 
311.869598 
311.869598 
312.241211 
312.241211 
312.630402 
312.630402 
312.804840 
312.804840 
313.041992 
313.041992 
313.041992 
313.271729 
313.512817 
313.512817 
313.512817 
313.967651 
313.967651 
314.175568 
314.175568 
314.175568 
314.445068 
314.834473 
314.834473 
315.078186 
315.301941 
315.687958 
315.687958 
315.687958 
315.687958 
315.687958 
315.925110 
315.925110 
315.925110 
316.106873 
316.498474 
316.715424 
316.911499 
317.145294 
317.145294 
317.145294 
317.355377 
317.557404 
317.922668 
318.361084 
318.767334 
318.767334 
318.703247 
318.886200 
318.886200 
319.057800 
319.516785 
319.516785 
319.516785 
319.516785 
319.747253 
320.211548 
320.211548 
320.211548 
320.468262 
320.468262 
320.468262 
320.644562 
320.840637 
