137.756622 
137.716339 
137.665680 
137.655502 
137.634964 
137.541656 
137.495377 
137.470016 
137.463684 
137.444641 
137.417374 
137.403564 
137.338837 
137.283386 
137.251251 
137.263550 
137.243881 
137.140305 
137.124069 
137.094910 
137.010818 
136.957321 
136.908020 
136.883209 
136.834610 
136.816116 
136.767487 
136.715454 
136.697723 
136.640106 
136.583801 
136.508636 
136.499908 
136.477112 
136.474274 
136.410385 
136.326920 
136.296387 
136.241928 
136.189255 
136.153061 
136.140854 
136.073090 
136.032181 
135.951889 
135.910400 
135.863541 
135.839828 
135.804382 
135.680176 
135.601852 
135.595993 
135.568771 
135.537964 
135.536743 
135.446579 
135.407059 
135.366165 
135.316467 
135.254868 
135.228287 
135.150131 
135.140091 
135.013718 
135.001312 
134.967026 
134.903229 
134.857605 
134.827042 
134.811264 
134.770508 
134.676697 
134.637238 
134.491608 
134.426636 
134.372833 
134.367966 
134.310150 
134.234497 
134.136826 
134.113342 
134.070328 
133.981323 
133.905884 
133.886566 
133.803909 
133.703873 
133.591995 
133.503647 
133.422394 
133.362045 
133.331512 
133.243179 
133.200302 
133.125443 
133.086853 
133.069519 
133.044418 
132.930801 
132.918335 
132.854584 
132.734650 
132.666229 
132.590607 
132.590607 
132.548889 
132.496780 
132.436096 
132.380661 
132.364700 
132.330414 
132.307144 
132.235535 
132.161469 
132.138138 
132.045670 
131.930176 
131.817245 
131.793213 
131.793213 
131.731079 
131.639465 
131.594360 
131.485397 
131.417526 
131.402634 
131.364807 
131.308609 
131.221725 
131.193283 
131.033844 
131.009491 
130.979996 
130.829254 
130.742798 
130.670837 
130.608429 
130.457855 
130.256165 
130.191452 
130.191452 
130.138153 
130.082718 
130.061951 
129.988922 
129.900345 
129.870850 
129.870850 
129.730743 
129.610107 
129.557571 
129.532700 
129.473297 
129.446213 
129.410797 
129.410797 
129.390030 
129.341354 
129.261246 
129.230682 
129.166290 
129.152466 
129.128647 
129.011185 
128.904495 
128.772888 
128.724731 
128.653702 
128.511658 
128.430603 
128.367798 
128.326797 
128.273483 
128.191513 
128.173401 
128.062073 
127.954033 
127.926659 
127.896629 
127.855637 
127.820213 
127.820213 
127.637245 
127.558304 
127.475250 
127.398430 
127.398430 
127.398430 
127.361954 
127.279953 
127.234993 
127.234993 
127.221161 
127.185745 
127.081657 
126.989464 
126.989464 
126.877716 
126.795967 
126.773216 
126.673401 
126.616280 
126.581390 
126.540916 
126.430374 
126.407616 
126.314903 
126.290558 
126.221443 
126.221443 
126.150414 
126.107285 
125.931000 
125.815048 
125.756874 
125.620010 
125.547287 
125.504837 
125.438957 
125.404305 
125.376404 
125.314674 
125.272614 
125.178993 
125.116043 
125.116043 
125.116043 
124.951202 
124.916306 
124.849182 
124.849182 
124.696472 
124.579735 
124.508713 
124.457275 
124.393837 
124.393837 
124.325989 
124.291092 
124.232918 
124.113907 
124.038544 
123.939011 
123.822823 
123.771271 
123.695900 
123.644875 
123.577217 
123.506721 
123.378494 
123.343079 
123.301544 
123.236458 
123.236458 
123.127785 
123.031258 
122.990257 
122.913300 
122.851120 
122.767860 
122.718262 
122.652031 
122.587708 
122.544044 
122.495331 
122.423958 
122.423958 
122.423958 
122.359665 
122.325829 
122.285889 
122.142853 
122.114952 
122.114952 
122.040642 
122.018425 
121.996201 
121.915794 
121.850090 
121.780647 
121.713318 
121.620232 
121.585876 
121.364403 
121.313904 
121.295792 
121.268944 
121.173195 
121.123230 
121.123230 
121.095848 
121.013847 
121.013847 
120.921288 
120.880295 
120.822655 
120.748352 
120.697327 
120.579544 
120.579544 
120.463341 
120.380081 
120.346237 
120.324020 
120.238007 
120.238007 
120.238007 
120.238007 
120.185394 
120.111092 
120.077255 
120.077255 
119.896057 
119.896057 
119.821220 
119.821220 
119.771790 
119.658073 
119.596336 
119.568962 
119.502716 
119.502716 
119.502716 
119.461708 
119.313622 
119.263138 
119.181648 
119.114334 
119.114334 
119.074387 
118.932930 
118.892990 
118.795052 
118.688347 
118.688347 
118.655586 
118.556717 
118.505692 
118.466278 
118.260681 
118.210724 
118.121346 
118.121346 
118.070847 
117.973427 
117.874031 
117.874031 
117.874031 
117.856979 
117.779640 
117.752266 
117.752266 
117.712852 
117.672386 
117.570869 
117.570869 
117.570869 
117.470413 
117.470413 
117.429932 
117.289551 
117.166878 
117.166878 
117.134102 
117.069466 
116.987785 
116.946251 
116.860451 
116.763039 
116.534355 
116.501053 
116.461113 
116.461113 
116.461113 
116.411156 
116.411156 
116.411156 
116.411156 
116.411156 
116.411156 
116.411156 
116.277931 
116.164383 
116.018791 
115.986015 
115.986015 
115.986015 
115.868233 
115.818260 
115.818260 
115.818260 
115.768303 
115.728363 
115.728363 
115.728363 
115.688416 
115.688416 
115.661575 
115.661575 
115.661575 
115.661575 
115.661575 
115.612137 
115.612137 
115.612137 
115.571663 
115.571663 
115.494850 
115.494850 
115.454910 
115.454910 
115.454910 
115.390266 
115.390266 
115.340828 
115.301422 
115.301422 
115.212051 
115.212051 
115.171585 
115.171585 
115.171585 
115.131638 
115.131638 
115.081673 
115.081673 
115.081673 
115.017548 
114.985313 
114.921204 
114.821281 
114.781342 
114.781342 
114.781342 
114.781342 
114.731903 
114.731903 
114.731903 
114.667267 
114.538506 
114.538506 
114.488014 
114.488014 
114.488014 
114.422844 
114.357674 
114.357674 
114.357674 
114.308243 
114.291191 
114.241760 
114.241760 
114.177116 
114.177116 
114.177116 
114.177116 
114.177116 
114.177116 
114.177116 
114.095436 
114.030800 
114.030800 
114.030800 
113.981895 
113.981895 
113.981895 
113.981895 
113.981895 
113.883568 
113.818924 
113.818924 
113.818924 
113.768967 
113.654892 
113.654892 
113.654892 
113.654892 
113.588112 
113.588112 
113.538147 
113.538147 
113.538147 
113.538147 
113.538147 
113.498199 
113.448769 
113.448769 
113.448769 
113.384132 
113.255379 
113.190208 
113.190208 
113.190208 
113.150787 
113.150787 
113.129105 
113.129105 
113.129105 
113.129105 
113.129105 
113.064461 
113.064461 
112.934639 
112.885742 
112.781158 
112.781158 
112.781158 
112.714935 
112.714935 
112.714935 
112.714935 
112.714935 
112.714935 
112.682693 
112.682693 
112.682693 
112.682693 
112.618584 
112.618584 
112.618584 
112.618584 
112.618584 
112.554474 
112.554474 
112.505035 
112.505035 
112.478180 
112.438766 
112.438766 
112.438766 
112.389336 
112.349922 
112.323616 
112.323616 
112.323616 
112.323616 
112.323616 
112.194862 
112.194862 
112.194862 
112.194862 
112.194862 
112.194862 
112.194862 
112.194862 
112.194862 
112.145432 
112.145432 
112.096527 
112.096527 
112.031883 
111.982452 
111.982452 
111.933014 
111.933014 
111.933014 
111.933014 
111.933014 
111.933014 
111.933014 
111.933014 
111.933014 
111.868904 
111.804794 
111.804794 
111.706863 
111.666916 
111.666916 
111.666916 
111.602806 
111.602806 
111.602806 
111.602806 
111.602806 
111.538162 
111.538162 
111.538162 
111.473526 
111.473526 
111.473526 
111.473526 
111.473526 
111.473526 
111.424622 
111.359451 
111.359451 
111.359451 
111.359451 
111.359451 
111.359451 
111.359451 
111.359451 
111.359451 
111.359451 
111.310547 
111.310547 
111.310547 
111.310547 
111.310547 
111.310547 
111.271133 
111.271133 
111.238884 
111.238884 
111.238884 
111.174767 
111.174767 
111.174767 
111.125336 
111.125336 
111.125336 
111.125336 
111.125336 
111.125336 
111.125336 
111.125336 
111.060692 
111.060692 
111.060692 
111.011261 
111.011261 
111.011261 
110.961823 
110.961823 
110.961823 
110.961823 
110.897186 
110.897186 
110.897186 
110.897186 
110.897186 
110.897186 
110.833076 
110.784180 
110.784180 
110.784180 
110.720070 
110.720070 
110.720070 
110.655960 
110.655960 
110.655960 
110.655960 
110.607048 
110.607048 
110.542931 
110.478806 
110.478806 
110.478806 
110.478806 
110.478806 
110.414169 
110.414169 
110.414169 
110.414169 
110.414169 
110.414169 
110.414169 
110.414169 
110.414169 
110.414169 
110.414169 
110.414169 
110.365273 
110.365273 
110.301163 
110.301163 
110.237038 
110.237038 
110.237038 
110.237038 
110.172928 
110.172928 
110.172928 
110.172928 
110.172928 
110.172928 
110.172928 
110.172928 
110.172928 
110.108818 
110.108818 
110.043114 
109.994217 
109.994217 
109.865456 
109.801338 
109.737228 
109.737228 
109.737228 
109.737228 
109.608475 
109.608475 
109.608475 
109.608475 
109.608475 
109.608475 
109.608475 
109.608475 
109.608475 
109.608475 
109.569069 
109.569069 
109.569069 
109.569069 
109.569069 
109.504959 
109.504959 
109.504959 
109.504959 
109.504959 
109.504959 
109.504959 
109.504959 
109.504959 
109.504959 
109.504959 
109.440842 
109.440842 
109.391945 
109.327835 
109.327835 
109.327835 
109.327835 
109.327835 
109.327835 
109.327835 
109.327835 
109.327835 
109.327835 
109.327835 
109.327835 
109.327835 
109.327835 
109.327835 
109.327835 
109.327835 
109.278923 
109.239525 
109.239525 
109.239525 
109.239525 
109.239525 
109.175407 
109.175407 
109.175407 
109.111298 
109.111298 
109.111298 
109.111298 
109.111298 
109.111298 
109.111298 
109.111298 
109.111298 
109.111298 
109.111298 
109.111298 
109.111298 
109.111298 
109.111298 
109.111298 
109.111298 
109.111298 
109.111298 
109.111298 
109.111298 
109.111298 
109.111298 
109.111298 
109.111298 
109.111298 
109.111298 
109.111298 
109.047188 
109.047188 
109.047188 
109.047188 
109.047188 
109.047188 
109.047188 
109.047188 
109.047188 
109.047188 
108.983078 
108.983078 
108.983078 
108.918434 
108.918434 
108.918434 
108.918434 
108.879021 
108.879021 
108.879021 
108.879021 
108.879021 
108.879021 
108.879021 
108.879021 
108.879021 
108.879021 
108.879021 
108.879021 
108.879021 
108.879021 
108.879021 
108.879021 
108.879021 
108.879021 
108.879021 
108.879021 
108.879021 
108.879021 
108.879021 
108.879021 
108.879021 
108.879021 
108.879021 
108.879021 
108.879021 
108.879021 
108.879021 
108.879021 
108.879021 
108.879021 
108.879021 
108.879021 
108.879021 
108.879021 
108.879021 
108.879021 
108.879021 
108.879021 
108.879021 
108.879021 
108.879021 
108.879021 
108.814911 
108.814911 
108.814911 
108.814911 
108.814911 
108.814911 
108.814911 
108.814911 
108.814911 
108.814911 
108.750793 
108.750793 
108.750793 
108.750793 
108.750793 
108.750793 
108.750793 
108.750793 
108.750793 
108.750793 
108.750793 
108.750793 
108.750793 
108.750793 
108.750793 
108.750793 
108.750793 
108.701881 
108.701881 
108.701881 
108.701881 
108.701881 
108.701881 
108.701881 
108.701881 
108.701881 
108.701881 
108.701881 
108.701881 
108.701881 
108.701881 
108.652977 
108.652977 
108.652977 
108.652977 
108.652977 
108.652977 
108.652977 
108.652977 
108.652977 
108.652977 
108.652977 
108.652977 
108.652977 
108.652977 
108.652977 
108.652977 
108.652977 
108.652977 
108.652977 
108.652977 
108.652977 
108.652977 
108.652977 
108.652977 
108.652977 
108.652977 
108.652977 
108.652977 
108.652977 
108.588341 
108.588341 
108.588341 
108.588341 
108.588341 
108.588341 
108.588341 
108.588341 
108.588341 
108.588341 
108.588341 
108.588341 
108.588341 
108.524216 
108.524216 
108.524216 
108.524216 
108.524216 
108.524216 
108.524216 
108.524216 
108.524216 
108.524216 
108.524216 
108.524216 
108.524216 
108.524216 
108.524216 
108.524216 
108.524216 
108.524216 
108.524216 
108.524216 
108.524216 
108.524216 
108.524216 
108.524216 
108.524216 
108.524216 
108.524216 
108.524216 
108.524216 
108.524216 
108.524216 
108.524216 
108.524216 
108.524216 
108.524216 
108.524216 
108.524216 
108.524216 
108.524216 
108.524216 
108.524216 
108.524216 
108.524216 
108.524216 
108.524216 
108.524216 
108.524216 
108.524216 
108.524216 
108.524216 
108.524216 
108.524216 
108.524216 
108.524216 
108.524216 
108.524216 
108.524216 
108.524216 
108.524216 
108.524216 
108.524216 
108.524216 
108.524216 
108.460106 
108.460106 
108.460106 
108.460106 
108.460106 
108.460106 
108.460106 
108.460106 
108.460106 
108.460106 
108.460106 
108.460106 
108.460106 
108.460106 
108.460106 
108.460106 
108.460106 
