12.500000 12.240000 12.500000 12.760000 
12.680000 12.120000 12.320000 12.880000 
12.840000 11.860000 12.160000 13.140000 
12.980000 11.720000 12.020000 13.280000 
13.100000 11.540000 11.900000 13.460000 
13.240000 11.320000 11.760000 13.680000 
13.320000 11.220000 11.680000 13.780000 
13.380000 11.100000 11.620000 13.900000 
13.480000 10.960000 11.520000 14.040000 
13.540000 10.820000 11.460000 14.180000 
13.680000 10.760000 11.320000 14.240000 
13.760000 10.740000 11.240000 14.260000 
13.860000 10.640000 11.140000 14.360000 
14.000000 10.580000 11.000000 14.420000 
14.020000 10.500000 10.980000 14.500000 
14.120000 10.460000 10.880000 14.540000 
14.160000 10.440000 10.840000 14.560000 
14.300000 10.360000 10.700000 14.640000 
14.400000 10.300000 10.600000 14.700000 
14.520000 10.300000 10.480000 14.700000 
14.580000 10.220000 10.420000 14.780000 
14.640000 10.140000 10.360000 14.860000 
14.660000 10.040000 10.340000 14.960000 
14.760000 10.020000 10.240000 14.980000 
14.860000 9.960000 10.140000 15.040000 
14.880000 9.880000 10.120000 15.120000 
14.940000 9.800000 10.060000 15.200000 
14.960000 9.700000 10.040000 15.300000 
15.000000 9.700000 10.000000 15.300000 
15.060000 9.640000 9.940000 15.360000 
15.140000 9.600000 9.860000 15.400000 
15.240000 9.540000 9.760000 15.460000 
15.300000 9.540000 9.700000 15.460000 
15.320000 9.500000 9.680000 15.500000 
15.340000 9.500000 9.660000 15.500000 
15.440000 9.460000 9.560000 15.540000 
15.540000 9.380000 9.460000 15.620000 
15.580000 9.380000 9.420000 15.620000 
15.660000 9.340000 9.340000 15.660000 
15.720000 9.280000 9.280000 15.720000 
15.760000 9.260000 9.240000 15.740000 
15.780000 9.240000 9.220000 15.760000 
15.840000 9.200000 9.160000 15.800000 
15.880000 9.160000 9.120000 15.840000 
15.980000 9.080000 9.020000 15.920000 
16.080000 9.040000 8.920000 15.960000 
16.100000 9.000000 8.900000 16.000000 
16.120001 8.980000 8.880000 16.020000 
16.180000 8.960000 8.820000 16.040001 
16.299999 8.880000 8.700000 16.120001 
16.400000 8.880000 8.600000 16.120001 
16.459999 8.840000 8.540000 16.160000 
16.459999 8.800000 8.540000 16.200001 
16.520000 8.780000 8.480000 16.219999 
16.520000 8.760000 8.480000 16.240000 
16.540001 8.680000 8.460000 16.320000 
16.600000 8.680000 8.400000 16.320000 
16.620001 8.620000 8.380000 16.379999 
16.620001 8.560000 8.380000 16.440001 
16.639999 8.520000 8.360000 16.480000 
16.660000 8.460000 8.340000 16.540001 
16.700001 8.420000 8.300000 16.580000 
16.740000 8.400000 8.260000 16.600000 
16.879999 8.380000 8.120000 16.620001 
16.900000 8.360000 8.100000 16.639999 
16.920000 8.340000 8.080000 16.660000 
16.980000 8.300000 8.020000 16.700001 
17.020000 8.280000 7.980000 16.719999 
17.040001 8.280000 7.960000 16.719999 
17.040001 8.220000 7.960000 16.780001 
17.040001 8.180000 7.960000 16.820000 
17.100000 8.120000 7.900000 16.879999 
17.139999 8.040000 7.860000 16.959999 
17.240000 8.000000 7.760000 17.000000 
17.360001 8.000000 7.640000 17.000000 
17.420000 8.000000 7.580000 17.000000 
17.420000 7.980000 7.580000 17.020000 
17.440001 7.940000 7.560000 17.059999 
17.459999 7.900000 7.540000 17.100000 
17.580000 7.900000 7.420000 17.100000 
17.639999 7.900000 7.360000 17.100000 
17.680000 7.900000 7.320000 17.100000 
17.740000 7.860000 7.260000 17.139999 
17.780001 7.820000 7.220000 17.180000 
17.820000 7.820000 7.180000 17.180000 
17.920000 7.780000 7.080000 17.219999 
17.980000 7.700000 7.020000 17.299999 
18.000000 7.640000 7.000000 17.360001 
18.080000 7.600000 6.920000 17.400000 
18.139999 7.580000 6.860000 17.420000 
18.180000 7.560000 6.820000 17.440001 
18.200001 7.540000 6.800000 17.459999 
18.260000 7.540000 6.740000 17.459999 
18.299999 7.520000 6.700000 17.480000 
18.320000 7.460000 6.680000 17.540001 
18.340000 7.420000 6.660000 17.580000 
18.379999 7.420000 6.620000 17.580000 
18.400000 7.400000 6.600000 17.600000 
18.480000 7.400000 6.520000 17.600000 
18.480000 7.380000 6.520000 17.620001 
18.520000 7.360000 6.480000 17.639999 
18.660000 7.320000 6.340000 17.680000 
18.700001 7.260000 6.300000 17.740000 
18.740000 7.200000 6.260000 17.799999 
18.740000 7.200000 6.260000 17.799999 
18.760000 7.160000 6.240000 17.840000 
18.780001 7.120000 6.220000 17.879999 
18.799999 7.100000 6.200000 17.900000 
18.840000 7.080000 6.160000 17.920000 
18.860001 7.080000 6.140000 17.920000 
18.900000 7.080000 6.100000 17.920000 
18.900000 7.060000 6.100000 17.940001 
18.940001 7.040000 6.060000 17.959999 
18.980000 7.020000 6.020000 17.980000 
19.000000 7.000000 6.000000 18.000000 
19.040001 6.940000 5.960000 18.059999 
19.100000 6.880000 5.900000 18.120001 
19.160000 6.840000 5.840000 18.160000 
19.160000 6.800000 5.840000 18.200001 
19.160000 6.800000 5.840000 18.200001 
19.180000 6.760000 5.820000 18.240000 
19.260000 6.760000 5.740000 18.240000 
19.280001 6.740000 5.720000 18.260000 
19.320000 6.700000 5.680000 18.299999 
19.360001 6.680000 5.640000 18.320000 
19.360001 6.660000 5.640000 18.340000 
19.360001 6.620000 5.640000 18.379999 
19.379999 6.600000 5.620000 18.400000 
19.459999 6.580000 5.540000 18.420000 
19.480000 6.560000 5.520000 18.440001 
19.500000 6.420000 5.500000 18.580000 
19.520000 6.420000 5.480000 18.580000 
19.540001 6.420000 5.460000 18.580000 
19.620001 6.400000 5.380000 18.600000 
19.660000 6.360000 5.340000 18.639999 
19.680000 6.320000 5.320000 18.680000 
19.700001 6.260000 5.300000 18.740000 
19.780001 6.200000 5.220000 18.799999 
19.840000 6.100000 5.160000 18.900000 
19.860001 6.060000 5.140000 18.940001 
19.860001 6.060000 5.140000 18.940001 
19.879999 6.040000 5.120000 18.959999 
19.900000 6.020000 5.100000 18.980000 
19.920000 6.020000 5.080000 18.980000 
19.959999 6.000000 5.040000 19.000000 
20.000000 5.980000 5.000000 19.020000 
20.020000 5.980000 4.980000 19.020000 
20.020000 5.980000 4.980000 19.020000 
20.080000 5.940000 4.920000 19.059999 
20.120001 5.880000 4.880000 19.120001 
20.139999 5.840000 4.860000 19.160000 
20.160000 5.840000 4.840000 19.160000 
20.219999 5.840000 4.780000 19.160000 
20.240000 5.820000 4.760000 19.180000 
20.260000 5.820000 4.740000 19.180000 
20.260000 5.820000 4.740000 19.180000 
20.280001 5.820000 4.720000 19.180000 
20.299999 5.800000 4.700000 19.200001 
20.340000 5.780000 4.660000 19.219999 
20.340000 5.760000 4.660000 19.240000 
20.379999 5.760000 4.620000 19.240000 
20.379999 5.740000 4.620000 19.260000 
20.400000 5.740000 4.600000 19.260000 
20.459999 5.700000 4.540000 19.299999 
20.520000 5.700000 4.480000 19.299999 
20.540001 5.620000 4.460000 19.379999 
20.559999 5.600000 4.440000 19.400000 
20.600000 5.600000 4.400000 19.400000 
20.660000 5.560000 4.340000 19.440001 
20.680000 5.540000 4.320000 19.459999 
20.719999 5.540000 4.280000 19.459999 
20.740000 5.540000 4.260000 19.459999 
20.780001 5.540000 4.220000 19.459999 
20.820000 5.520000 4.180000 19.480000 
20.820000 5.500000 4.180000 19.500000 
20.860001 5.480000 4.140000 19.520000 
20.879999 5.420000 4.120000 19.580000 
20.879999 5.400000 4.120000 19.600000 
20.900000 5.400000 4.100000 19.600000 
20.920000 5.400000 4.080000 19.600000 
20.940001 5.400000 4.060000 19.600000 
20.940001 5.400000 4.060000 19.600000 
21.000000 5.320000 4.000000 19.680000 
21.040001 5.300000 3.960000 19.700001 
21.080000 5.280000 3.920000 19.719999 
21.100000 5.240000 3.900000 19.760000 
21.100000 5.240000 3.900000 19.760000 
21.100000 5.240000 3.900000 19.760000 
21.120001 5.240000 3.880000 19.760000 
21.160000 5.240000 3.840000 19.760000 
21.160000 5.200000 3.840000 19.799999 
21.160000 5.200000 3.840000 19.799999 
21.160000 5.180000 3.840000 19.820000 
21.160000 5.160000 3.840000 19.840000 
21.200001 5.120000 3.800000 19.879999 
21.200001 5.060000 3.800000 19.940001 
21.200001 5.060000 3.800000 19.940001 
21.240000 5.040000 3.760000 19.959999 
21.280001 5.020000 3.720000 19.980000 
21.299999 5.020000 3.700000 19.980000 
21.340000 5.000000 3.660000 20.000000 
21.340000 4.960000 3.660000 20.040001 
21.360001 4.960000 3.640000 20.040001 
21.360001 4.940000 3.640000 20.059999 
21.400000 4.920000 3.600000 20.080000 
21.420000 4.920000 3.580000 20.080000 
21.440001 4.880000 3.560000 20.120001 
21.440001 4.860000 3.560000 20.139999 
21.440001 4.800000 3.560000 20.200001 
21.440001 4.800000 3.560000 20.200001 
21.459999 4.780000 3.540000 20.219999 
21.480000 4.780000 3.520000 20.219999 
21.520000 4.700000 3.480000 20.299999 
21.559999 4.680000 3.440000 20.320000 
21.580000 4.660000 3.420000 20.340000 
21.620001 4.620000 3.380000 20.379999 
21.639999 4.600000 3.360000 20.400000 
21.660000 4.580000 3.340000 20.420000 
21.680000 4.560000 3.320000 20.440001 
21.680000 4.520000 3.320000 20.480000 
21.680000 4.500000 3.320000 20.500000 
21.680000 4.460000 3.320000 20.540001 
21.700001 4.460000 3.300000 20.540001 
21.740000 4.460000 3.260000 20.540001 
21.760000 4.440000 3.240000 20.559999 
21.760000 4.440000 3.240000 20.559999 
21.760000 4.440000 3.240000 20.559999 
21.799999 4.400000 3.200000 20.600000 
21.820000 4.400000 3.180000 20.600000 
21.820000 4.360000 3.180000 20.639999 
21.820000 4.360000 3.180000 20.639999 
21.879999 4.340000 3.120000 20.660000 
21.900000 4.280000 3.100000 20.719999 
21.920000 4.260000 3.080000 20.740000 
21.920000 4.200000 3.080000 20.799999 
21.959999 4.180000 3.040000 20.820000 
21.959999 4.180000 3.040000 20.820000 
21.980000 4.160000 3.020000 20.840000 
22.000000 4.160000 3.000000 20.840000 
22.020000 4.140000 2.980000 20.860001 
22.040001 4.100000 2.960000 20.900000 
22.059999 4.080000 2.940000 20.920000 
22.100000 4.080000 2.900000 20.920000 
22.120001 4.060000 2.880000 20.940001 
22.139999 4.060000 2.860000 20.940001 
22.139999 4.020000 2.860000 20.980000 
22.160000 4.020000 2.840000 20.980000 
22.200001 4.020000 2.800000 20.980000 
22.219999 4.000000 2.780000 21.000000 
22.260000 3.960000 2.740000 21.040001 
22.280001 3.960000 2.720000 21.040001 
22.299999 3.960000 2.700000 21.040001 
22.320000 3.920000 2.680000 21.080000 
22.320000 3.920000 2.680000 21.080000 
22.340000 3.880000 2.660000 21.120001 
22.379999 3.860000 2.620000 21.139999 
22.400000 3.860000 2.600000 21.139999 
22.440001 3.860000 2.560000 21.139999 
22.459999 3.840000 2.540000 21.160000 
22.500000 3.840000 2.500000 21.160000 
22.540001 3.840000 2.460000 21.160000 
22.559999 3.840000 2.440000 21.160000 
22.580000 3.820000 2.420000 21.180000 
22.600000 3.820000 2.400000 21.180000 
22.620001 3.800000 2.380000 21.200001 
22.639999 3.780000 2.360000 21.219999 
22.639999 3.780000 2.360000 21.219999 
22.639999 3.780000 2.360000 21.219999 
22.639999 3.740000 2.360000 21.260000 
22.639999 3.720000 2.360000 21.280001 
22.639999 3.700000 2.360000 21.299999 
22.700001 3.680000 2.300000 21.320000 
22.700001 3.660000 2.300000 21.340000 
22.700001 3.660000 2.300000 21.340000 
22.740000 3.660000 2.260000 21.340000 
22.740000 3.640000 2.260000 21.360001 
22.740000 3.620000 2.260000 21.379999 
22.760000 3.600000 2.240000 21.400000 
22.780001 3.600000 2.220000 21.400000 
22.799999 3.580000 2.200000 21.420000 
22.799999 3.540000 2.200000 21.459999 
22.840000 3.540000 2.160000 21.459999 
22.840000 3.520000 2.160000 21.480000 
22.920000 3.500000 2.080000 21.500000 
22.940001 3.500000 2.060000 21.500000 
22.940001 3.480000 2.060000 21.520000 
22.959999 3.480000 2.040000 21.520000 
22.980000 3.440000 2.020000 21.559999 
23.000000 3.440000 2.000000 21.559999 
23.000000 3.440000 2.000000 21.559999 
23.000000 3.420000 2.000000 21.580000 
23.020000 3.400000 1.980000 21.600000 
23.020000 3.400000 1.980000 21.600000 
23.059999 3.400000 1.940000 21.600000 
23.059999 3.380000 1.940000 21.620001 
23.059999 3.340000 1.940000 21.660000 
23.080000 3.320000 1.920000 21.680000 
23.100000 3.320000 1.900000 21.680000 
23.139999 3.320000 1.860000 21.680000 
23.139999 3.320000 1.860000 21.680000 
23.160000 3.300000 1.840000 21.700001 
23.160000 3.260000 1.840000 21.740000 
23.180000 3.260000 1.820000 21.740000 
23.180000 3.240000 1.820000 21.760000 
23.180000 3.180000 1.820000 21.820000 
23.180000 3.180000 1.820000 21.820000 
23.180000 3.180000 1.820000 21.820000 
23.180000 3.180000 1.820000 21.820000 
23.200001 3.180000 1.800000 21.820000 
23.200001 3.140000 1.800000 21.860001 
23.200001 3.120000 1.800000 21.879999 
23.200001 3.120000 1.800000 21.879999 
23.240000 3.080000 1.760000 21.920000 
23.240000 3.080000 1.760000 21.920000 
23.280001 3.080000 1.720000 21.920000 
23.280001 3.080000 1.720000 21.920000 
23.299999 3.080000 1.700000 21.920000 
23.299999 3.020000 1.700000 21.980000 
23.299999 2.980000 1.700000 22.020000 
23.299999 2.960000 1.700000 22.040001 
23.299999 2.920000 1.700000 22.080000 
23.299999 2.920000 1.700000 22.080000 
23.299999 2.920000 1.700000 22.080000 
23.320000 2.920000 1.680000 22.080000 
23.379999 2.900000 1.620000 22.100000 
23.400000 2.900000 1.600000 22.100000 
23.440001 2.900000 1.560000 22.100000 
23.440001 2.860000 1.560000 22.139999 
23.440001 2.860000 1.560000 22.139999 
23.440001 2.840000 1.560000 22.160000 
23.480000 2.820000 1.520000 22.180000 
23.480000 2.800000 1.520000 22.200001 
23.500000 2.780000 1.500000 22.219999 
23.520000 2.760000 1.480000 22.240000 
23.520000 2.760000 1.480000 22.240000 
23.520000 2.740000 1.480000 22.260000 
23.540001 2.720000 1.460000 22.280001 
23.559999 2.720000 1.440000 22.280001 
23.580000 2.720000 1.420000 22.280001 
23.620001 2.660000 1.380000 22.340000 
23.620001 2.640000 1.380000 22.360001 
23.660000 2.640000 1.340000 22.360001 
23.660000 2.640000 1.340000 22.360001 
23.680000 2.640000 1.320000 22.360001 
23.680000 2.600000 1.320000 22.400000 
23.700001 2.580000 1.300000 22.420000 
23.700001 2.580000 1.300000 22.420000 
23.700001 2.580000 1.300000 22.420000 
23.700001 2.560000 1.300000 22.440001 
23.719999 2.540000 1.280000 22.459999 
23.740000 2.540000 1.260000 22.459999 
23.740000 2.540000 1.260000 22.459999 
23.740000 2.520000 1.260000 22.480000 
23.740000 2.500000 1.260000 22.500000 
23.780001 2.500000 1.220000 22.500000 
23.780001 2.500000 1.220000 22.500000 
23.780001 2.500000 1.220000 22.500000 
23.799999 2.480000 1.200000 22.520000 
23.799999 2.480000 1.200000 22.520000 
23.820000 2.480000 1.180000 22.520000 
23.820000 2.420000 1.180000 22.580000 
23.820000 2.360000 1.180000 22.639999 
23.820000 2.360000 1.180000 22.639999 
23.820000 2.340000 1.180000 22.660000 
23.820000 2.320000 1.180000 22.680000 
23.840000 2.300000 1.160000 22.700001 
23.840000 2.280000 1.160000 22.719999 
23.860001 2.260000 1.140000 22.740000 
23.879999 2.240000 1.120000 22.760000 
23.940001 2.220000 1.060000 22.780001 
23.940001 2.200000 1.060000 22.799999 
23.940001 2.180000 1.060000 22.820000 
23.940001 2.180000 1.060000 22.820000 
23.940001 2.180000 1.060000 22.820000 
23.959999 2.180000 1.040000 22.820000 
23.959999 2.180000 1.040000 22.820000 
23.959999 2.180000 1.040000 22.820000 
23.959999 2.180000 1.040000 22.820000 
23.959999 2.180000 1.040000 22.820000 
23.959999 2.180000 1.040000 22.820000 
23.959999 2.180000 1.040000 22.820000 
24.000000 2.160000 1.000000 22.840000 
24.000000 2.120000 1.000000 22.879999 
24.020000 2.080000 0.980000 22.920000 
24.020000 2.060000 0.980000 22.940001 
24.020000 2.060000 0.980000 22.940001 
24.020000 2.060000 0.980000 22.940001 
24.059999 2.060000 0.940000 22.940001 
24.080000 2.060000 0.920000 22.940001 
24.080000 2.060000 0.920000 22.940001 
24.080000 2.060000 0.920000 22.940001 
24.080000 2.040000 0.920000 22.959999 
24.080000 2.020000 0.920000 22.980000 
24.080000 2.020000 0.920000 22.980000 
24.080000 2.020000 0.920000 22.980000 
24.080000 2.000000 0.920000 23.000000 
24.080000 2.000000 0.920000 23.000000 
24.080000 1.980000 0.920000 23.020000 
24.080000 1.980000 0.920000 23.020000 
24.080000 1.980000 0.920000 23.020000 
24.080000 1.980000 0.920000 23.020000 
24.080000 1.980000 0.920000 23.020000 
24.100000 1.980000 0.900000 23.020000 
24.100000 1.980000 0.900000 23.020000 
24.100000 1.980000 0.900000 23.020000 
24.120001 1.980000 0.880000 23.020000 
24.120001 1.980000 0.880000 23.020000 
24.120001 1.940000 0.880000 23.059999 
24.120001 1.940000 0.880000 23.059999 
24.120001 1.920000 0.880000 23.080000 
24.120001 1.920000 0.880000 23.080000 
24.120001 1.920000 0.880000 23.080000 
24.139999 1.920000 0.860000 23.080000 
24.139999 1.920000 0.860000 23.080000 
24.139999 1.900000 0.860000 23.100000 
24.139999 1.880000 0.860000 23.120001 
24.139999 1.880000 0.860000 23.120001 
24.160000 1.860000 0.840000 23.139999 
24.160000 1.860000 0.840000 23.139999 
24.160000 1.840000 0.840000 23.160000 
24.160000 1.840000 0.840000 23.160000 
24.160000 1.840000 0.840000 23.160000 
24.160000 1.820000 0.840000 23.180000 
24.160000 1.820000 0.840000 23.180000 
24.160000 1.800000 0.840000 23.200001 
24.160000 1.800000 0.840000 23.200001 
24.160000 1.800000 0.840000 23.200001 
24.160000 1.780000 0.840000 23.219999 
24.160000 1.760000 0.840000 23.240000 
24.160000 1.740000 0.840000 23.260000 
24.160000 1.700000 0.840000 23.299999 
24.160000 1.680000 0.840000 23.320000 
24.160000 1.680000 0.840000 23.320000 
24.160000 1.680000 0.840000 23.320000 
24.160000 1.680000 0.840000 23.320000 
24.180000 1.680000 0.820000 23.320000 
24.180000 1.680000 0.820000 23.320000 
24.180000 1.680000 0.820000 23.320000 
24.180000 1.660000 0.820000 23.340000 
24.219999 1.660000 0.780000 23.340000 
24.219999 1.660000 0.780000 23.340000 
24.240000 1.660000 0.760000 23.340000 
24.240000 1.660000 0.760000 23.340000 
24.240000 1.660000 0.760000 23.340000 
24.260000 1.660000 0.740000 23.340000 
24.260000 1.640000 0.740000 23.360001 
24.260000 1.640000 0.740000 23.360001 
24.260000 1.640000 0.740000 23.360001 
24.260000 1.620000 0.740000 23.379999 
24.260000 1.600000 0.740000 23.400000 
24.260000 1.580000 0.740000 23.420000 
24.260000 1.580000 0.740000 23.420000 
24.280001 1.580000 0.720000 23.420000 
24.280001 1.580000 0.720000 23.420000 
24.280001 1.580000 0.720000 23.420000 
24.280001 1.580000 0.720000 23.420000 
24.280001 1.580000 0.720000 23.420000 
24.280001 1.580000 0.720000 23.420000 
24.280001 1.580000 0.720000 23.420000 
24.280001 1.540000 0.720000 23.459999 
24.299999 1.540000 0.700000 23.459999 
24.299999 1.540000 0.700000 23.459999 
24.299999 1.540000 0.700000 23.459999 
24.299999 1.520000 0.700000 23.480000 
24.299999 1.520000 0.700000 23.480000 
24.299999 1.520000 0.700000 23.480000 
24.299999 1.520000 0.700000 23.480000 
24.299999 1.520000 0.700000 23.480000 
24.340000 1.520000 0.660000 23.480000 
24.360001 1.520000 0.640000 23.480000 
24.360001 1.520000 0.640000 23.480000 
24.360001 1.520000 0.640000 23.480000 
24.379999 1.520000 0.620000 23.480000 
24.400000 1.500000 0.600000 23.500000 
24.400000 1.500000 0.600000 23.500000 
24.400000 1.500000 0.600000 23.500000 
24.400000 1.500000 0.600000 23.500000 
24.420000 1.500000 0.580000 23.500000 
24.420000 1.500000 0.580000 23.500000 
24.440001 1.500000 0.560000 23.500000 
24.440001 1.500000 0.560000 23.500000 
24.440001 1.500000 0.560000 23.500000 
24.440001 1.500000 0.560000 23.500000 
24.440001 1.500000 0.560000 23.500000 
24.440001 1.480000 0.560000 23.520000 
24.440001 1.460000 0.560000 23.540001 
24.440001 1.460000 0.560000 23.540001 
24.440001 1.460000 0.560000 23.540001 
24.459999 1.460000 0.540000 23.540001 
24.480000 1.440000 0.520000 23.559999 
24.500000 1.440000 0.500000 23.559999 
24.500000 1.440000 0.500000 23.559999 
24.500000 1.440000 0.500000 23.559999 
24.500000 1.420000 0.500000 23.580000 
24.500000 1.420000 0.500000 23.580000 
24.500000 1.400000 0.500000 23.600000 
24.500000 1.400000 0.500000 23.600000 
24.500000 1.400000 0.500000 23.600000 
24.500000 1.400000 0.500000 23.600000 
24.500000 1.400000 0.500000 23.600000 
24.520000 1.400000 0.480000 23.600000 
24.520000 1.400000 0.480000 23.600000 
24.540001 1.380000 0.460000 23.620001 
24.540001 1.360000 0.460000 23.639999 
24.580000 1.360000 0.420000 23.639999 
24.580000 1.360000 0.420000 23.639999 
24.580000 1.360000 0.420000 23.639999 
24.600000 1.360000 0.400000 23.639999 
24.600000 1.360000 0.400000 23.639999 
24.600000 1.360000 0.400000 23.639999 
24.600000 1.360000 0.400000 23.639999 
24.600000 1.360000 0.400000 23.639999 
24.600000 1.360000 0.400000 23.639999 
24.600000 1.340000 0.400000 23.660000 
24.600000 1.340000 0.400000 23.660000 
24.600000 1.340000 0.400000 23.660000 
24.600000 1.340000 0.400000 23.660000 
24.600000 1.320000 0.400000 23.680000 
24.600000 1.320000 0.400000 23.680000 
24.600000 1.320000 0.400000 23.680000 
24.600000 1.320000 0.400000 23.680000 
24.600000 1.320000 0.400000 23.680000 
24.620001 1.320000 0.380000 23.680000 
24.620001 1.320000 0.380000 23.680000 
24.639999 1.320000 0.360000 23.680000 
24.639999 1.320000 0.360000 23.680000 
24.639999 1.300000 0.360000 23.700001 
24.639999 1.280000 0.360000 23.719999 
24.639999 1.280000 0.360000 23.719999 
24.639999 1.280000 0.360000 23.719999 
24.639999 1.260000 0.360000 23.740000 
24.639999 1.240000 0.360000 23.760000 
24.639999 1.220000 0.360000 23.780001 
24.639999 1.220000 0.360000 23.780001 
24.639999 1.220000 0.360000 23.780001 
24.639999 1.220000 0.360000 23.780001 
24.639999 1.220000 0.360000 23.780001 
24.680000 1.220000 0.320000 23.780001 
24.680000 1.220000 0.320000 23.780001 
24.680000 1.220000 0.320000 23.780001 
24.680000 1.220000 0.320000 23.780001 
24.680000 1.220000 0.320000 23.780001 
24.680000 1.220000 0.320000 23.780001 
24.680000 1.220000 0.320000 23.780001 
24.680000 1.220000 0.320000 23.780001 
24.680000 1.220000 0.320000 23.780001 
24.680000 1.200000 0.320000 23.799999 
24.680000 1.200000 0.320000 23.799999 
24.680000 1.180000 0.320000 23.820000 
24.680000 1.180000 0.320000 23.820000 
24.680000 1.160000 0.320000 23.840000 
24.680000 1.140000 0.320000 23.860001 
24.680000 1.140000 0.320000 23.860001 
24.680000 1.120000 0.320000 23.879999 
24.680000 1.120000 0.320000 23.879999 
24.680000 1.120000 0.320000 23.879999 
24.680000 1.120000 0.320000 23.879999 
24.680000 1.120000 0.320000 23.879999 
24.680000 1.120000 0.320000 23.879999 
24.680000 1.120000 0.320000 23.879999 
24.680000 1.120000 0.320000 23.879999 
24.680000 1.120000 0.320000 23.879999 
24.680000 1.100000 0.320000 23.900000 
24.680000 1.080000 0.320000 23.920000 
24.680000 1.080000 0.320000 23.920000 
24.700001 1.060000 0.300000 23.940001 
24.700001 1.040000 0.300000 23.959999 
24.700001 1.040000 0.300000 23.959999 
24.700001 1.040000 0.300000 23.959999 
24.719999 1.040000 0.280000 23.959999 
24.719999 1.040000 0.280000 23.959999 
24.719999 1.040000 0.280000 23.959999 
24.719999 1.040000 0.280000 23.959999 
24.719999 1.040000 0.280000 23.959999 
24.740000 1.040000 0.260000 23.959999 
24.740000 1.040000 0.260000 23.959999 
24.740000 1.040000 0.260000 23.959999 
24.760000 1.040000 0.240000 23.959999 
24.760000 1.040000 0.240000 23.959999 
24.760000 1.040000 0.240000 23.959999 
24.760000 1.040000 0.240000 23.959999 
24.760000 1.040000 0.240000 23.959999 
24.760000 1.040000 0.240000 23.959999 
24.760000 1.020000 0.240000 23.980000 
24.780001 1.020000 0.220000 23.980000 
24.780001 1.020000 0.220000 23.980000 
24.780001 1.020000 0.220000 23.980000 
24.780001 1.020000 0.220000 23.980000 
24.780001 1.020000 0.220000 23.980000 
24.780001 1.020000 0.220000 23.980000 
24.780001 1.020000 0.220000 23.980000 
24.780001 1.020000 0.220000 23.980000 
24.780001 1.020000 0.220000 23.980000 
24.780001 1.020000 0.220000 23.980000 
24.780001 1.000000 0.220000 24.000000 
24.780001 1.000000 0.220000 24.000000 
24.780001 1.000000 0.220000 24.000000 
24.780001 1.000000 0.220000 24.000000 
24.780001 1.000000 0.220000 24.000000 
24.780001 1.000000 0.220000 24.000000 
24.780001 0.980000 0.220000 24.020000 
24.780001 0.980000 0.220000 24.020000 
24.780001 0.960000 0.220000 24.040001 
24.780001 0.960000 0.220000 24.040001 
24.780001 0.960000 0.220000 24.040001 
24.780001 0.940000 0.220000 24.059999 
24.780001 0.940000 0.220000 24.059999 
24.780001 0.940000 0.220000 24.059999 
24.780001 0.920000 0.220000 24.080000 
24.780001 0.920000 0.220000 24.080000 
24.780001 0.920000 0.220000 24.080000 
24.780001 0.920000 0.220000 24.080000 
24.780001 0.920000 0.220000 24.080000 
24.780001 0.920000 0.220000 24.080000 
24.780001 0.920000 0.220000 24.080000 
24.780001 0.920000 0.220000 24.080000 
24.799999 0.920000 0.200000 24.080000 
24.799999 0.920000 0.200000 24.080000 
24.799999 0.920000 0.200000 24.080000 
24.799999 0.900000 0.200000 24.100000 
24.799999 0.900000 0.200000 24.100000 
24.799999 0.900000 0.200000 24.100000 
24.799999 0.880000 0.200000 24.120001 
24.799999 0.880000 0.200000 24.120001 
24.799999 0.880000 0.200000 24.120001 
24.799999 0.880000 0.200000 24.120001 
24.799999 0.860000 0.200000 24.139999 
24.799999 0.860000 0.200000 24.139999 
24.799999 0.860000 0.200000 24.139999 
24.799999 0.860000 0.200000 24.139999 
24.799999 0.860000 0.200000 24.139999 
24.799999 0.860000 0.200000 24.139999 
24.820000 0.860000 0.180000 24.139999 
24.820000 0.840000 0.180000 24.160000 
24.820000 0.840000 0.180000 24.160000 
24.820000 0.840000 0.180000 24.160000 
24.820000 0.820000 0.180000 24.180000 
24.820000 0.820000 0.180000 24.180000 
24.820000 0.820000 0.180000 24.180000 
24.820000 0.800000 0.180000 24.200001 
24.820000 0.800000 0.180000 24.200001 
24.820000 0.800000 0.180000 24.200001 
24.820000 0.800000 0.180000 24.200001 
24.820000 0.780000 0.180000 24.219999 
24.820000 0.780000 0.180000 24.219999 
24.820000 0.760000 0.180000 24.240000 
24.820000 0.740000 0.180000 24.260000 
24.820000 0.740000 0.180000 24.260000 
24.820000 0.740000 0.180000 24.260000 
24.820000 0.740000 0.180000 24.260000 
24.820000 0.740000 0.180000 24.260000 
24.820000 0.720000 0.180000 24.280001 
24.820000 0.720000 0.180000 24.280001 
24.820000 0.720000 0.180000 24.280001 
24.820000 0.720000 0.180000 24.280001 
24.820000 0.720000 0.180000 24.280001 
24.820000 0.720000 0.180000 24.280001 
24.820000 0.720000 0.180000 24.280001 
24.820000 0.720000 0.180000 24.280001 
24.820000 0.720000 0.180000 24.280001 
24.820000 0.720000 0.180000 24.280001 
24.820000 0.720000 0.180000 24.280001 
24.820000 0.720000 0.180000 24.280001 
24.820000 0.700000 0.180000 24.299999 
24.820000 0.700000 0.180000 24.299999 
24.840000 0.700000 0.160000 24.299999 
24.840000 0.700000 0.160000 24.299999 
24.840000 0.680000 0.160000 24.320000 
24.840000 0.680000 0.160000 24.320000 
24.840000 0.680000 0.160000 24.320000 
24.840000 0.680000 0.160000 24.320000 
24.840000 0.660000 0.160000 24.340000 
24.840000 0.660000 0.160000 24.340000 
24.840000 0.660000 0.160000 24.340000 
24.840000 0.660000 0.160000 24.340000 
24.840000 0.660000 0.160000 24.340000 
24.840000 0.660000 0.160000 24.340000 
24.840000 0.660000 0.160000 24.340000 
24.840000 0.660000 0.160000 24.340000 
24.840000 0.660000 0.160000 24.340000 
24.840000 0.640000 0.160000 24.360001 
24.840000 0.640000 0.160000 24.360001 
24.860001 0.640000 0.140000 24.360001 
24.860001 0.620000 0.140000 24.379999 
24.860001 0.620000 0.140000 24.379999 
24.879999 0.600000 0.120000 24.400000 
24.879999 0.580000 0.120000 24.420000 
24.900000 0.580000 0.100000 24.420000 
24.900000 0.580000 0.100000 24.420000 
24.900000 0.580000 0.100000 24.420000 
24.900000 0.580000 0.100000 24.420000 
24.920000 0.560000 0.080000 24.440001 
24.920000 0.560000 0.080000 24.440001 
24.920000 0.560000 0.080000 24.440001 
24.920000 0.560000 0.080000 24.440001 
24.920000 0.560000 0.080000 24.440001 
24.920000 0.560000 0.080000 24.440001 
24.920000 0.560000 0.080000 24.440001 
24.920000 0.560000 0.080000 24.440001 
24.920000 0.560000 0.080000 24.440001 
24.920000 0.560000 0.080000 24.440001 
24.920000 0.540000 0.080000 24.459999 
24.920000 0.540000 0.080000 24.459999 
24.920000 0.540000 0.080000 24.459999 
24.920000 0.540000 0.080000 24.459999 
24.920000 0.540000 0.080000 24.459999 
24.920000 0.520000 0.080000 24.480000 
24.920000 0.520000 0.080000 24.480000 
24.920000 0.520000 0.080000 24.480000 
24.920000 0.520000 0.080000 24.480000 
24.920000 0.520000 0.080000 24.480000 
24.920000 0.520000 0.080000 24.480000 
24.920000 0.520000 0.080000 24.480000 
24.920000 0.520000 0.080000 24.480000 
24.920000 0.520000 0.080000 24.480000 
24.920000 0.520000 0.080000 24.480000 
24.920000 0.520000 0.080000 24.480000 
24.940001 0.520000 0.060000 24.480000 
24.940001 0.520000 0.060000 24.480000 
24.940001 0.500000 0.060000 24.500000 
24.940001 0.480000 0.060000 24.520000 
24.940001 0.480000 0.060000 24.520000 
24.940001 0.480000 0.060000 24.520000 
24.940001 0.480000 0.060000 24.520000 
24.940001 0.480000 0.060000 24.520000 
24.940001 0.480000 0.060000 24.520000 
24.940001 0.480000 0.060000 24.520000 
24.940001 0.480000 0.060000 24.520000 
24.940001 0.480000 0.060000 24.520000 
24.940001 0.480000 0.060000 24.520000 
24.940001 0.480000 0.060000 24.520000 
24.940001 0.480000 0.060000 24.520000 
24.940001 0.480000 0.060000 24.520000 
24.940001 0.480000 0.060000 24.520000 
24.940001 0.480000 0.060000 24.520000 
24.940001 0.480000 0.060000 24.520000 
24.940001 0.480000 0.060000 24.520000 
24.940001 0.460000 0.060000 24.540001 
24.940001 0.440000 0.060000 24.559999 
24.940001 0.440000 0.060000 24.559999 
24.940001 0.440000 0.060000 24.559999 
24.940001 0.440000 0.060000 24.559999 
24.940001 0.440000 0.060000 24.559999 
24.940001 0.420000 0.060000 24.580000 
24.940001 0.420000 0.060000 24.580000 
24.940001 0.420000 0.060000 24.580000 
24.940001 0.400000 0.060000 24.600000 
24.940001 0.400000 0.060000 24.600000 
24.940001 0.400000 0.060000 24.600000 
24.940001 0.400000 0.060000 24.600000 
24.940001 0.400000 0.060000 24.600000 
24.940001 0.400000 0.060000 24.600000 
24.940001 0.400000 0.060000 24.600000 
24.940001 0.400000 0.060000 24.600000 
24.940001 0.400000 0.060000 24.600000 
24.940001 0.400000 0.060000 24.600000 
24.940001 0.400000 0.060000 24.600000 
24.940001 0.400000 0.060000 24.600000 
24.940001 0.400000 0.060000 24.600000 
24.940001 0.400000 0.060000 24.600000 
24.940001 0.400000 0.060000 24.600000 
24.940001 0.400000 0.060000 24.600000 
24.940001 0.400000 0.060000 24.600000 
24.940001 0.400000 0.060000 24.600000 
24.940001 0.400000 0.060000 24.600000 
24.940001 0.400000 0.060000 24.600000 
24.940001 0.400000 0.060000 24.600000 
24.940001 0.400000 0.060000 24.600000 
24.940001 0.400000 0.060000 24.600000 
24.940001 0.400000 0.060000 24.600000 
24.940001 0.400000 0.060000 24.600000 
24.940001 0.400000 0.060000 24.600000 
24.940001 0.400000 0.060000 24.600000 
24.940001 0.400000 0.060000 24.600000 
24.940001 0.380000 0.060000 24.620001 
24.940001 0.380000 0.060000 24.620001 
24.940001 0.380000 0.060000 24.620001 
24.940001 0.380000 0.060000 24.620001 
24.940001 0.380000 0.060000 24.620001 
24.940001 0.380000 0.060000 24.620001 
24.940001 0.380000 0.060000 24.620001 
24.940001 0.380000 0.060000 24.620001 
24.940001 0.380000 0.060000 24.620001 
24.940001 0.380000 0.060000 24.620001 
24.940001 0.360000 0.060000 24.639999 
24.940001 0.360000 0.060000 24.639999 
24.940001 0.360000 0.060000 24.639999 
24.959999 0.360000 0.040000 24.639999 
24.959999 0.360000 0.040000 24.639999 
24.959999 0.360000 0.040000 24.639999 
24.959999 0.360000 0.040000 24.639999 
24.959999 0.340000 0.040000 24.660000 
24.959999 0.340000 0.040000 24.660000 
24.959999 0.340000 0.040000 24.660000 
24.959999 0.340000 0.040000 24.660000 
24.959999 0.340000 0.040000 24.660000 
24.959999 0.340000 0.040000 24.660000 
24.959999 0.340000 0.040000 24.660000 
24.959999 0.340000 0.040000 24.660000 
24.959999 0.340000 0.040000 24.660000 
24.959999 0.340000 0.040000 24.660000 
24.959999 0.340000 0.040000 24.660000 
24.959999 0.340000 0.040000 24.660000 
24.959999 0.340000 0.040000 24.660000 
24.959999 0.340000 0.040000 24.660000 
24.959999 0.340000 0.040000 24.660000 
24.959999 0.340000 0.040000 24.660000 
24.959999 0.340000 0.040000 24.660000 
24.959999 0.340000 0.040000 24.660000 
24.959999 0.340000 0.040000 24.660000 
24.959999 0.340000 0.040000 24.660000 
24.959999 0.340000 0.040000 24.660000 
24.959999 0.340000 0.040000 24.660000 
24.959999 0.340000 0.040000 24.660000 
24.959999 0.340000 0.040000 24.660000 
24.959999 0.340000 0.040000 24.660000 
24.959999 0.340000 0.040000 24.660000 
24.959999 0.340000 0.040000 24.660000 
24.959999 0.340000 0.040000 24.660000 
24.959999 0.340000 0.040000 24.660000 
24.959999 0.340000 0.040000 24.660000 
24.959999 0.340000 0.040000 24.660000 
24.959999 0.340000 0.040000 24.660000 
24.959999 0.340000 0.040000 24.660000 
24.959999 0.340000 0.040000 24.660000 
24.959999 0.340000 0.040000 24.660000 
24.959999 0.340000 0.040000 24.660000 
24.959999 0.340000 0.040000 24.660000 
24.959999 0.340000 0.040000 24.660000 
24.959999 0.340000 0.040000 24.660000 
24.959999 0.340000 0.040000 24.660000 
24.959999 0.340000 0.040000 24.660000 
24.959999 0.340000 0.040000 24.660000 
24.959999 0.340000 0.040000 24.660000 
24.959999 0.340000 0.040000 24.660000 
24.959999 0.340000 0.040000 24.660000 
24.959999 0.340000 0.040000 24.660000 
24.959999 0.320000 0.040000 24.680000 
24.959999 0.320000 0.040000 24.680000 
24.959999 0.320000 0.040000 24.680000 
24.959999 0.320000 0.040000 24.680000 
24.959999 0.320000 0.040000 24.680000 
24.959999 0.320000 0.040000 24.680000 
24.959999 0.320000 0.040000 24.680000 
24.959999 0.320000 0.040000 24.680000 
24.959999 0.320000 0.040000 24.680000 
24.959999 0.320000 0.040000 24.680000 
24.959999 0.300000 0.040000 24.700001 
24.959999 0.300000 0.040000 24.700001 
24.959999 0.300000 0.040000 24.700001 
24.959999 0.300000 0.040000 24.700001 
24.959999 0.300000 0.040000 24.700001 
24.959999 0.300000 0.040000 24.700001 
24.959999 0.300000 0.040000 24.700001 
24.959999 0.300000 0.040000 24.700001 
24.959999 0.300000 0.040000 24.700001 
24.959999 0.300000 0.040000 24.700001 
24.959999 0.300000 0.040000 24.700001 
24.959999 0.300000 0.040000 24.700001 
24.959999 0.300000 0.040000 24.700001 
24.959999 0.300000 0.040000 24.700001 
24.959999 0.300000 0.040000 24.700001 
24.959999 0.300000 0.040000 24.700001 
24.959999 0.300000 0.040000 24.700001 
24.959999 0.280000 0.040000 24.719999 
24.959999 0.280000 0.040000 24.719999 
24.959999 0.280000 0.040000 24.719999 
24.959999 0.280000 0.040000 24.719999 
24.959999 0.280000 0.040000 24.719999 
24.959999 0.280000 0.040000 24.719999 
24.959999 0.280000 0.040000 24.719999 
24.959999 0.280000 0.040000 24.719999 
24.959999 0.280000 0.040000 24.719999 
24.959999 0.280000 0.040000 24.719999 
24.959999 0.280000 0.040000 24.719999 
24.959999 0.280000 0.040000 24.719999 
24.959999 0.280000 0.040000 24.719999 
24.959999 0.280000 0.040000 24.719999 
24.959999 0.260000 0.040000 24.740000 
24.959999 0.260000 0.040000 24.740000 
24.959999 0.260000 0.040000 24.740000 
24.959999 0.260000 0.040000 24.740000 
24.959999 0.260000 0.040000 24.740000 
24.959999 0.260000 0.040000 24.740000 
24.959999 0.260000 0.040000 24.740000 
24.959999 0.260000 0.040000 24.740000 
24.959999 0.260000 0.040000 24.740000 
24.959999 0.260000 0.040000 24.740000 
24.959999 0.260000 0.040000 24.740000 
24.959999 0.260000 0.040000 24.740000 
24.959999 0.260000 0.040000 24.740000 
24.959999 0.260000 0.040000 24.740000 
24.959999 0.260000 0.040000 24.740000 
24.959999 0.260000 0.040000 24.740000 
24.959999 0.260000 0.040000 24.740000 
24.959999 0.260000 0.040000 24.740000 
24.959999 0.260000 0.040000 24.740000 
24.959999 0.260000 0.040000 24.740000 
24.959999 0.260000 0.040000 24.740000 
24.959999 0.260000 0.040000 24.740000 
24.959999 0.260000 0.040000 24.740000 
24.959999 0.260000 0.040000 24.740000 
24.959999 0.260000 0.040000 24.740000 
24.959999 0.260000 0.040000 24.740000 
24.959999 0.260000 0.040000 24.740000 
24.959999 0.260000 0.040000 24.740000 
24.959999 0.260000 0.040000 24.740000 
24.980000 0.260000 0.020000 24.740000 
24.980000 0.260000 0.020000 24.740000 
24.980000 0.260000 0.020000 24.740000 
24.980000 0.260000 0.020000 24.740000 
24.980000 0.260000 0.020000 24.740000 
24.980000 0.260000 0.020000 24.740000 
24.980000 0.260000 0.020000 24.740000 
24.980000 0.260000 0.020000 24.740000 
24.980000 0.260000 0.020000 24.740000 
24.980000 0.260000 0.020000 24.740000 
24.980000 0.260000 0.020000 24.740000 
24.980000 0.260000 0.020000 24.740000 
24.980000 0.260000 0.020000 24.740000 
24.980000 0.240000 0.020000 24.760000 
24.980000 0.240000 0.020000 24.760000 
24.980000 0.240000 0.020000 24.760000 
24.980000 0.240000 0.020000 24.760000 
24.980000 0.240000 0.020000 24.760000 
24.980000 0.240000 0.020000 24.760000 
24.980000 0.240000 0.020000 24.760000 
24.980000 0.240000 0.020000 24.760000 
24.980000 0.240000 0.020000 24.760000 
24.980000 0.240000 0.020000 24.760000 
24.980000 0.240000 0.020000 24.760000 
24.980000 0.240000 0.020000 24.760000 
24.980000 0.240000 0.020000 24.760000 
24.980000 0.240000 0.020000 24.760000 
24.980000 0.240000 0.020000 24.760000 
24.980000 0.240000 0.020000 24.760000 
24.980000 0.240000 0.020000 24.760000 
24.980000 0.240000 0.020000 24.760000 
24.980000 0.240000 0.020000 24.760000 
24.980000 0.240000 0.020000 24.760000 
24.980000 0.240000 0.020000 24.760000 
24.980000 0.240000 0.020000 24.760000 
24.980000 0.240000 0.020000 24.760000 
24.980000 0.240000 0.020000 24.760000 
24.980000 0.240000 0.020000 24.760000 
24.980000 0.240000 0.020000 24.760000 
24.980000 0.240000 0.020000 24.760000 
24.980000 0.240000 0.020000 24.760000 
24.980000 0.240000 0.020000 24.760000 
24.980000 0.240000 0.020000 24.760000 
24.980000 0.240000 0.020000 24.760000 
24.980000 0.240000 0.020000 24.760000 
24.980000 0.240000 0.020000 24.760000 
24.980000 0.240000 0.020000 24.760000 
24.980000 0.240000 0.020000 24.760000 
24.980000 0.240000 0.020000 24.760000 
24.980000 0.240000 0.020000 24.760000 
24.980000 0.240000 0.020000 24.760000 
24.980000 0.240000 0.020000 24.760000 
24.980000 0.240000 0.020000 24.760000 
24.980000 0.240000 0.020000 24.760000 
24.980000 0.240000 0.020000 24.760000 
24.980000 0.240000 0.020000 24.760000 
24.980000 0.240000 0.020000 24.760000 
24.980000 0.240000 0.020000 24.760000 
24.980000 0.240000 0.020000 24.760000 
24.980000 0.240000 0.020000 24.760000 
24.980000 0.240000 0.020000 24.760000 
24.980000 0.240000 0.020000 24.760000 
24.980000 0.240000 0.020000 24.760000 
24.980000 0.240000 0.020000 24.760000 
24.980000 0.240000 0.020000 24.760000 
24.980000 0.240000 0.020000 24.760000 
24.980000 0.240000 0.020000 24.760000 
24.980000 0.240000 0.020000 24.760000 
24.980000 0.240000 0.020000 24.760000 
24.980000 0.240000 0.020000 24.760000 
24.980000 0.240000 0.020000 24.760000 
24.980000 0.240000 0.020000 24.760000 
24.980000 0.240000 0.020000 24.760000 
24.980000 0.240000 0.020000 24.760000 
24.980000 0.240000 0.020000 24.760000 
24.980000 0.240000 0.020000 24.760000 
25.000000 0.240000 0.000000 24.760000 
25.000000 0.240000 0.000000 24.760000 
25.000000 0.240000 0.000000 24.760000 
25.000000 0.240000 0.000000 24.760000 
25.000000 0.240000 0.000000 24.760000 
25.000000 0.240000 0.000000 24.760000 
25.000000 0.240000 0.000000 24.760000 
25.000000 0.240000 0.000000 24.760000 
25.000000 0.240000 0.000000 24.760000 
25.000000 0.240000 0.000000 24.760000 
25.000000 0.240000 0.000000 24.760000 
25.000000 0.240000 0.000000 24.760000 
25.000000 0.240000 0.000000 24.760000 
25.000000 0.240000 0.000000 24.760000 
25.000000 0.240000 0.000000 24.760000 
25.000000 0.240000 0.000000 24.760000 
25.000000 0.240000 0.000000 24.760000 
