24.740000 25.260000 
24.799999 25.200001 
24.700001 25.299999 
24.700001 25.299999 
24.639999 25.360001 
24.559999 25.440001 
24.540001 25.459999 
24.480000 25.520000 
24.440001 25.559999 
24.360001 25.639999 
24.440001 25.559999 
24.500000 25.500000 
24.500000 25.500000 
24.580000 25.420000 
24.520000 25.480000 
24.580000 25.420000 
24.600000 25.400000 
24.660000 25.340000 
24.700001 25.299999 
24.820000 25.180000 
24.799999 25.200001 
24.780001 25.219999 
24.700001 25.299999 
24.780001 25.219999 
24.820000 25.180000 
24.760000 25.240000 
24.740000 25.260000 
24.660000 25.340000 
24.700001 25.299999 
24.700001 25.299999 
24.740000 25.260000 
24.780001 25.219999 
24.840000 25.160000 
24.820000 25.180000 
24.840000 25.160000 
24.900000 25.100000 
24.920000 25.080000 
24.959999 25.040001 
25.000000 25.000000 
25.000000 25.000000 
25.020000 24.980000 
25.020000 24.980000 
25.040001 24.959999 
25.040001 24.959999 
25.059999 24.940001 
25.120001 24.879999 
25.100000 24.900000 
25.100000 24.900000 
25.139999 24.860001 
25.180000 24.820000 
25.280001 24.719999 
25.299999 24.700001 
25.260000 24.740000 
25.299999 24.700001 
25.280001 24.719999 
25.219999 24.780001 
25.280001 24.719999 
25.240000 24.760000 
25.180000 24.820000 
25.160000 24.840000 
25.120001 24.879999 
25.120001 24.879999 
25.139999 24.860001 
25.260000 24.740000 
25.260000 24.740000 
25.260000 24.740000 
25.280001 24.719999 
25.299999 24.700001 
25.320000 24.680000 
25.260000 24.740000 
25.219999 24.780001 
25.219999 24.780001 
25.180000 24.820000 
25.240000 24.760000 
25.360001 24.639999 
25.420000 24.580000 
25.400000 24.600000 
25.379999 24.620001 
25.360001 24.639999 
25.480000 24.520000 
25.540001 24.459999 
25.580000 24.420000 
25.600000 24.400000 
25.600000 24.400000 
25.639999 24.360001 
25.700001 24.299999 
25.680000 24.320000 
25.639999 24.360001 
25.680000 24.320000 
25.719999 24.280001 
25.740000 24.260000 
25.740000 24.260000 
25.799999 24.200001 
25.820000 24.180000 
25.780001 24.219999 
25.760000 24.240000 
25.799999 24.200001 
25.799999 24.200001 
25.879999 24.120001 
25.860001 24.139999 
25.879999 24.120001 
25.980000 24.020000 
25.959999 24.040001 
25.940001 24.059999 
25.940001 24.059999 
25.920000 24.080000 
25.900000 24.100000 
25.900000 24.100000 
25.920000 24.080000 
25.940001 24.059999 
25.980000 24.020000 
25.959999 24.040001 
25.980000 24.020000 
26.000000 24.000000 
26.000000 24.000000 
25.980000 24.020000 
25.980000 24.020000 
26.000000 24.000000 
25.959999 24.040001 
25.959999 24.040001 
25.940001 24.059999 
26.020000 23.980000 
26.020000 23.980000 
26.020000 23.980000 
26.040001 23.959999 
26.020000 23.980000 
25.980000 24.020000 
25.980000 24.020000 
26.040001 23.959999 
26.040001 23.959999 
25.920000 24.080000 
25.940001 24.059999 
25.959999 24.040001 
26.020000 23.980000 
26.020000 23.980000 
26.000000 24.000000 
25.959999 24.040001 
25.980000 24.020000 
25.940001 24.059999 
25.920000 24.080000 
25.920000 24.080000 
25.920000 24.080000 
25.920000 24.080000 
25.940001 24.059999 
25.959999 24.040001 
25.980000 24.020000 
26.000000 24.000000 
26.000000 24.000000 
26.020000 23.980000 
26.000000 24.000000 
25.980000 24.020000 
26.000000 24.000000 
26.059999 23.940001 
26.059999 23.940001 
26.080000 23.920000 
26.080000 23.920000 
26.100000 23.900000 
26.100000 23.900000 
26.120001 23.879999 
26.100000 23.900000 
26.139999 23.860001 
26.120001 23.879999 
26.139999 23.860001 
26.160000 23.840000 
26.219999 23.780001 
26.160000 23.840000 
26.160000 23.840000 
26.200001 23.799999 
26.219999 23.780001 
26.219999 23.780001 
26.260000 23.740000 
26.280001 23.719999 
26.320000 23.680000 
26.340000 23.660000 
26.320000 23.680000 
26.340000 23.660000 
26.299999 23.700001 
26.280001 23.719999 
26.299999 23.700001 
26.320000 23.680000 
26.340000 23.660000 
26.340000 23.660000 
26.320000 23.680000 
26.340000 23.660000 
26.360001 23.639999 
26.340000 23.660000 
26.340000 23.660000 
26.340000 23.660000 
26.360001 23.639999 
26.400000 23.600000 
26.360001 23.639999 
26.360001 23.639999 
26.340000 23.660000 
26.320000 23.680000 
26.320000 23.680000 
26.260000 23.740000 
26.260000 23.740000 
26.280001 23.719999 
26.299999 23.700001 
26.320000 23.680000 
26.340000 23.660000 
26.299999 23.700001 
26.320000 23.680000 
26.299999 23.700001 
26.320000 23.680000 
26.340000 23.660000 
26.320000 23.680000 
26.299999 23.700001 
26.240000 23.760000 
26.240000 23.760000 
26.240000 23.760000 
26.260000 23.740000 
26.219999 23.780001 
26.240000 23.760000 
26.240000 23.760000 
26.240000 23.760000 
26.240000 23.760000 
26.240000 23.760000 
26.240000 23.760000 
26.200001 23.799999 
26.180000 23.820000 
26.139999 23.860001 
26.160000 23.840000 
26.200001 23.799999 
26.200001 23.799999 
26.200001 23.799999 
26.200001 23.799999 
26.200001 23.799999 
26.219999 23.780001 
26.180000 23.820000 
26.180000 23.820000 
26.219999 23.780001 
26.180000 23.820000 
26.180000 23.820000 
26.120001 23.879999 
26.139999 23.860001 
26.139999 23.860001 
26.139999 23.860001 
26.160000 23.840000 
26.160000 23.840000 
26.139999 23.860001 
26.139999 23.860001 
26.180000 23.820000 
26.180000 23.820000 
26.200001 23.799999 
26.160000 23.840000 
26.180000 23.820000 
26.219999 23.780001 
26.219999 23.780001 
26.219999 23.780001 
26.240000 23.760000 
26.260000 23.740000 
26.240000 23.760000 
26.240000 23.760000 
26.219999 23.780001 
26.240000 23.760000 
26.260000 23.740000 
26.299999 23.700001 
26.299999 23.700001 
26.340000 23.660000 
26.379999 23.620001 
26.400000 23.600000 
26.400000 23.600000 
26.420000 23.580000 
26.420000 23.580000 
26.420000 23.580000 
26.420000 23.580000 
26.420000 23.580000 
26.379999 23.620001 
26.360001 23.639999 
26.340000 23.660000 
26.379999 23.620001 
26.360001 23.639999 
26.360001 23.639999 
26.400000 23.600000 
26.379999 23.620001 
26.360001 23.639999 
26.360001 23.639999 
26.379999 23.620001 
26.379999 23.620001 
26.340000 23.660000 
26.379999 23.620001 
26.360001 23.639999 
26.420000 23.580000 
26.440001 23.559999 
26.420000 23.580000 
26.440001 23.559999 
26.420000 23.580000 
26.440001 23.559999 
26.440001 23.559999 
26.420000 23.580000 
26.420000 23.580000 
26.420000 23.580000 
26.459999 23.540001 
26.440001 23.559999 
26.400000 23.600000 
26.400000 23.600000 
26.420000 23.580000 
26.459999 23.540001 
26.459999 23.540001 
26.459999 23.540001 
26.420000 23.580000 
26.440001 23.559999 
26.420000 23.580000 
26.360001 23.639999 
26.360001 23.639999 
26.360001 23.639999 
26.360001 23.639999 
26.379999 23.620001 
26.340000 23.660000 
26.320000 23.680000 
26.320000 23.680000 
26.320000 23.680000 
26.320000 23.680000 
26.360001 23.639999 
26.360001 23.639999 
26.379999 23.620001 
26.320000 23.680000 
26.280001 23.719999 
26.260000 23.740000 
26.219999 23.780001 
26.219999 23.780001 
26.219999 23.780001 
26.240000 23.760000 
26.280001 23.719999 
26.299999 23.700001 
26.340000 23.660000 
26.299999 23.700001 
26.299999 23.700001 
26.280001 23.719999 
26.299999 23.700001 
26.280001 23.719999 
26.280001 23.719999 
26.280001 23.719999 
26.280001 23.719999 
26.260000 23.740000 
26.260000 23.740000 
26.280001 23.719999 
26.299999 23.700001 
26.280001 23.719999 
26.260000 23.740000 
26.299999 23.700001 
26.299999 23.700001 
26.320000 23.680000 
26.280001 23.719999 
26.280001 23.719999 
26.280001 23.719999 
26.280001 23.719999 
26.260000 23.740000 
26.260000 23.740000 
26.280001 23.719999 
26.280001 23.719999 
26.260000 23.740000 
26.240000 23.760000 
26.280001 23.719999 
26.280001 23.719999 
26.280001 23.719999 
26.280001 23.719999 
26.280001 23.719999 
26.299999 23.700001 
26.240000 23.760000 
26.180000 23.820000 
26.180000 23.820000 
26.160000 23.840000 
26.139999 23.860001 
26.139999 23.860001 
26.120001 23.879999 
26.120001 23.879999 
26.120001 23.879999 
26.160000 23.840000 
26.139999 23.860001 
26.120001 23.879999 
26.120001 23.879999 
26.120001 23.879999 
26.139999 23.860001 
26.139999 23.860001 
26.139999 23.860001 
26.139999 23.860001 
26.139999 23.860001 
26.139999 23.860001 
26.139999 23.860001 
26.160000 23.840000 
26.120001 23.879999 
26.100000 23.900000 
26.080000 23.920000 
26.080000 23.920000 
26.080000 23.920000 
26.120001 23.879999 
26.139999 23.860001 
26.139999 23.860001 
26.139999 23.860001 
26.120001 23.879999 
26.100000 23.900000 
26.100000 23.900000 
26.100000 23.900000 
26.080000 23.920000 
26.080000 23.920000 
26.059999 23.940001 
26.059999 23.940001 
26.059999 23.940001 
26.059999 23.940001 
26.059999 23.940001 
26.080000 23.920000 
26.080000 23.920000 
26.080000 23.920000 
26.100000 23.900000 
26.100000 23.900000 
26.059999 23.940001 
26.059999 23.940001 
26.040001 23.959999 
26.040001 23.959999 
26.040001 23.959999 
26.059999 23.940001 
26.059999 23.940001 
26.040001 23.959999 
26.020000 23.980000 
26.020000 23.980000 
26.020000 23.980000 
26.020000 23.980000 
26.000000 24.000000 
26.000000 24.000000 
26.000000 24.000000 
25.980000 24.020000 
25.980000 24.020000 
25.959999 24.040001 
25.959999 24.040001 
25.959999 24.040001 
25.940001 24.059999 
25.920000 24.080000 
25.900000 24.100000 
25.860001 24.139999 
25.840000 24.160000 
25.840000 24.160000 
25.840000 24.160000 
25.840000 24.160000 
25.860001 24.139999 
25.860001 24.139999 
25.860001 24.139999 
25.840000 24.160000 
25.879999 24.120001 
25.879999 24.120001 
25.900000 24.100000 
25.900000 24.100000 
25.900000 24.100000 
25.920000 24.080000 
25.900000 24.100000 
25.900000 24.100000 
25.900000 24.100000 
25.879999 24.120001 
25.860001 24.139999 
25.840000 24.160000 
25.840000 24.160000 
25.860001 24.139999 
25.860001 24.139999 
25.860001 24.139999 
25.860001 24.139999 
25.860001 24.139999 
25.860001 24.139999 
25.860001 24.139999 
25.820000 24.180000 
25.840000 24.160000 
25.840000 24.160000 
25.840000 24.160000 
25.820000 24.180000 
25.820000 24.180000 
25.820000 24.180000 
25.820000 24.180000 
25.820000 24.180000 
25.860001 24.139999 
25.879999 24.120001 
25.879999 24.120001 
25.879999 24.120001 
25.900000 24.100000 
25.900000 24.100000 
25.900000 24.100000 
25.900000 24.100000 
25.900000 24.100000 
25.920000 24.080000 
25.920000 24.080000 
25.940001 24.059999 
25.940001 24.059999 
25.940001 24.059999 
25.940001 24.059999 
25.940001 24.059999 
25.920000 24.080000 
25.900000 24.100000 
25.900000 24.100000 
25.900000 24.100000 
25.920000 24.080000 
25.920000 24.080000 
25.940001 24.059999 
25.940001 24.059999 
25.940001 24.059999 
25.920000 24.080000 
25.920000 24.080000 
25.900000 24.100000 
25.900000 24.100000 
25.900000 24.100000 
25.900000 24.100000 
25.900000 24.100000 
25.920000 24.080000 
25.920000 24.080000 
25.920000 24.080000 
25.900000 24.100000 
25.940001 24.059999 
25.940001 24.059999 
25.940001 24.059999 
25.959999 24.040001 
25.959999 24.040001 
25.959999 24.040001 
25.959999 24.040001 
25.959999 24.040001 
25.959999 24.040001 
25.940001 24.059999 
25.940001 24.059999 
25.940001 24.059999 
25.940001 24.059999 
25.920000 24.080000 
25.920000 24.080000 
25.920000 24.080000 
25.920000 24.080000 
25.920000 24.080000 
25.940001 24.059999 
25.940001 24.059999 
25.959999 24.040001 
25.959999 24.040001 
25.940001 24.059999 
25.920000 24.080000 
25.920000 24.080000 
25.920000 24.080000 
25.900000 24.100000 
25.879999 24.120001 
25.860001 24.139999 
25.860001 24.139999 
25.860001 24.139999 
25.860001 24.139999 
25.860001 24.139999 
25.900000 24.100000 
25.900000 24.100000 
25.900000 24.100000 
25.900000 24.100000 
25.900000 24.100000 
25.900000 24.100000 
25.900000 24.100000 
25.900000 24.100000 
25.900000 24.100000 
25.879999 24.120001 
25.879999 24.120001 
25.860001 24.139999 
25.860001 24.139999 
25.840000 24.160000 
25.820000 24.180000 
25.820000 24.180000 
25.799999 24.200001 
25.799999 24.200001 
25.799999 24.200001 
25.799999 24.200001 
25.799999 24.200001 
25.799999 24.200001 
25.799999 24.200001 
25.799999 24.200001 
25.799999 24.200001 
25.780001 24.219999 
25.760000 24.240000 
25.760000 24.240000 
25.760000 24.240000 
25.740000 24.260000 
25.740000 24.260000 
25.740000 24.260000 
25.760000 24.240000 
25.760000 24.240000 
25.760000 24.240000 
25.760000 24.240000 
25.760000 24.240000 
25.780001 24.219999 
25.780001 24.219999 
25.780001 24.219999 
25.799999 24.200001 
25.799999 24.200001 
25.799999 24.200001 
25.799999 24.200001 
25.799999 24.200001 
25.799999 24.200001 
25.780001 24.219999 
25.799999 24.200001 
25.799999 24.200001 
25.799999 24.200001 
25.799999 24.200001 
25.799999 24.200001 
25.799999 24.200001 
25.799999 24.200001 
25.799999 24.200001 
25.799999 24.200001 
25.799999 24.200001 
25.780001 24.219999 
25.780001 24.219999 
25.780001 24.219999 
25.780001 24.219999 
25.780001 24.219999 
25.780001 24.219999 
25.760000 24.240000 
25.760000 24.240000 
25.740000 24.260000 
25.740000 24.260000 
25.740000 24.260000 
25.719999 24.280001 
25.719999 24.280001 
25.719999 24.280001 
25.700001 24.299999 
25.700001 24.299999 
25.700001 24.299999 
25.700001 24.299999 
25.700001 24.299999 
25.700001 24.299999 
25.700001 24.299999 
25.700001 24.299999 
25.719999 24.280001 
25.719999 24.280001 
25.719999 24.280001 
25.700001 24.299999 
25.700001 24.299999 
25.700001 24.299999 
25.680000 24.320000 
25.680000 24.320000 
25.680000 24.320000 
25.680000 24.320000 
25.660000 24.340000 
25.660000 24.340000 
25.660000 24.340000 
25.660000 24.340000 
25.660000 24.340000 
25.660000 24.340000 
25.680000 24.320000 
25.660000 24.340000 
25.660000 24.340000 
25.660000 24.340000 
25.639999 24.360001 
25.639999 24.360001 
25.639999 24.360001 
25.620001 24.379999 
25.620001 24.379999 
25.620001 24.379999 
25.620001 24.379999 
25.600000 24.400000 
25.600000 24.400000 
25.580000 24.420000 
25.559999 24.440001 
25.559999 24.440001 
25.559999 24.440001 
25.559999 24.440001 
25.559999 24.440001 
25.540001 24.459999 
25.540001 24.459999 
25.540001 24.459999 
25.540001 24.459999 
25.540001 24.459999 
25.540001 24.459999 
25.540001 24.459999 
25.540001 24.459999 
25.540001 24.459999 
25.540001 24.459999 
25.540001 24.459999 
25.540001 24.459999 
25.520000 24.480000 
25.520000 24.480000 
25.540001 24.459999 
25.540001 24.459999 
25.520000 24.480000 
25.520000 24.480000 
25.520000 24.480000 
25.520000 24.480000 
25.500000 24.500000 
25.500000 24.500000 
25.500000 24.500000 
25.500000 24.500000 
25.500000 24.500000 
25.500000 24.500000 
25.500000 24.500000 
25.500000 24.500000 
25.500000 24.500000 
25.480000 24.520000 
25.480000 24.520000 
25.500000 24.500000 
25.480000 24.520000 
25.480000 24.520000 
25.480000 24.520000 
25.459999 24.540001 
25.480000 24.520000 
25.480000 24.520000 
25.480000 24.520000 
25.480000 24.520000 
25.480000 24.520000 
25.480000 24.520000 
25.480000 24.520000 
25.480000 24.520000 
25.480000 24.520000 
25.480000 24.520000 
25.480000 24.520000 
25.480000 24.520000 
25.480000 24.520000 
25.480000 24.520000 
25.459999 24.540001 
25.459999 24.540001 
25.459999 24.540001 
25.459999 24.540001 
25.459999 24.540001 
25.440001 24.559999 
25.440001 24.559999 
25.440001 24.559999 
25.440001 24.559999 
25.440001 24.559999 
25.440001 24.559999 
25.440001 24.559999 
25.440001 24.559999 
25.440001 24.559999 
25.440001 24.559999 
25.440001 24.559999 
25.459999 24.540001 
25.459999 24.540001 
25.440001 24.559999 
25.420000 24.580000 
25.420000 24.580000 
25.420000 24.580000 
25.420000 24.580000 
25.420000 24.580000 
25.420000 24.580000 
25.420000 24.580000 
25.420000 24.580000 
25.420000 24.580000 
25.420000 24.580000 
25.420000 24.580000 
25.420000 24.580000 
25.420000 24.580000 
25.420000 24.580000 
25.420000 24.580000 
25.420000 24.580000 
25.420000 24.580000 
25.400000 24.600000 
25.379999 24.620001 
25.379999 24.620001 
25.379999 24.620001 
25.379999 24.620001 
25.379999 24.620001 
25.360001 24.639999 
25.360001 24.639999 
25.360001 24.639999 
25.340000 24.660000 
25.340000 24.660000 
25.340000 24.660000 
25.340000 24.660000 
25.340000 24.660000 
25.340000 24.660000 
25.340000 24.660000 
25.340000 24.660000 
25.340000 24.660000 
25.340000 24.660000 
25.340000 24.660000 
25.340000 24.660000 
25.340000 24.660000 
25.340000 24.660000 
25.340000 24.660000 
25.340000 24.660000 
25.340000 24.660000 
25.340000 24.660000 
25.340000 24.660000 
25.340000 24.660000 
25.340000 24.660000 
25.340000 24.660000 
25.340000 24.660000 
25.340000 24.660000 
25.340000 24.660000 
25.340000 24.660000 
25.340000 24.660000 
25.340000 24.660000 
25.320000 24.680000 
25.320000 24.680000 
25.320000 24.680000 
25.320000 24.680000 
25.320000 24.680000 
25.320000 24.680000 
25.320000 24.680000 
25.320000 24.680000 
25.320000 24.680000 
25.320000 24.680000 
25.299999 24.700001 
25.299999 24.700001 
25.299999 24.700001 
25.320000 24.680000 
25.320000 24.680000 
25.320000 24.680000 
25.320000 24.680000 
25.299999 24.700001 
25.299999 24.700001 
25.299999 24.700001 
25.299999 24.700001 
25.299999 24.700001 
25.299999 24.700001 
25.299999 24.700001 
25.299999 24.700001 
25.299999 24.700001 
25.299999 24.700001 
25.299999 24.700001 
25.299999 24.700001 
25.299999 24.700001 
25.299999 24.700001 
25.299999 24.700001 
25.299999 24.700001 
25.299999 24.700001 
25.299999 24.700001 
25.299999 24.700001 
25.299999 24.700001 
25.299999 24.700001 
25.299999 24.700001 
25.299999 24.700001 
25.299999 24.700001 
25.299999 24.700001 
25.299999 24.700001 
25.299999 24.700001 
25.299999 24.700001 
25.299999 24.700001 
25.299999 24.700001 
25.299999 24.700001 
25.299999 24.700001 
25.299999 24.700001 
25.299999 24.700001 
25.299999 24.700001 
25.299999 24.700001 
25.299999 24.700001 
25.299999 24.700001 
25.299999 24.700001 
25.299999 24.700001 
25.299999 24.700001 
25.299999 24.700001 
25.299999 24.700001 
25.299999 24.700001 
25.299999 24.700001 
25.299999 24.700001 
25.280001 24.719999 
25.280001 24.719999 
25.280001 24.719999 
25.280001 24.719999 
25.280001 24.719999 
25.280001 24.719999 
25.280001 24.719999 
25.280001 24.719999 
25.280001 24.719999 
25.280001 24.719999 
25.260000 24.740000 
25.260000 24.740000 
25.260000 24.740000 
25.260000 24.740000 
25.260000 24.740000 
25.260000 24.740000 
25.260000 24.740000 
25.260000 24.740000 
25.260000 24.740000 
25.260000 24.740000 
25.260000 24.740000 
25.260000 24.740000 
25.260000 24.740000 
25.260000 24.740000 
25.260000 24.740000 
25.260000 24.740000 
25.260000 24.740000 
25.240000 24.760000 
25.240000 24.760000 
25.240000 24.760000 
25.240000 24.760000 
25.240000 24.760000 
25.240000 24.760000 
25.240000 24.760000 
25.240000 24.760000 
25.240000 24.760000 
25.240000 24.760000 
25.240000 24.760000 
25.240000 24.760000 
25.240000 24.760000 
25.240000 24.760000 
25.219999 24.780001 
25.219999 24.780001 
25.219999 24.780001 
25.219999 24.780001 
25.219999 24.780001 
25.219999 24.780001 
25.219999 24.780001 
25.219999 24.780001 
25.219999 24.780001 
25.219999 24.780001 
25.219999 24.780001 
25.219999 24.780001 
25.219999 24.780001 
25.219999 24.780001 
25.219999 24.780001 
25.219999 24.780001 
25.219999 24.780001 
25.219999 24.780001 
25.219999 24.780001 
25.219999 24.780001 
25.219999 24.780001 
25.219999 24.780001 
25.219999 24.780001 
25.219999 24.780001 
25.219999 24.780001 
25.219999 24.780001 
25.219999 24.780001 
25.219999 24.780001 
25.219999 24.780001 
25.240000 24.760000 
25.240000 24.760000 
25.240000 24.760000 
25.240000 24.760000 
25.240000 24.760000 
25.240000 24.760000 
25.240000 24.760000 
25.240000 24.760000 
25.240000 24.760000 
25.240000 24.760000 
25.240000 24.760000 
25.240000 24.760000 
25.240000 24.760000 
25.219999 24.780001 
25.219999 24.780001 
25.219999 24.780001 
25.219999 24.780001 
25.219999 24.780001 
25.219999 24.780001 
25.219999 24.780001 
25.219999 24.780001 
25.219999 24.780001 
25.219999 24.780001 
25.219999 24.780001 
25.219999 24.780001 
25.219999 24.780001 
25.219999 24.780001 
25.219999 24.780001 
25.219999 24.780001 
25.219999 24.780001 
25.219999 24.780001 
25.219999 24.780001 
25.219999 24.780001 
25.219999 24.780001 
25.219999 24.780001 
25.219999 24.780001 
25.219999 24.780001 
25.219999 24.780001 
25.219999 24.780001 
25.219999 24.780001 
25.219999 24.780001 
25.219999 24.780001 
25.219999 24.780001 
25.219999 24.780001 
25.219999 24.780001 
25.219999 24.780001 
25.219999 24.780001 
25.219999 24.780001 
25.219999 24.780001 
25.219999 24.780001 
25.219999 24.780001 
25.219999 24.780001 
25.219999 24.780001 
25.219999 24.780001 
25.219999 24.780001 
25.219999 24.780001 
25.219999 24.780001 
25.219999 24.780001 
25.219999 24.780001 
25.219999 24.780001 
25.219999 24.780001 
25.219999 24.780001 
25.219999 24.780001 
25.219999 24.780001 
25.219999 24.780001 
25.219999 24.780001 
25.219999 24.780001 
25.219999 24.780001 
25.219999 24.780001 
25.219999 24.780001 
25.219999 24.780001 
25.219999 24.780001 
25.219999 24.780001 
25.219999 24.780001 
25.219999 24.780001 
25.219999 24.780001 
25.240000 24.760000 
25.240000 24.760000 
25.240000 24.760000 
25.240000 24.760000 
25.240000 24.760000 
25.240000 24.760000 
25.240000 24.760000 
25.240000 24.760000 
25.240000 24.760000 
25.240000 24.760000 
25.240000 24.760000 
25.240000 24.760000 
25.240000 24.760000 
25.240000 24.760000 
25.240000 24.760000 
25.240000 24.760000 
25.240000 24.760000 
