0.111917 
0.126672 
0.136090 
0.138505 
0.138505 
0.138229 
0.144279 
0.150848 
0.143836 
0.144190 
0.143392 
0.144013 
0.149745 
0.152362 
0.152780 
0.150848 
0.155839 
0.179213 
0.187492 
0.191530 
0.210260 
0.213570 
0.222921 
0.225538 
0.226497 
0.227453 
0.233758 
0.243067 
0.241171 
0.243172 
0.249336 
0.252841 
0.247848 
0.245988 
0.245729 
0.246868 
0.261667 
0.262445 
0.262979 
0.266113 
0.277332 
0.277838 
0.286561 
0.285446 
0.284147 
0.280942 
0.282165 
0.280169 
0.280351 
0.285446 
0.285580 
0.285178 
0.285536 
0.284865 
0.284775 
0.293553 
0.299575 
0.296880 
0.299575 
0.308510 
0.313392 
0.731053 
0.731768 
0.736702 
0.979210 
0.980316 
0.980434 
0.980108 
0.983058 
0.982889 
1.186618 
1.171570 
1.431123 
1.440149 
1.643889 
1.679954 
1.680121 
1.685616 
1.758376 
1.803044 
1.804918 
1.808892 
1.946766 
1.983523 
1.984828 
1.988199 
1.992620 
1.974725 
1.981342 
1.981445 
1.987749 
2.124499 
2.366173 
2.447093 
2.451114 
2.468950 
2.467782 
2.470654 
2.462162 
2.489099 
2.511311 
2.500867 
2.547257 
2.512306 
2.492417 
2.479611 
2.422924 
2.380276 
2.267472 
2.132224 
2.133766 
2.064434 
1.997652 
1.999732 
1.858557 
1.854421 
1.788640 
1.783770 
1.734612 
1.734612 
1.730548 
1.724109 
1.722569 
1.720391 
1.719664 
1.594282 
1.593754 
1.592441 
1.591431 
1.590533 
1.604681 
1.489007 
1.489401 
1.494514 
1.489624 
1.255234 
1.257975 
1.243678 
1.252711 
1.250673 
1.250673 
1.249347 
1.316884 
1.315275 
1.305600 
1.306811 
1.302999 
1.302999 
1.300667 
1.302529 
1.375923 
1.388289 
1.232800 
1.235260 
1.234020 
1.234020 
1.230045 
1.229070 
1.217936 
1.215105 
1.222097 
1.223870 
1.227262 
1.206170 
1.393022 
1.396607 
1.401566 
1.401166 
1.405910 
1.420585 
1.418302 
1.479141 
1.722806 
1.717883 
1.823794 
1.828725 
1.839837 
1.840835 
1.842539 
1.835533 
1.903662 
1.903662 
2.020002 
2.150973 
2.267461 
2.248673 
2.289305 
2.289305 
2.297714 
2.296948 
2.303901 
2.283247 
2.317678 
2.343739 
2.350933 
2.304288 
2.304288 
2.314594 
2.329305 
2.325414 
2.272529 
2.275446 
2.270249 
2.266707 
2.225914 
2.183157 
2.182397 
2.125633 
2.119179 
2.119179 
2.125309 
2.202306 
2.205281 
2.225295 
2.222588 
2.235737 
2.244415 
2.244824 
2.244778 
2.247765 
2.249331 
2.256713 
2.311517 
2.327410 
2.332971 
2.265840 
2.265840 
2.260328 
2.125237 
2.126125 
2.126125 
2.247663 
2.168995 
2.164121 
2.167430 
2.168913 
2.168913 
2.170383 
2.067336 
2.064706 
2.056448 
2.043269 
1.970458 
1.983027 
2.228239 
2.221681 
2.291978 
2.324503 
2.155759 
2.146818 
2.145891 
2.144571 
2.140022 
2.131649 
2.257945 
2.255028 
2.194799 
2.214597 
2.219878 
2.195752 
2.142333 
2.151672 
2.132260 
2.136920 
2.020760 
2.069383 
2.069383 
2.069383 
2.072807 
2.085029 
2.072106 
2.059077 
2.056783 
2.056783 
1.943041 
2.032529 
2.051157 
2.090039 
2.098797 
2.071355 
2.076005 
2.084919 
2.088281 
2.092004 
2.021454 
2.017007 
2.015995 
2.019093 
2.013196 
1.980234 
1.977591 
2.023081 
2.023081 
2.013285 
2.009417 
1.966012 
1.963636 
1.960451 
1.952784 
1.952784 
2.006558 
2.005465 
2.002549 
2.007562 
2.164993 
2.198968 
2.198968 
2.198968 
2.240342 
2.150190 
2.125453 
2.125453 
2.107554 
2.176170 
2.238428 
2.238428 
2.235760 
2.203893 
2.199977 
2.202411 
2.212615 
2.212615 
2.263711 
2.234721 
2.295003 
2.293425 
2.294959 
2.289662 
2.289662 
2.395105 
2.397129 
2.390543 
2.397745 
2.389134 
2.471759 
2.471511 
2.472832 
2.478541 
2.472584 
2.459675 
2.460753 
2.487499 
2.404503 
2.409632 
2.416651 
2.411833 
2.411833 
2.411833 
2.358939 
2.378968 
2.451218 
2.473100 
2.447385 
2.407281 
2.429811 
2.505545 
2.530951 
2.481955 
2.483476 
2.478499 
2.477058 
2.433419 
2.462266 
2.459841 
2.504241 
2.491660 
2.436332 
2.429117 
2.436248 
2.350380 
2.352918 
2.358895 
2.240285 
2.240285 
2.206738 
2.076201 
2.084368 
2.084368 
2.084368 
1.942437 
1.942437 
1.948155 
2.131207 
2.115757 
2.120190 
2.171335 
2.171335 
2.182374 
2.174129 
2.191449 
2.191449 
2.172932 
2.176146 
2.176146 
2.142214 
2.147661 
2.147661 
2.215783 
2.200626 
2.246085 
2.246085 
2.246085 
2.243562 
2.243562 
2.243562 
2.295426 
2.316445 
2.320296 
2.320296 
2.327980 
2.348491 
2.419816 
2.338716 
2.338716 
2.334108 
2.274750 
2.274750 
2.257391 
2.257391 
2.383404 
2.383404 
2.412827 
2.464213 
2.464213 
2.474894 
2.474894 
2.474894 
2.465931 
2.473410 
2.470499 
2.473348 
2.479508 
2.548749 
2.548749 
2.593497 
2.600608 
2.600608 
2.569960 
2.571587 
2.503936 
2.582318 
2.583898 
2.593575 
2.723106 
2.669250 
2.611728 
2.611728 
2.638587 
2.627465 
2.627096 
2.512215 
2.512215 
2.501571 
2.501571 
2.501571 
2.494177 
2.488032 
2.488032 
2.488032 
2.503691 
2.543960 
2.552730 
2.535000 
2.539786 
2.500429 
2.500429 
2.500429 
2.500429 
2.398660 
2.391823 
2.412721 
2.412721 
2.460815 
2.453444 
2.453444 
2.453444 
2.453444 
2.556285 
2.556285 
2.547508 
2.547508 
2.618673 
2.618673 
2.650856 
2.647467 
2.638336 
2.665769 
2.575037 
2.565251 
2.551570 
2.543820 
2.543820 
2.543820 
2.528531 
2.528531 
2.558040 
2.558040 
2.582338 
2.582338 
2.635685 
2.621458 
2.621458 
2.608229 
2.609754 
2.609578 
2.609578 
2.609578 
2.621166 
2.638046 
2.697921 
2.697372 
2.697372 
2.712951 
2.806116 
2.740643 
2.726289 
2.726289 
2.738445 
2.738445 
2.738445 
2.738445 
2.738445 
2.639341 
2.639341 
2.639573 
2.639573 
2.638568 
2.634078 
2.585931 
2.695612 
2.740419 
2.749787 
2.757032 
2.769348 
2.769348 
2.764332 
2.764332 
2.874004 
2.913305 
2.913305 
2.913305 
2.913305 
2.867730 
2.875246 
2.864028 
2.864028 
2.896532 
2.896532 
2.838205 
2.838205 
2.763409 
2.772220 
2.772220 
2.763464 
2.763464 
2.731057 
2.709790 
2.735910 
2.735910 
2.735910 
2.735910 
2.735910 
2.733391 
2.799052 
2.799052 
2.844777 
2.846964 
2.846964 
2.846964 
2.860088 
2.860088 
2.860088 
2.860088 
2.860088 
2.845261 
2.845261 
2.763630 
2.758197 
2.758586 
2.758586 
2.732085 
2.783204 
2.793780 
2.800710 
2.797503 
2.857643 
2.857643 
2.839840 
2.819864 
2.852622 
2.796025 
2.854338 
2.826821 
2.872051 
2.882353 
2.882353 
2.834428 
2.834428 
2.834428 
2.780178 
2.779260 
2.861140 
2.869491 
2.951669 
2.951669 
2.918065 
2.918065 
2.951115 
2.906379 
2.906379 
2.911273 
2.870878 
2.890590 
2.890590 
2.836533 
2.836533 
2.781994 
2.781994 
2.814975 
2.820660 
2.820660 
2.820660 
2.826063 
2.854838 
2.854838 
2.862620 
2.871695 
2.854284 
2.894700 
2.894700 
2.894700 
2.894700 
2.904764 
2.859303 
2.859303 
2.907959 
2.896708 
2.896708 
2.896708 
2.904149 
2.953051 
3.021910 
3.021910 
3.024121 
3.024121 
3.009136 
3.002482 
3.060896 
3.060896 
3.037688 
3.037688 
3.053903 
3.053903 
3.053903 
3.053903 
3.014100 
3.024711 
3.060562 
3.156771 
3.117462 
3.117462 
3.117462 
3.082223 
3.016485 
3.090654 
3.074699 
3.074699 
3.084342 
3.056342 
3.056342 
3.056342 
3.068005 
3.053736 
3.053736 
3.053736 
3.134062 
3.134062 
3.134062 
3.102238 
3.075098 
3.085648 
3.085648 
3.037285 
3.036328 
2.982859 
2.913743 
2.908380 
2.982603 
2.960815 
3.009560 
3.009560 
2.991723 
2.991723 
2.991723 
3.006829 
3.006829 
3.051965 
3.081015 
3.081015 
3.081015 
3.081015 
3.083630 
3.083630 
3.083630 
3.116808 
3.116808 
3.121077 
3.111844 
3.174146 
3.205464 
3.205464 
3.151384 
3.151384 
3.151384 
3.151384 
3.151384 
3.151384 
3.163133 
3.113172 
3.109712 
3.119524 
3.124116 
3.124116 
3.124018 
3.134583 
3.134583 
3.134583 
3.113614 
3.113614 
3.113614 
3.113614 
3.113614 
3.140974 
3.140974 
3.109482 
3.109482 
3.145746 
3.219187 
3.227955 
3.227955 
3.227955 
3.227955 
3.229772 
3.236573 
3.352291 
3.352291 
3.368749 
3.368749 
3.409560 
3.463866 
3.470297 
3.440455 
3.389916 
3.352702 
3.352702 
3.324737 
3.324737 
3.309387 
3.309387 
3.359088 
3.344520 
3.337985 
3.277645 
3.277645 
3.286584 
3.286584 
3.251107 
3.302782 
3.302782 
3.302782 
3.302782 
3.302782 
3.302782 
3.302782 
3.305870 
3.305870 
3.305870 
3.386663 
3.348393 
3.348393 
3.348393 
3.348393 
3.361031 
3.361031 
3.365127 
3.365127 
3.365127 
3.354923 
3.339192 
3.347707 
3.424789 
3.437785 
3.437963 
3.420556 
3.343681 
3.343681 
3.380436 
3.380436 
3.380436 
3.407315 
3.445198 
3.370551 
3.370551 
3.407615 
3.407615 
3.407615 
3.407615 
3.368613 
3.368613 
3.368613 
3.368613 
3.368613 
3.368613 
3.388034 
3.388034 
3.368370 
3.368825 
3.368825 
3.368825 
3.400240 
3.400240 
3.398589 
3.402910 
3.402910 
3.402910 
3.402910 
3.402910 
3.432468 
3.563992 
3.513792 
3.495128 
3.495128 
3.462835 
3.459916 
3.459916 
3.459916 
3.459916 
3.461420 
3.448602 
3.459356 
3.504749 
3.522204 
3.513560 
3.513560 
3.513560 
3.557659 
3.542742 
3.510858 
3.474338 
3.439773 
3.439773 
3.425445 
3.425445 
3.425445 
3.425445 
3.503468 
3.503468 
3.503468 
3.503468 
3.529005 
3.529005 
3.529005 
3.577081 
3.513821 
3.430476 
3.451146 
3.451146 
3.489226 
3.489226 
3.448070 
3.448070 
3.511090 
3.511090 
3.511090 
3.522899 
3.522899 
3.549332 
3.549332 
3.562561 
3.562561 
3.562561 
3.562561 
3.562561 
3.580902 
3.572428 
3.562331 
3.562331 
3.562331 
3.533513 
3.538390 
3.567512 
3.531606 
3.531606 
3.534986 
3.534986 
3.534986 
3.534986 
3.539457 
3.539457 
3.539457 
3.539457 
3.539457 
3.539457 
3.539457 
3.539457 
3.520001 
3.554072 
3.570257 
3.570257 
3.596682 
3.550453 
3.550453 
3.550453 
3.597164 
3.597164 
3.602125 
3.609426 
3.609426 
3.609426 
3.613693 
3.572771 
3.572771 
3.586483 
3.586483 
3.569828 
3.665058 
3.665058 
3.673207 
3.673207 
3.673207 
3.673207 
3.673207 
3.673207 
3.673207 
3.715879 
3.711290 
3.692353 
3.692353 
3.692353 
3.674124 
3.674124 
3.670178 
3.670178 
3.636437 
3.636437 
3.646245 
3.646245 
3.646245 
3.597760 
3.570200 
3.570200 
3.570200 
3.649909 
3.649909 
3.678565 
3.678565 
3.678565 
3.740157 
3.660266 
3.660266 
3.706943 
3.712417 
3.731580 
3.731580 
3.731580 
3.731580 
3.731580 
3.755024 
3.755024 
3.755024 
3.714808 
3.724902 
3.715906 
3.713709 
3.758826 
3.758826 
3.758826 
3.747653 
3.774214 
3.714341 
3.726984 
3.696689 
3.696689 
3.705456 
3.682169 
3.682169 
3.670039 
3.687762 
3.687762 
3.687762 
3.687762 
3.710850 
3.769372 
3.769372 
3.769372 
3.823771 
3.823771 
3.823771 
3.807645 
3.777025 
