0.339568 0.301777 0.339568 0.301777 
0.351603 0.299169 0.351603 0.299169 
0.353824 0.305073 0.353825 0.305072 
0.350498 0.303772 0.350498 0.303772 
0.337155 0.313258 0.337155 0.313258 
0.349414 0.316151 0.349413 0.316150 
0.352762 0.318530 0.352762 0.318530 
0.342726 0.327327 0.342726 0.327327 
0.343143 0.310313 0.343142 0.310313 
0.341915 0.303302 0.341915 0.303301 
0.339796 0.303127 0.339796 0.303127 
0.335103 0.304805 0.335103 0.304805 
0.335651 0.307405 0.335650 0.307406 
0.334420 0.313102 0.334420 0.313101 
0.335017 0.314610 0.335018 0.314610 
0.324056 0.308002 0.324056 0.308002 
0.319898 0.311887 0.319898 0.311887 
0.332277 0.312671 0.332277 0.312671 
0.312984 0.321032 0.312984 0.321032 
0.310680 0.321032 0.310681 0.321032 
0.318273 0.324874 0.318274 0.324874 
0.322945 0.324521 0.322946 0.324522 
0.320217 0.326965 0.320217 0.326965 
0.317593 0.322604 0.317593 0.322604 
0.316886 0.319387 0.316885 0.319387 
0.317696 0.311206 0.317696 0.311206 
0.319962 0.305059 0.319961 0.305059 
0.321933 0.304054 0.321933 0.304054 
0.321984 0.304054 0.321984 0.304054 
0.323766 0.303395 0.323766 0.303396 
0.321996 0.306394 0.321997 0.306394 
0.320153 0.309324 0.320153 0.309324 
0.314610 0.309324 0.314610 0.309324 
0.312253 0.309377 0.312253 0.309377 
0.309852 0.309377 0.309852 0.309377 
0.306608 0.311952 0.306607 0.311952 
0.311952 0.303570 0.311952 0.303571 
0.315698 0.303570 0.315698 0.303571 
0.315077 0.301844 0.315077 0.301844 
0.318209 0.295600 0.318209 0.295600 
0.321425 0.292505 0.321425 0.292505 
0.317246 0.293550 0.317246 0.293550 
0.321171 0.295545 0.321171 0.295545 
0.320255 0.296042 0.320255 0.296042 
0.318786 0.289743 0.318786 0.289743 
0.307511 0.287082 0.307511 0.287082 
0.306727 0.291373 0.306728 0.291373 
0.305913 0.292058 0.305914 0.292058 
0.304644 0.288501 0.304644 0.288499 
0.304056 0.290868 0.304054 0.290867 
0.309047 0.290868 0.309047 0.290867 
0.297213 0.281918 0.297211 0.281917 
0.297213 0.282843 0.297211 0.282841 
0.287480 0.286128 0.287481 0.286130 
0.287480 0.282207 0.287481 0.282207 
0.288853 0.289179 0.288854 0.289179 
0.288557 0.289179 0.288558 0.289179 
0.286982 0.286983 0.286983 0.286984 
0.286982 0.291596 0.286983 0.291596 
0.288218 0.298622 0.288218 0.298623 
0.292226 0.284583 0.292226 0.284582 
0.297265 0.288684 0.297266 0.288684 
0.292505 0.282843 0.292505 0.282843 
0.297803 0.282684 0.297801 0.282683 
0.295890 0.279592 0.295890 0.279592 
0.295324 0.282279 0.295324 0.282279 
0.290658 0.283203 0.290657 0.283202 
0.290657 0.282900 0.290657 0.282902 
0.295489 0.282900 0.295490 0.282902 
0.295489 0.272988 0.295490 0.272987 
0.295489 0.276553 0.295490 0.276553 
0.294508 0.277952 0.294508 0.277953 
0.284297 0.270992 0.284297 0.270994 
0.296318 0.271052 0.296317 0.271052 
0.285371 0.271052 0.285371 0.271052 
0.287267 0.271052 0.287267 0.271052 
0.287267 0.267246 0.287267 0.267246 
0.288783 0.270163 0.288784 0.270163 
0.293064 0.275903 0.293063 0.275903 
0.291498 0.275903 0.291499 0.275903 
0.282497 0.275903 0.282496 0.275903 
0.284913 0.275903 0.284913 0.275903 
0.285443 0.278495 0.285443 0.278495 
0.291777 0.275073 0.291779 0.275073 
0.285271 0.275073 0.285271 0.275073 
0.276774 0.269981 0.276774 0.269983 
0.274777 0.266879 0.274776 0.266881 
0.279942 0.275177 0.279942 0.275177 
0.276774 0.271052 0.276774 0.271052 
0.278496 0.271188 0.278495 0.271188 
0.280945 0.271293 0.280946 0.271293 
0.279940 0.269860 0.279942 0.269862 
0.288288 0.269860 0.288289 0.269862 
0.284642 0.268389 0.284641 0.268389 
0.283478 0.271368 0.283477 0.271367 
0.282280 0.266634 0.282279 0.266634 
0.273885 0.266634 0.273884 0.266634 
0.272554 0.263416 0.272554 0.263416 
0.281744 0.263416 0.281744 0.263416 
0.281744 0.261690 0.281744 0.261689 
0.283189 0.263043 0.283189 0.263044 
0.264360 0.260987 0.264359 0.260987 
0.257538 0.260000 0.257539 0.260000 
0.258426 0.252336 0.258425 0.252338 
0.258426 0.252336 0.258425 0.252338 
0.254846 0.251299 0.254847 0.251298 
0.256012 0.248489 0.256013 0.248491 
0.253950 0.255950 0.253948 0.255950 
0.254527 0.253691 0.254526 0.253691 
0.252352 0.253691 0.252352 0.253691 
0.247848 0.253691 0.247848 0.253691 
0.247848 0.256205 0.247848 0.256204 
0.249751 0.257079 0.249751 0.257081 
0.249882 0.261065 0.249882 0.261066 
0.245781 0.258725 0.245781 0.258725 
0.247368 0.254607 0.247370 0.254607 
0.246196 0.251753 0.246196 0.251751 
0.244716 0.254526 0.244716 0.254527 
0.244716 0.249080 0.244716 0.249078 
0.244716 0.249080 0.244716 0.249078 
0.245264 0.248358 0.245265 0.248359 
0.243796 0.248358 0.243797 0.248359 
0.244180 0.248768 0.244181 0.248768 
0.249801 0.251120 0.249800 0.251122 
0.250322 0.249800 0.250322 0.249801 
0.250322 0.248440 0.250322 0.248441 
0.250322 0.248900 0.250322 0.248901 
0.253773 0.249080 0.253772 0.249080 
0.239406 0.252481 0.239404 0.252481 
0.237745 0.249342 0.237744 0.249342 
0.236039 0.250860 0.236039 0.250859 
0.236022 0.250860 0.236021 0.250859 
0.237691 0.250860 0.237693 0.250859 
0.245596 0.250713 0.245598 0.250713 
0.245133 0.248686 0.245132 0.248688 
0.244848 0.251429 0.244849 0.251428 
0.247846 0.237005 0.247848 0.237006 
0.241237 0.239046 0.241238 0.239047 
0.239660 0.244532 0.239660 0.244532 
0.240764 0.241441 0.240764 0.241442 
0.240764 0.241441 0.240764 0.241442 
0.241831 0.242369 0.241830 0.242371 
0.241171 0.244932 0.241171 0.244933 
0.238772 0.244932 0.238772 0.244933 
0.238979 0.244114 0.238977 0.244114 
0.239046 0.246593 0.239046 0.246594 
0.239881 0.246593 0.239881 0.246594 
0.239881 0.246593 0.239881 0.246594 
0.245515 0.244799 0.245515 0.244799 
0.245180 0.245182 0.245182 0.245180 
0.240765 0.243042 0.240764 0.243043 
0.239660 0.243042 0.239660 0.243043 
0.229091 0.243042 0.229089 0.243043 
0.227785 0.235068 0.227784 0.235067 
0.230013 0.235068 0.230013 0.235067 
0.230013 0.235068 0.230013 0.235067 
0.226849 0.235068 0.226851 0.235067 
0.227230 0.233867 0.227228 0.233866 
0.222436 0.237830 0.222436 0.237832 
0.222436 0.240000 0.222436 0.240001 
0.224773 0.240000 0.224772 0.240001 
0.224773 0.237005 0.224772 0.237004 
0.223150 0.237005 0.223150 0.237004 
0.216108 0.237762 0.216107 0.237763 
0.219908 0.237762 0.219907 0.237763 
0.223534 0.237143 0.223534 0.237144 
0.221609 0.237332 0.221608 0.237332 
0.224972 0.237332 0.224972 0.237332 
0.224264 0.239319 0.224263 0.239319 
0.223952 0.246129 0.223953 0.246131 
0.225044 0.246129 0.225044 0.246131 
0.228233 0.246129 0.228232 0.246131 
0.225497 0.246129 0.225497 0.246131 
0.220742 0.249473 0.220741 0.249473 
0.220742 0.247848 0.220741 0.247848 
0.224989 0.251104 0.224990 0.251104 
0.227929 0.247584 0.227928 0.247584 
0.227929 0.249080 0.227928 0.249080 
0.227228 0.249080 0.227228 0.249080 
0.230066 0.249080 0.230067 0.249080 
0.231076 0.249080 0.231076 0.249080 
0.231076 0.249080 0.231076 0.249080 
0.228571 0.248161 0.228571 0.248160 
0.221239 0.251120 0.221240 0.251118 
0.219163 0.250778 0.219164 0.250780 
0.218062 0.248358 0.218062 0.248357 
0.218062 0.248358 0.218062 0.248357 
0.218062 0.248358 0.218062 0.248357 
0.218790 0.248358 0.218791 0.248357 
0.223808 0.248358 0.223808 0.248357 
0.223808 0.247436 0.223808 0.247437 
0.223808 0.247436 0.223808 0.247437 
0.223808 0.243596 0.223808 0.243596 
0.223808 0.246378 0.223808 0.246378 
0.221313 0.245182 0.221313 0.245183 
0.221313 0.249751 0.221313 0.249751 
0.221313 0.249751 0.221313 0.249751 
0.224173 0.249014 0.224172 0.249016 
0.219536 0.249882 0.219536 0.249882 
0.216182 0.249882 0.216182 0.249882 
0.214971 0.252336 0.214970 0.252336 
0.214971 0.253884 0.214970 0.253882 
0.215255 0.253884 0.215255 0.253882 
0.215255 0.257793 0.215255 0.257793 
0.217594 0.258473 0.217594 0.258473 
0.213980 0.258473 0.213981 0.258473 
0.216012 0.258157 0.216012 0.258155 
0.216012 0.257159 0.216012 0.257160 
0.216012 0.253948 0.216012 0.253947 
0.216012 0.253948 0.216012 0.253947 
0.217989 0.254414 0.217987 0.254416 
0.219908 0.254414 0.219907 0.254416 
0.221756 0.251120 0.221756 0.251122 
0.223443 0.253047 0.223442 0.253047 
0.219628 0.254927 0.219629 0.254928 
0.221110 0.255375 0.221110 0.255376 
0.224537 0.253948 0.224536 0.253948 
0.220594 0.250860 0.220593 0.250859 
0.222122 0.249342 0.222123 0.249342 
0.222122 0.242840 0.222123 0.242841 
0.222122 0.242857 0.222123 0.242857 
0.222122 0.244465 0.222123 0.244465 
0.223607 0.244465 0.223607 0.244465 
0.228233 0.244465 0.228232 0.244465 
0.231340 0.237607 0.231340 0.237607 
0.231340 0.237607 0.231340 0.237607 
0.231340 0.237607 0.231340 0.237607 
0.232115 0.244114 0.232115 0.244114 
0.231570 0.244114 0.231570 0.244114 
0.231570 0.247040 0.231570 0.247041 
0.231570 0.247040 0.231570 0.247041 
0.234983 0.245132 0.234982 0.245133 
0.232555 0.245847 0.232555 0.245847 
0.233588 0.245465 0.233588 0.245466 
0.233588 0.232115 0.233588 0.232115 
0.223079 0.229800 0.223077 0.229801 
0.223079 0.229800 0.223077 0.229801 
0.220371 0.232748 0.220371 0.232748 
0.219461 0.232748 0.219461 0.232748 
0.218511 0.230368 0.218511 0.230368 
0.217518 0.236039 0.217518 0.236039 
0.216484 0.238772 0.216484 0.238772 
0.219926 0.238772 0.219926 0.238772 
0.224317 0.243126 0.224318 0.243126 
0.226798 0.243126 0.226797 0.243126 
0.226798 0.246593 0.226797 0.246594 
0.229214 0.246593 0.229213 0.246594 
0.226779 0.246593 0.226779 0.246594 
0.227300 0.245781 0.227300 0.245781 
0.219107 0.249014 0.219108 0.249014 
0.217669 0.249014 0.217669 0.249014 
0.218062 0.249014 0.218062 0.249014 
0.214648 0.240476 0.214647 0.240475 
0.214648 0.240476 0.214647 0.240475 
0.214971 0.241830 0.214970 0.241829 
0.213600 0.239063 0.213599 0.239064 
0.213809 0.239063 0.213809 0.239064 
0.212200 0.239063 0.212199 0.239064 
0.206449 0.241357 0.206447 0.241357 
0.206526 0.241357 0.206526 0.241357 
0.196313 0.241357 0.196313 0.241357 
0.200327 0.241357 0.200326 0.241357 
0.202212 0.235068 0.202212 0.235067 
0.202031 0.235068 0.202030 0.235067 
0.199775 0.228571 0.199775 0.228571 
0.197455 0.229089 0.197453 0.229089 
0.197455 0.229089 0.197453 0.229089 
0.197455 0.229089 0.197453 0.229089 
0.197455 0.228232 0.197453 0.228231 
0.197455 0.228643 0.197453 0.228643 
0.197455 0.230793 0.197453 0.230793 
0.190059 0.232888 0.190059 0.232889 
0.190059 0.231429 0.190059 0.231429 
0.190059 0.231429 0.190059 0.231429 
0.184746 0.231429 0.184745 0.231429 
0.184746 0.228142 0.184745 0.228142 
0.184746 0.224772 0.184745 0.224773 
0.184191 0.226779 0.184192 0.226779 
0.187986 0.226779 0.187986 0.226779 
0.187355 0.225135 0.187355 0.225135 
0.187355 0.225352 0.187355 0.225354 
0.188139 0.225352 0.188138 0.225354 
0.188139 0.225407 0.188138 0.225407 
0.187006 0.227228 0.187006 0.227228 
0.188247 0.227228 0.188246 0.227228 
0.188247 0.221756 0.188246 0.221756 
0.182859 0.221756 0.182857 0.221756 
0.181806 0.217893 0.181805 0.217894 
0.182946 0.217893 0.182946 0.217894 
0.182946 0.217893 0.182946 0.217894 
0.182946 0.215880 0.182946 0.215879 
0.181803 0.217594 0.181805 0.217594 
0.181803 0.217594 0.181805 0.217594 
0.181626 0.217594 0.181625 0.217594 
0.181626 0.219257 0.181625 0.219256 
0.181626 0.214970 0.181625 0.214971 
0.180339 0.214647 0.180340 0.214646 
0.181265 0.214647 0.181265 0.214646 
0.185188 0.214647 0.185186 0.214646 
0.185188 0.214647 0.185186 0.214646 
0.188139 0.218062 0.188138 0.218062 
0.188139 0.220963 0.188138 0.220964 
0.184478 0.220963 0.184479 0.220964 
0.184478 0.216767 0.184479 0.216766 
0.184478 0.209353 0.184479 0.209354 
0.184478 0.209353 0.184479 0.209354 
0.184478 0.209353 0.184479 0.209354 
0.184478 0.209353 0.184479 0.209354 
0.185164 0.209353 0.185164 0.209354 
0.185164 0.209976 0.185164 0.209975 
0.185164 0.209255 0.185164 0.209256 
0.185164 0.209255 0.185164 0.209256 
0.188573 0.207689 0.188571 0.207689 
0.188573 0.207689 0.188571 0.207689 
0.183036 0.207689 0.183036 0.207689 
0.183036 0.207689 0.183036 0.207689 
0.183503 0.207689 0.183503 0.207689 
0.183503 0.208962 0.183503 0.208963 
0.183503 0.205019 0.183503 0.205019 
0.183503 0.201950 0.183503 0.201950 
0.183503 0.199673 0.183503 0.199673 
0.183503 0.199673 0.183503 0.199673 
0.183503 0.199673 0.183503 0.199673 
0.181694 0.199673 0.181693 0.199673 
0.171168 0.200510 0.171166 0.200510 
0.171429 0.200510 0.171429 0.200510 
0.166991 0.200510 0.166990 0.200510 
0.166991 0.197969 0.166990 0.197971 
0.166991 0.197969 0.166990 0.197971 
0.166991 0.198690 0.166990 0.198690 
0.164727 0.201403 0.164726 0.201402 
0.164727 0.202031 0.164726 0.202031 
0.167210 0.200591 0.167210 0.200591 
0.164724 0.205158 0.164726 0.205159 
0.164724 0.205158 0.164726 0.205159 
0.164724 0.203660 0.164726 0.203660 
0.164649 0.206111 0.164652 0.206111 
0.164528 0.206111 0.164528 0.206111 
0.161851 0.206111 0.161852 0.206111 
0.158796 0.205257 0.158796 0.205258 
0.158796 0.207532 0.158796 0.207531 
0.155473 0.207532 0.155472 0.207531 
0.155473 0.207532 0.155472 0.207531 
0.155023 0.207532 0.155025 0.207531 
0.155023 0.209956 0.155025 0.209956 
0.154524 0.212065 0.154524 0.212064 
0.154524 0.212065 0.154524 0.212064 
0.154524 0.212065 0.154524 0.212064 
0.154524 0.204361 0.154524 0.204361 
0.145798 0.206447 0.145798 0.206449 
0.136458 0.206447 0.136457 0.206449 
0.136458 0.206447 0.136457 0.206449 
0.136458 0.206506 0.136457 0.206507 
0.136458 0.206526 0.136457 0.206526 
0.134892 0.206526 0.134892 0.206526 
0.134892 0.206526 0.134892 0.206526 
0.134892 0.206526 0.134892 0.206526 
0.134012 0.208474 0.134012 0.208472 
0.134012 0.208474 0.134012 0.208472 
0.129962 0.208474 0.129961 0.208472 
0.129962 0.210131 0.129961 0.210131 
0.129962 0.209489 0.129961 0.209491 
0.129962 0.209489 0.129961 0.209491 
0.129962 0.207236 0.129961 0.207237 
0.129962 0.210810 0.129961 0.210809 
0.122426 0.212372 0.122424 0.212372 
0.122426 0.211968 0.122424 0.211969 
0.124572 0.205655 0.124573 0.205656 
0.126622 0.203159 0.126620 0.203158 
0.129079 0.204620 0.129078 0.204620 
0.129079 0.202031 0.129078 0.202031 
0.129079 0.201403 0.129078 0.201404 
0.129079 0.201403 0.129078 0.201404 
0.129079 0.201403 0.129078 0.201404 
0.127650 0.201403 0.127647 0.201404 
0.127650 0.201403 0.127647 0.201404 
0.127650 0.201403 0.127647 0.201404 
0.127650 0.201403 0.127647 0.201404 
0.127650 0.201403 0.127647 0.201404 
0.127650 0.201403 0.127647 0.201404 
0.127650 0.201403 0.127647 0.201404 
0.117803 0.202756 0.117803 0.202757 
0.117803 0.207296 0.117803 0.207297 
0.119486 0.205714 0.119489 0.205714 
0.119486 0.202857 0.119489 0.202857 
0.119486 0.202857 0.119489 0.202857 
0.119486 0.202857 0.119489 0.202857 
0.119216 0.202857 0.119215 0.202857 
0.117247 0.202857 0.117247 0.202857 
0.117247 0.202857 0.117247 0.202857 
0.117247 0.202857 0.117247 0.202857 
0.117247 0.203961 0.117247 0.203963 
0.117247 0.203018 0.117247 0.203019 
0.117247 0.203018 0.117247 0.203019 
0.117247 0.203018 0.117247 0.203019 
0.117247 0.202031 0.117247 0.202031 
0.117247 0.202031 0.117247 0.202031 
0.117247 0.196894 0.117247 0.196893 
0.117247 0.196894 0.117247 0.196893 
0.117247 0.196894 0.117247 0.196893 
0.117247 0.196894 0.117247 0.196893 
0.117247 0.196894 0.117247 0.196893 
0.115175 0.196894 0.115175 0.196893 
0.115175 0.196894 0.115175 0.196893 
0.115175 0.196894 0.115175 0.196893 
0.109319 0.196894 0.109321 0.196893 
0.109319 0.196894 0.109321 0.196893 
0.109319 0.192534 0.109321 0.192534 
0.109319 0.192534 0.109321 0.192534 
0.109319 0.191322 0.109321 0.191322 
0.109319 0.191322 0.109321 0.191322 
0.109319 0.191322 0.109321 0.191322 
0.110696 0.191322 0.110694 0.191322 
0.110696 0.191322 0.110694 0.191322 
0.110696 0.192195 0.110694 0.192195 
0.110696 0.190895 0.110694 0.190894 
0.110696 0.190895 0.110694 0.190894 
0.104434 0.191684 0.104432 0.191686 
0.104434 0.191684 0.104432 0.191686 
0.104434 0.190295 0.104432 0.190296 
0.104434 0.190295 0.104432 0.190296 
0.104434 0.190295 0.104432 0.190296 
0.104434 0.188853 0.104432 0.188851 
0.104434 0.188853 0.104432 0.188851 
0.104434 0.189521 0.104432 0.189521 
0.104434 0.189521 0.104432 0.189521 
0.104434 0.189521 0.104432 0.189521 
0.104434 0.192280 0.104432 0.192280 
0.104434 0.188571 0.104432 0.188573 
0.104434 0.191258 0.104432 0.191257 
0.104434 0.192195 0.104432 0.192195 
0.104434 0.190467 0.104432 0.190468 
0.104434 0.190467 0.104432 0.190468 
0.104434 0.190467 0.104432 0.190468 
0.104434 0.190467 0.104432 0.190468 
0.101778 0.190467 0.101780 0.190468 
0.101778 0.190467 0.101780 0.190468 
0.101778 0.190467 0.101780 0.190468 
0.101778 0.192958 0.101780 0.192958 
0.104159 0.192958 0.104158 0.192958 
0.104159 0.192958 0.104158 0.192958 
0.101260 0.192958 0.101257 0.192958 
0.101260 0.192958 0.101257 0.192958 
0.101260 0.192958 0.101257 0.192958 
0.102258 0.192958 0.102260 0.192958 
0.102258 0.195375 0.102260 0.195375 
0.102258 0.195375 0.102260 0.195375 
0.102258 0.195375 0.102260 0.195375 
0.102258 0.195646 0.102260 0.195648 
0.102258 0.185164 0.102260 0.185164 
0.102258 0.185362 0.102260 0.185362 
0.102258 0.185362 0.102260 0.185362 
0.103174 0.185362 0.103174 0.185362 
0.103174 0.185362 0.103174 0.185362 
0.103174 0.185362 0.103174 0.185362 
0.103174 0.185362 0.103174 0.185362 
0.103174 0.185362 0.103174 0.185362 
0.103174 0.185362 0.103174 0.185362 
0.103174 0.185362 0.103174 0.185362 
0.103174 0.181175 0.103174 0.181177 
0.104002 0.181175 0.104002 0.181177 
0.104002 0.181175 0.104002 0.181177 
0.104002 0.181175 0.104002 0.181177 
0.104002 0.181243 0.104002 0.181243 
0.104002 0.181243 0.104002 0.181243 
0.104002 0.181243 0.104002 0.181243 
0.104002 0.181243 0.104002 0.181243 
0.104002 0.181243 0.104002 0.181243 
0.097354 0.181243 0.097353 0.181243 
0.097979 0.181243 0.097980 0.181243 
0.097979 0.181243 0.097980 0.181243 
0.097979 0.181243 0.097980 0.181243 
0.094288 0.181243 0.094286 0.181243 
0.090351 0.183503 0.090351 0.183503 
0.090351 0.183503 0.090351 0.183503 
0.090351 0.183503 0.090351 0.183503 
0.090351 0.183503 0.090351 0.183503 
0.090756 0.183503 0.090756 0.183503 
0.090756 0.183503 0.090756 0.183503 
0.086474 0.183503 0.086473 0.183503 
0.086474 0.183503 0.086473 0.183503 
0.086474 0.183503 0.086473 0.183503 
0.086474 0.183503 0.086473 0.183503 
0.086474 0.183503 0.086473 0.183503 
0.086474 0.181243 0.086473 0.181241 
0.086474 0.181175 0.086473 0.181173 
0.086474 0.181175 0.086473 0.181173 
0.086474 0.181175 0.086473 0.181173 
0.086713 0.181175 0.086709 0.181173 
0.086851 0.183303 0.086850 0.183303 
0.086897 0.183303 0.086897 0.183303 
0.086897 0.183303 0.086897 0.183303 
0.086897 0.183303 0.086897 0.183303 
0.086897 0.180905 0.086897 0.180904 
0.086897 0.180905 0.086897 0.180904 
0.086897 0.171429 0.086897 0.171429 
0.086897 0.171429 0.086897 0.171429 
0.086897 0.171429 0.086897 0.171429 
0.086897 0.171429 0.086897 0.171429 
0.086897 0.171429 0.086897 0.171429 
0.086846 0.171429 0.086850 0.171429 
0.086846 0.171429 0.086850 0.171429 
0.086704 0.173535 0.086709 0.173534 
0.086704 0.173229 0.086709 0.173230 
0.076076 0.173229 0.076077 0.173230 
0.076076 0.173229 0.076077 0.173230 
0.076076 0.173229 0.076077 0.173230 
0.075593 0.173229 0.075593 0.173230 
0.075593 0.173229 0.075593 0.173230 
0.075593 0.173229 0.075593 0.173230 
0.075593 0.173229 0.075593 0.173230 
0.075593 0.173229 0.075593 0.173230 
0.075593 0.173229 0.075593 0.173230 
0.075593 0.168086 0.075593 0.168087 
0.075593 0.168086 0.075593 0.168087 
0.075593 0.168086 0.075593 0.168087 
0.075593 0.168086 0.075593 0.168087 
0.075593 0.170090 0.075593 0.170089 
0.075593 0.170090 0.075593 0.170089 
0.075593 0.170090 0.075593 0.170089 
0.075593 0.170090 0.075593 0.170089 
0.075593 0.170090 0.075593 0.170089 
0.074995 0.170090 0.074997 0.170089 
0.074995 0.170090 0.074997 0.170089 
0.068576 0.170090 0.068571 0.170089 
0.068576 0.170090 0.068571 0.170089 
0.068576 0.162255 0.068571 0.162255 
0.068576 0.159182 0.068571 0.159182 
0.068576 0.159182 0.068571 0.159182 
0.068576 0.159182 0.068571 0.159182 
0.068576 0.158591 0.068571 0.158592 
0.068576 0.155340 0.068571 0.155339 
0.068576 0.146496 0.068571 0.146497 
0.068576 0.146496 0.068571 0.146497 
0.068576 0.146496 0.068571 0.146497 
0.068576 0.146496 0.068571 0.146497 
0.068576 0.146496 0.068571 0.146497 
0.066636 0.146496 0.066639 0.146497 
0.066636 0.146496 0.066639 0.146497 
0.066636 0.146496 0.066639 0.146497 
0.066636 0.146496 0.066639 0.146497 
0.066636 0.146496 0.066639 0.146497 
0.066636 0.146496 0.066639 0.146497 
0.066636 0.146496 0.066639 0.146497 
0.066636 0.146496 0.066639 0.146497 
0.066636 0.146496 0.066639 0.146497 
0.066636 0.145686 0.066639 0.145686 
0.066636 0.145686 0.066639 0.145686 
0.066636 0.144815 0.066639 0.144816 
0.066636 0.144815 0.066639 0.144816 
0.066636 0.146691 0.066639 0.146692 
0.066636 0.145714 0.066639 0.145714 
0.066636 0.145714 0.066639 0.145714 
0.066636 0.144674 0.066639 0.144676 
0.066636 0.144674 0.066639 0.144676 
0.066636 0.144674 0.066639 0.144676 
0.066636 0.144674 0.066639 0.144676 
0.066636 0.144674 0.066639 0.144676 
0.066636 0.144674 0.066639 0.144676 
0.066636 0.144674 0.066639 0.144676 
0.066636 0.144674 0.066639 0.144676 
0.066636 0.144674 0.066639 0.144676 
0.066636 0.146385 0.066639 0.146385 
0.066636 0.148021 0.066639 0.148021 
0.066636 0.148021 0.066639 0.148021 
0.065465 0.141161 0.065465 0.141162 
0.065465 0.136905 0.065465 0.136907 
0.065465 0.136905 0.065465 0.136907 
0.065465 0.136905 0.065465 0.136907 
0.064143 0.136905 0.064143 0.136907 
0.064143 0.136905 0.064143 0.136907 
0.064143 0.136905 0.064143 0.136907 
0.064143 0.136905 0.064143 0.136907 
0.064143 0.136905 0.064143 0.136907 
0.062666 0.136905 0.062662 0.136907 
0.062666 0.136905 0.062662 0.136907 
0.062666 0.136905 0.062662 0.136907 
0.061009 0.136905 0.061012 0.136907 
0.061009 0.136905 0.061012 0.136907 
0.061009 0.136905 0.061012 0.136907 
0.061009 0.136905 0.061012 0.136907 
0.061009 0.136905 0.061012 0.136907 
0.061009 0.136905 0.061012 0.136907 
0.061009 0.135496 0.061012 0.135497 
0.059178 0.135496 0.059178 0.135497 
0.059178 0.135496 0.059178 0.135497 
0.059178 0.135496 0.059178 0.135497 
0.059178 0.135496 0.059178 0.135497 
0.059178 0.135496 0.059178 0.135497 
0.059178 0.135496 0.059178 0.135497 
0.059178 0.135496 0.059178 0.135497 
0.059178 0.135496 0.059178 0.135497 
0.059178 0.135496 0.059178 0.135497 
0.059178 0.135496 0.059178 0.135497 
0.059178 0.134012 0.059178 0.134012 
0.059178 0.134012 0.059178 0.134012 
0.059178 0.134012 0.059178 0.134012 
0.059178 0.134012 0.059178 0.134012 
0.059178 0.134012 0.059178 0.134012 
0.059178 0.134012 0.059178 0.134012 
0.059178 0.129331 0.059178 0.129329 
0.059178 0.129331 0.059178 0.129329 
0.059178 0.121084 0.059178 0.121080 
0.059178 0.121084 0.059178 0.121080 
0.059178 0.121084 0.059178 0.121080 
0.059178 0.122591 0.059178 0.122592 
0.059178 0.122591 0.059178 0.122592 
0.059178 0.122591 0.059178 0.122592 
0.059178 0.120678 0.059178 0.120678 
0.059178 0.120678 0.059178 0.120678 
0.059178 0.120678 0.059178 0.120678 
0.059178 0.120678 0.059178 0.120678 
0.059178 0.120678 0.059178 0.120678 
0.059178 0.120678 0.059178 0.120678 
0.059178 0.120678 0.059178 0.120678 
0.059178 0.120678 0.059178 0.120678 
0.057143 0.120678 0.057143 0.120678 
0.057143 0.120678 0.057143 0.120678 
0.057143 0.120678 0.057143 0.120678 
0.057143 0.118666 0.057143 0.118666 
0.057143 0.118666 0.057143 0.118666 
0.057143 0.118666 0.057143 0.118666 
0.057143 0.116549 0.057143 0.116548 
0.057143 0.116549 0.057143 0.116548 
0.057143 0.116549 0.057143 0.116548 
0.057143 0.116549 0.057143 0.116548 
0.057143 0.117838 0.057143 0.117840 
0.057143 0.117838 0.057143 0.117840 
0.057143 0.117838 0.057143 0.117840 
0.057143 0.117838 0.057143 0.117840 
0.057143 0.117838 0.057143 0.117840 
0.057143 0.117838 0.057143 0.117840 
0.054887 0.117838 0.054884 0.117840 
0.054887 0.115564 0.054884 0.115566 
0.054887 0.115564 0.054884 0.115566 
0.054887 0.115564 0.054884 0.115566 
0.054887 0.116724 0.054884 0.116722 
0.054887 0.116724 0.054884 0.116722 
0.054887 0.116724 0.054884 0.116722 
0.054887 0.117803 0.054884 0.117803 
0.054887 0.117803 0.054884 0.117803 
0.054887 0.117803 0.054884 0.117803 
0.054887 0.117803 0.054884 0.117803 
0.054887 0.115317 0.054884 0.115317 
0.054887 0.115317 0.054884 0.115317 
0.054887 0.116269 0.054884 0.116270 
0.054887 0.117143 0.054884 0.117141 
0.054887 0.117143 0.054884 0.117141 
0.054887 0.117143 0.054884 0.117141 
0.054887 0.117143 0.054884 0.117141 
0.054887 0.117143 0.054884 0.117141 
0.054887 0.117942 0.054884 0.117942 
0.054887 0.117942 0.054884 0.117942 
0.054887 0.117942 0.054884 0.117942 
0.054887 0.117942 0.054884 0.117942 
0.054887 0.117942 0.054884 0.117942 
0.054887 0.117942 0.054884 0.117942 
0.054887 0.117942 0.054884 0.117942 
0.054887 0.117942 0.054884 0.117942 
0.054887 0.117942 0.054884 0.117942 
0.054887 0.117942 0.054884 0.117942 
0.054887 0.117942 0.054884 0.117942 
0.054887 0.117942 0.054884 0.117942 
0.054887 0.115175 0.054884 0.115175 
0.054887 0.115175 0.054884 0.115175 
0.052375 0.115175 0.052372 0.115175 
0.052375 0.115175 0.052372 0.115175 
0.052375 0.115846 0.052372 0.115848 
0.052375 0.115846 0.052372 0.115848 
0.052375 0.115846 0.052372 0.115848 
0.052375 0.115846 0.052372 0.115848 
0.052375 0.116444 0.052372 0.116445 
0.052375 0.116444 0.052372 0.116445 
0.052375 0.116444 0.052372 0.116445 
0.052375 0.116444 0.052372 0.116445 
0.052375 0.116444 0.052372 0.116445 
0.052375 0.116444 0.052372 0.116445 
0.052375 0.116444 0.052372 0.116445 
0.052375 0.116444 0.052372 0.116445 
0.052375 0.116444 0.052372 0.116445 
0.052375 0.116969 0.052372 0.116968 
0.052375 0.116969 0.052372 0.116968 
0.049568 0.116969 0.049570 0.116968 
0.049568 0.113892 0.049570 0.113894 
0.049568 0.113892 0.049570 0.113894 
0.046429 0.114286 0.046423 0.114286 
0.046429 0.114607 0.046423 0.114606 
0.042857 0.114607 0.042857 0.114606 
0.042857 0.114607 0.042857 0.114606 
0.042857 0.114607 0.042857 0.114606 
0.042857 0.114607 0.042857 0.114606 
0.038755 0.114856 0.038756 0.114856 
0.038755 0.114856 0.038756 0.114856 
0.038755 0.114856 0.038756 0.114856 
0.038755 0.114856 0.038756 0.114856 
0.038755 0.114856 0.038756 0.114856 
0.038755 0.114856 0.038756 0.114856 
0.038755 0.114856 0.038756 0.114856 
0.038755 0.114856 0.038756 0.114856 
0.038755 0.114856 0.038756 0.114856 
0.038755 0.114856 0.038756 0.114856 
0.038755 0.107703 0.038756 0.107707 
0.038755 0.107703 0.038756 0.107707 
0.038755 0.107703 0.038756 0.107707 
0.038755 0.107703 0.038756 0.107707 
0.038755 0.107703 0.038756 0.107707 
0.038755 0.107817 0.038756 0.107818 
0.038755 0.107817 0.038756 0.107818 
0.038755 0.107817 0.038756 0.107818 
0.038755 0.107817 0.038756 0.107818 
0.038755 0.107817 0.038756 0.107818 
0.038755 0.107817 0.038756 0.107818 
0.038755 0.107817 0.038756 0.107818 
0.038755 0.107817 0.038756 0.107818 
0.038755 0.107817 0.038756 0.107818 
0.038755 0.107817 0.038756 0.107818 
0.038755 0.107817 0.038756 0.107818 
0.033917 0.107817 0.033927 0.107818 
0.033917 0.107817 0.033927 0.107818 
0.033917 0.104002 0.033927 0.104002 
0.033917 0.103962 0.033927 0.103959 
0.033917 0.103962 0.033927 0.103959 
0.033917 0.103962 0.033927 0.103959 
0.033917 0.103962 0.033927 0.103959 
0.033917 0.103962 0.033927 0.103959 
0.033917 0.103962 0.033927 0.103959 
0.033917 0.103962 0.033927 0.103959 
0.033917 0.103962 0.033927 0.103959 
0.033917 0.103962 0.033927 0.103959 
0.033917 0.103962 0.033927 0.103959 
0.033917 0.103962 0.033927 0.103959 
0.033917 0.103962 0.033927 0.103959 
0.033917 0.103962 0.033927 0.103959 
0.033917 0.103962 0.033927 0.103959 
0.033917 0.103962 0.033927 0.103959 
0.033917 0.103962 0.033927 0.103959 
0.033917 0.103962 0.033927 0.103959 
0.033917 0.099837 0.033927 0.099832 
0.033917 0.091071 0.033927 0.091071 
0.033917 0.091071 0.033927 0.091071 
0.033917 0.091071 0.033927 0.091071 
0.033917 0.091071 0.033927 0.091071 
0.033917 0.091071 0.033927 0.091071 
0.033917 0.090756 0.033927 0.090756 
0.033917 0.090756 0.033927 0.090756 
0.033917 0.090756 0.033927 0.090756 
0.033917 0.090351 0.033927 0.090351 
0.033917 0.090351 0.033927 0.090351 
0.033917 0.090351 0.033927 0.090351 
0.033917 0.090351 0.033927 0.090351 
0.033917 0.090351 0.033927 0.090351 
0.033917 0.090351 0.033927 0.090351 
0.033917 0.090351 0.033927 0.090351 
0.033917 0.090351 0.033927 0.090351 
0.033917 0.090351 0.033927 0.090351 
0.033917 0.090351 0.033927 0.090351 
0.033917 0.090351 0.033927 0.090351 
0.033917 0.090351 0.033927 0.090351 
0.033917 0.090351 0.033927 0.090351 
0.033917 0.090351 0.033927 0.090351 
0.033917 0.090351 0.033927 0.090351 
0.033917 0.090351 0.033927 0.090351 
0.033917 0.090351 0.033927 0.090351 
0.033917 0.090351 0.033927 0.090351 
0.033917 0.090351 0.033927 0.090351 
0.033917 0.090351 0.033927 0.090351 
0.033917 0.090351 0.033927 0.090351 
0.033917 0.090351 0.033927 0.090351 
0.033917 0.090351 0.033927 0.090351 
0.033917 0.090351 0.033927 0.090351 
0.033917 0.090351 0.033927 0.090351 
0.033917 0.090351 0.033927 0.090351 
0.033917 0.090351 0.033927 0.090351 
0.033917 0.090351 0.033927 0.090351 
0.033917 0.089852 0.033927 0.089851 
0.033917 0.089852 0.033927 0.089851 
0.033917 0.089852 0.033927 0.089851 
0.033917 0.089852 0.033927 0.089851 
0.033917 0.089852 0.033927 0.089851 
0.033917 0.089852 0.033927 0.089851 
0.033917 0.089852 0.033927 0.089851 
0.033917 0.089852 0.033927 0.089851 
0.033917 0.089852 0.033927 0.089851 
0.033917 0.089852 0.033927 0.089851 
0.033917 0.089260 0.033927 0.089263 
0.033917 0.089260 0.033927 0.089263 
0.033917 0.089260 0.033927 0.089263 
0.028008 0.089260 0.027994 0.089263 
0.028008 0.089260 0.027994 0.089263 
0.028008 0.089260 0.027994 0.089263 
0.028008 0.089260 0.027994 0.089263 
0.028008 0.078818 0.027994 0.078820 
0.028008 0.078818 0.027994 0.078820 
0.028008 0.078818 0.027994 0.078820 
0.028008 0.078818 0.027994 0.078820 
0.028008 0.078818 0.027994 0.078820 
0.028008 0.078818 0.027994 0.078820 
0.028008 0.078818 0.027994 0.078820 
0.028008 0.078818 0.027994 0.078820 
0.028008 0.078818 0.027994 0.078820 
0.028008 0.078818 0.027994 0.078820 
0.028008 0.078818 0.027994 0.078820 
0.028008 0.078818 0.027994 0.078820 
0.028008 0.078818 0.027994 0.078820 
0.028008 0.078818 0.027994 0.078820 
0.028008 0.078818 0.027994 0.078820 
0.028008 0.078818 0.027994 0.078820 
0.028008 0.078818 0.027994 0.078820 
0.028008 0.078818 0.027994 0.078820 
0.028008 0.078818 0.027994 0.078820 
0.028008 0.078818 0.027994 0.078820 
0.028008 0.078818 0.027994 0.078820 
0.028008 0.078818 0.027994 0.078820 
0.028008 0.078818 0.027994 0.078820 
0.028008 0.078818 0.027994 0.078820 
0.028008 0.078818 0.027994 0.078820 
0.028008 0.078818 0.027994 0.078820 
0.028008 0.078818 0.027994 0.078820 
0.028008 0.078818 0.027994 0.078820 
0.028008 0.078818 0.027994 0.078820 
0.028008 0.078818 0.027994 0.078820 
0.028008 0.078818 0.027994 0.078820 
0.028008 0.078818 0.027994 0.078820 
0.028008 0.078818 0.027994 0.078820 
0.028008 0.078818 0.027994 0.078820 
0.028008 0.078818 0.027994 0.078820 
0.028008 0.078818 0.027994 0.078820 
0.028008 0.078818 0.027994 0.078820 
0.028008 0.078818 0.027994 0.078820 
0.028008 0.078818 0.027994 0.078820 
0.028008 0.078818 0.027994 0.078820 
0.028008 0.078818 0.027994 0.078820 
0.028008 0.078818 0.027994 0.078820 
0.028008 0.078818 0.027994 0.078820 
0.028008 0.078818 0.027994 0.078820 
0.028008 0.078818 0.027994 0.078820 
0.028008 0.078818 0.027994 0.078820 
0.028008 0.077932 0.027994 0.077930 
0.028008 0.077932 0.027994 0.077930 
0.028008 0.077932 0.027994 0.077930 
0.028008 0.077932 0.027994 0.077930 
0.028008 0.077932 0.027994 0.077930 
0.028008 0.077932 0.027994 0.077930 
0.028008 0.077932 0.027994 0.077930 
0.028008 0.077932 0.027994 0.077930 
0.028008 0.077932 0.027994 0.077930 
0.028008 0.077932 0.027994 0.077930 
0.028008 0.076931 0.027994 0.076931 
0.028008 0.076931 0.027994 0.076931 
0.028008 0.076931 0.027994 0.076931 
0.028008 0.076931 0.027994 0.076931 
0.028008 0.076931 0.027994 0.076931 
0.028008 0.076931 0.027994 0.076931 
0.028008 0.076931 0.027994 0.076931 
0.028008 0.076931 0.027994 0.076931 
0.028008 0.076931 0.027994 0.076931 
0.028008 0.076931 0.027994 0.076931 
0.028008 0.076931 0.027994 0.076931 
0.028008 0.076931 0.027994 0.076931 
0.028008 0.076931 0.027994 0.076931 
0.028008 0.076931 0.027994 0.076931 
0.028008 0.076931 0.027994 0.076931 
0.028008 0.076931 0.027994 0.076931 
0.028008 0.076931 0.027994 0.076931 
0.028008 0.070218 0.027994 0.070219 
0.028008 0.070218 0.027994 0.070219 
0.028008 0.070218 0.027994 0.070219 
0.028008 0.070218 0.027994 0.070219 
0.028008 0.070218 0.027994 0.070219 
0.028008 0.070218 0.027994 0.070219 
0.028008 0.070218 0.027994 0.070219 
0.028008 0.070218 0.027994 0.070219 
0.028008 0.070218 0.027994 0.070219 
0.028008 0.070218 0.027994 0.070219 
0.028008 0.070218 0.027994 0.070219 
0.028008 0.070218 0.027994 0.070219 
0.028008 0.070218 0.027994 0.070219 
0.028008 0.070218 0.027994 0.070219 
0.028008 0.062662 0.027994 0.062666 
0.028008 0.062662 0.027994 0.062666 
0.028008 0.062662 0.027994 0.062666 
0.028008 0.062662 0.027994 0.062666 
0.028008 0.062662 0.027994 0.062666 
0.028008 0.062662 0.027994 0.062666 
0.028008 0.062662 0.027994 0.062666 
0.028008 0.062662 0.027994 0.062666 
0.028008 0.062662 0.027994 0.062666 
0.028008 0.062662 0.027994 0.062666 
0.028008 0.062662 0.027994 0.062666 
0.028008 0.062662 0.027994 0.062666 
0.028008 0.062662 0.027994 0.062666 
0.028008 0.062662 0.027994 0.062666 
0.028008 0.062662 0.027994 0.062666 
0.028008 0.062662 0.027994 0.062666 
0.028008 0.062662 0.027994 0.062666 
0.028008 0.062662 0.027994 0.062666 
0.028008 0.062662 0.027994 0.062666 
0.028008 0.062662 0.027994 0.062666 
0.028008 0.062662 0.027994 0.062666 
0.028008 0.062662 0.027994 0.062666 
0.028008 0.062662 0.027994 0.062666 
0.028008 0.062662 0.027994 0.062666 
0.028008 0.062662 0.027994 0.062666 
0.028008 0.062662 0.027994 0.062666 
0.028008 0.062662 0.027994 0.062666 
0.028008 0.062662 0.027994 0.062666 
0.028008 0.062662 0.027994 0.062666 
0.020005 0.062662 0.020000 0.062666 
0.020005 0.062662 0.020000 0.062666 
0.020005 0.062662 0.020000 0.062666 
0.020005 0.062662 0.020000 0.062666 
0.020005 0.062662 0.020000 0.062666 
0.020005 0.062662 0.020000 0.062666 
0.020005 0.062662 0.020000 0.062666 
0.020005 0.062662 0.020000 0.062666 
0.020005 0.062662 0.020000 0.062666 
0.020005 0.062662 0.020000 0.062666 
0.020005 0.062662 0.020000 0.062666 
0.020005 0.062662 0.020000 0.062666 
0.020005 0.062662 0.020000 0.062666 
0.020005 0.061012 0.020000 0.061009 
0.020005 0.061012 0.020000 0.061009 
0.020005 0.061012 0.020000 0.061009 
0.020005 0.061012 0.020000 0.061009 
0.020005 0.061012 0.020000 0.061009 
0.020005 0.061012 0.020000 0.061009 
0.020005 0.061012 0.020000 0.061009 
0.020005 0.061012 0.020000 0.061009 
0.020005 0.061012 0.020000 0.061009 
0.020005 0.061012 0.020000 0.061009 
0.020005 0.061012 0.020000 0.061009 
0.020005 0.061012 0.020000 0.061009 
0.020005 0.061012 0.020000 0.061009 
0.020005 0.061012 0.020000 0.061009 
0.020005 0.061012 0.020000 0.061009 
0.020005 0.061012 0.020000 0.061009 
0.020005 0.061012 0.020000 0.061009 
0.020005 0.061012 0.020000 0.061009 
0.020005 0.061012 0.020000 0.061009 
0.020005 0.061012 0.020000 0.061009 
0.020005 0.061012 0.020000 0.061009 
0.020005 0.061012 0.020000 0.061009 
0.020005 0.061012 0.020000 0.061009 
0.020005 0.061012 0.020000 0.061009 
0.020005 0.061012 0.020000 0.061009 
0.020005 0.061012 0.020000 0.061009 
0.020005 0.061012 0.020000 0.061009 
0.020005 0.061012 0.020000 0.061009 
0.020005 0.061012 0.020000 0.061009 
0.020005 0.061012 0.020000 0.061009 
0.020005 0.061012 0.020000 0.061009 
0.020005 0.061012 0.020000 0.061009 
0.020005 0.061012 0.020000 0.061009 
0.020005 0.061012 0.020000 0.061009 
0.020005 0.061012 0.020000 0.061009 
0.020005 0.061012 0.020000 0.061009 
0.020005 0.061012 0.020000 0.061009 
0.020005 0.061012 0.020000 0.061009 
0.020005 0.061012 0.020000 0.061009 
0.020005 0.061012 0.020000 0.061009 
0.020005 0.061012 0.020000 0.061009 
0.020005 0.061012 0.020000 0.061009 
0.020005 0.061012 0.020000 0.061009 
0.020005 0.061012 0.020000 0.061009 
0.020005 0.061012 0.020000 0.061009 
0.020005 0.061012 0.020000 0.061009 
0.020005 0.061012 0.020000 0.061009 
0.020005 0.061012 0.020000 0.061009 
0.020005 0.061012 0.020000 0.061009 
0.020005 0.061012 0.020000 0.061009 
0.020005 0.061012 0.020000 0.061009 
0.020005 0.061012 0.020000 0.061009 
0.020005 0.061012 0.020000 0.061009 
0.020005 0.061012 0.020000 0.061009 
0.020005 0.061012 0.020000 0.061009 
0.020005 0.061012 0.020000 0.061009 
0.020005 0.061012 0.020000 0.061009 
0.020005 0.061012 0.020000 0.061009 
0.020005 0.061012 0.020000 0.061009 
0.020005 0.061012 0.020000 0.061009 
0.020005 0.061012 0.020000 0.061009 
0.020005 0.061012 0.020000 0.061009 
0.020005 0.061012 0.020000 0.061009 
0.000000 0.061012 0.000000 0.061009 
0.000000 0.061012 0.000000 0.061009 
0.000000 0.061012 0.000000 0.061009 
0.000000 0.061012 0.000000 0.061009 
0.000000 0.061012 0.000000 0.061009 
0.000000 0.061012 0.000000 0.061009 
0.000000 0.061012 0.000000 0.061009 
0.000000 0.061012 0.000000 0.061009 
0.000000 0.061012 0.000000 0.061009 
0.000000 0.061012 0.000000 0.061009 
0.000000 0.061012 0.000000 0.061009 
0.000000 0.061012 0.000000 0.061009 
0.000000 0.061012 0.000000 0.061009 
0.000000 0.061012 0.000000 0.061009 
0.000000 0.061012 0.000000 0.061009 
0.000000 0.061012 0.000000 0.061009 
0.000000 0.061012 0.000000 0.061009 
