0.074560 0.076931 
0.078818 0.111575 
0.074560 0.099837 
0.089260 0.114428 
0.091295 0.131708 
0.061012 0.134892 
0.064143 0.095789 
0.062662 0.132203 
0.086897 0.123089 
0.089260 0.120678 
0.068868 0.120577 
0.059178 0.129331 
0.074560 0.143882 
0.078818 0.119728 
0.081266 0.144448 
0.075593 0.120000 
0.069341 0.127807 
0.075593 0.130180 
0.072506 0.130337 
0.080255 0.114286 
0.057143 0.136097 
0.099345 0.130337 
0.071429 0.122424 
0.077932 0.142399 
0.076931 0.117942 
0.089260 0.173699 
0.085714 0.140698 
0.084564 0.162657 
0.067673 0.156074 
0.089260 0.123520 
0.071429 0.169031 
0.054884 0.187551 
0.070218 0.145686 
0.080255 0.124540 
0.086897 0.107855 
0.077932 0.149803 
0.084564 0.099345 
0.057143 0.162255 
0.064143 0.145237 
0.082065 0.170689 
0.077932 0.157143 
0.076931 0.126136 
0.094761 0.161220 
0.078818 0.136546 
0.070218 0.120000 
0.081014 0.138476 
0.067370 0.139854 
0.063888 0.138240 
0.081014 0.112450 
0.091429 0.124573 
0.074560 0.149147 
0.071429 0.152503 
0.067370 0.142743 
0.059178 0.187986 
0.079591 0.144024 
0.086897 0.142743 
0.074997 0.138476 
0.084564 0.127775 
0.078818 0.154814 
0.071429 0.130431 
0.064143 0.131708 
0.076452 0.120678 
0.085905 0.136905 
0.071429 0.134012 
0.071429 0.111721 
0.082065 0.162255 
0.095148 0.127775 
0.095831 0.147053 
0.057143 0.125877 
0.071657 0.130931 
0.084564 0.127807 
0.062662 0.111977 
0.084564 0.126781 
0.067370 0.147468 
0.090351 0.148021 
0.067853 0.122857 
0.054884 0.134892 
0.057143 0.120678 
0.074560 0.135255 
0.068868 0.153888 
0.075809 0.148351 
0.052372 0.132449 
0.081014 0.150753 
0.067370 0.131708 
0.084564 0.178062 
0.074560 0.145574 
0.097353 0.138092 
0.072506 0.148462 
0.092317 0.155550 
0.079591 0.120678 
0.070218 0.136905 
0.085189 0.127807 
0.084805 0.133890 
0.080812 0.146691 
0.083837 0.134012 
0.080255 0.131708 
0.069985 0.129331 
0.083837 0.152904 
0.075809 0.129078 
0.080255 0.137054 
0.081014 0.133524 
0.073457 0.147053 
0.065465 0.139971 
0.095661 0.138240 
0.081014 0.161650 
0.068868 0.129173 
0.071657 0.163657 
0.057143 0.138917 
0.072506 0.155156 
0.084564 0.129331 
0.078818 0.135496 
0.090756 0.158668 
0.064143 0.124540 
0.049570 0.177419 
0.081266 0.153437 
0.071657 0.135947 
0.071429 0.136905 
0.072506 0.140698 
0.078818 0.164130 
0.091295 0.113713 
0.083837 0.135104 
0.079591 0.127647 
0.074560 0.106177 
0.068868 0.125714 
0.103844 0.100448 
0.084564 0.138240 
0.061012 0.140000 
0.075809 0.155156 
0.067370 0.148461 
0.093721 0.149803 
0.083005 0.135496 
0.066639 0.123354 
0.082264 0.139971 
0.081014 0.141161 
0.074560 0.158668 
0.073179 0.100651 
0.073179 0.122591 
0.084564 0.153862 
0.067370 0.162657 
0.077932 0.179546 
0.072506 0.109507 
0.057143 0.120170 
0.080255 0.164155 
0.065714 0.169055 
0.057143 0.122857 
0.083005 0.119215 
0.077932 0.127647 
0.089260 0.124540 
0.059178 0.127807 
0.074560 0.130962 
0.049570 0.133524 
0.068868 0.131708 
0.065465 0.132203 
0.067370 0.103016 
0.078558 0.160331 
0.065714 0.147053 
0.059659 0.144674 
0.063888 0.160331 
0.075809 0.119215 
0.065714 0.157765 
0.096002 0.121218 
0.083837 0.163233 
0.068868 0.123520 
0.078818 0.112884 
0.081616 0.144674 
0.075809 0.150753 
0.068868 0.172118 
0.076931 0.151859 
0.072506 0.137024 
0.054884 0.173817 
0.062662 0.134771 
0.068868 0.144250 
0.083593 0.135496 
0.071429 0.138240 
0.073457 0.116549 
0.080255 0.139854 
0.085714 0.185252 
0.062662 0.125714 
0.070218 0.153862 
0.063888 0.149584 
0.068868 0.163732 
0.061875 0.144250 
0.093066 0.121084 
0.079591 0.105211 
0.073179 0.116549 
0.074560 0.162255 
0.064143 0.157143 
0.079591 0.137766 
0.079847 0.141392 
0.072506 0.108759 
0.067370 0.120678 
0.054884 0.153037 
0.075593 0.161650 
0.086897 0.122057 
0.077143 0.154946 
0.070218 0.164751 
0.065714 0.150211 
0.061012 0.157143 
0.100000 0.169898 
0.106904 0.134771 
0.071429 0.153888 
0.067370 0.153756 
0.097353 0.141594 
0.086142 0.142886 
0.083005 0.143683 
0.057143 0.172591 
0.063888 0.157765 
0.070218 0.172118 
0.076931 0.125357 
0.052372 0.158668 
0.101459 0.165837 
0.083005 0.167210 
0.076077 0.156492 
0.049570 0.132048 
0.084805 0.180000 
0.082065 0.136905 
0.073179 0.120678 
0.061012 0.144815 
0.097353 0.162255 
0.089852 0.139971 
0.075809 0.166599 
0.065714 0.153437 
0.061012 0.151213 
0.080812 0.112159 
0.069341 0.115741 
0.065714 0.153756 
0.073457 0.137885 
0.073457 0.130962 
0.057143 0.141161 
0.099837 0.152904 
0.086897 0.141161 
0.085714 0.162255 
0.062662 0.128571 
0.073457 0.143570 
0.088571 0.150211 
0.094286 0.190467 
0.075809 0.135947 
0.077932 0.142399 
0.080812 0.168086 
0.072506 0.170378 
0.068868 0.139064 
0.075809 0.184192 
0.082065 0.139971 
0.067370 0.139854 
0.059178 0.128571 
0.100773 0.144024 
0.070218 0.154524 
0.068868 0.141825 
0.071657 0.169633 
0.094286 0.168450 
0.063888 0.166697 
0.079591 0.174379 
0.080255 0.151186 
0.062662 0.159182 
0.076931 0.201241 
0.070218 0.154629 
0.067673 0.167965 
0.087785 0.157765 
0.074286 0.137766 
0.091295 0.176958 
0.071429 0.143882 
0.067370 0.143683 
0.096637 0.151967 
0.067673 0.155156 
0.081266 0.150753 
0.083005 0.143882 
0.103372 0.165517 
0.083005 0.156205 
0.067370 0.163732 
0.077932 0.160840 
0.084805 0.146385 
0.086897 0.126781 
0.066639 0.151213 
0.082264 0.128571 
0.070218 0.122591 
0.073179 0.138476 
0.078818 0.165837 
0.057143 0.130931 
0.089260 0.145714 
0.068868 0.122057 
0.064143 0.147468 
0.054884 0.192958 
0.068868 0.134042 
0.090756 0.146385 
0.073457 0.150211 
0.078818 0.160509 
0.095661 0.177993 
0.091473 0.122857 
0.071429 0.152904 
0.067370 0.126620 
0.077932 0.112159 
0.071429 0.147468 
0.083005 0.152155 
0.089852 0.127807 
0.077932 0.143570 
0.084564 0.176126 
0.094761 0.137024 
0.054884 0.166599 
0.068868 0.181962 
0.085189 0.175290 
0.061012 0.156492 
0.076931 0.160840 
0.065714 0.124540 
0.083005 0.157143 
0.086897 0.134012 
0.080255 0.153037 
0.074560 0.160713 
0.089260 0.150347 
0.089852 0.132203 
0.117803 0.134771 
0.090351 0.117664 
0.069985 0.121084 
0.107703 0.127647 
0.065465 0.133524 
0.085189 0.189543 
0.079847 0.156074 
0.067673 0.153756 
0.100000 0.125357 
0.072506 0.130806 
0.076931 0.124409 
0.076931 0.145237 
0.065465 0.165147 
0.074560 0.144109 
0.074286 0.175220 
0.074560 0.130931 
0.078818 0.124540 
0.075809 0.110657 
0.086709 0.139503 
0.054884 0.129331 
0.065714 0.171524 
0.054884 0.119728 
0.078818 0.127263 
0.090351 0.147468 
0.062662 0.135947 
0.074560 0.167795 
0.059178 0.158153 
0.067370 0.151213 
0.066639 0.142399 
0.077143 0.159821 
0.059178 0.126362 
0.094761 0.164155 
0.061012 0.128571 
0.073457 0.132048 
0.057143 0.130806 
0.068868 0.151967 
0.074560 0.141969 
0.080255 0.159105 
0.107817 0.166010 
0.079591 0.104628 
0.084564 0.165517 
0.068868 0.126136 
0.073457 0.135104 
0.079591 0.161624 
0.091071 0.127807 
0.062662 0.175685 
0.083837 0.169898 
0.066639 0.161624 
0.085189 0.181063 
0.082065 0.159105 
0.107817 0.141825 
0.070218 0.130806 
0.059178 0.138476 
0.074560 0.149147 
0.074560 0.173346 
0.072506 0.140814 
0.075809 0.165640 
0.075809 0.151859 
0.076931 0.131832 
0.064143 0.112703 
0.067370 0.136905 
0.090756 0.160128 
0.057143 0.178999 
0.067370 0.143882 
0.078818 0.136905 
0.070218 0.130431 
0.077143 0.152824 
0.091473 0.154100 
0.075809 0.145686 
0.067673 0.152289 
0.086897 0.150211 
0.076931 0.132203 
0.063888 0.120678 
0.064143 0.153357 
0.070218 0.135255 
0.086897 0.143456 
0.085714 0.164130 
0.083837 0.192173 
0.057214 0.174169 
0.054884 0.156205 
0.057143 0.153862 
0.098188 0.190831 
0.074560 0.136457 
0.070218 0.155865 
0.052372 0.171524 
0.074560 0.159617 
0.073179 0.134892 
0.065465 0.167186 
0.083837 0.148461 
0.071429 0.177143 
0.083005 0.141392 
0.071657 0.165837 
0.070218 0.139503 
0.067370 0.129331 
0.077932 0.141825 
0.068868 0.138092 
0.084564 0.133890 
0.064143 0.160128 
0.078818 0.154286 
0.079847 0.145798 
0.068868 0.171452 
0.079591 0.129331 
0.065714 0.162255 
0.074560 0.122057 
0.095148 0.149147 
0.052372 0.154629 
0.075809 0.157946 
0.085714 0.139503 
0.059178 0.105521 
0.075809 0.157428 
0.091071 0.169537 
0.080255 0.130806 
0.084564 0.173887 
0.063888 0.164155 
0.071429 0.174379 
0.071657 0.146691 
0.090351 0.153437 
0.063888 0.132911 
0.070218 0.150889 
0.061012 0.150889 
0.070218 0.176705 
0.082610 0.162229 
0.046423 0.152690 
0.049570 0.137054 
0.083837 0.166599 
0.083005 0.141161 
0.059178 0.129961 
0.073179 0.156596 
0.065714 0.156909 
0.095831 0.130931 
0.071429 0.135104 
0.084564 0.153570 
0.095789 0.174004 
0.089852 0.156492 
0.073457 0.153224 
0.065465 0.191151 
0.082065 0.153968 
0.068868 0.126781 
0.099632 0.147385 
0.089852 0.186504 
0.081266 0.183036 
0.084564 0.145686 
0.074560 0.157428 
0.095661 0.155550 
0.090351 0.179091 
0.080812 0.159821 
0.072506 0.141825 
0.068868 0.154524 
0.070218 0.175871 
0.074286 0.169127 
0.066639 0.145012 
0.066639 0.149448 
0.082065 0.173535 
0.057143 0.137885 
0.079591 0.162028 
0.079847 0.172473 
0.065465 0.144448 
0.090756 0.155156 
0.054884 0.166206 
0.061012 0.129331 
0.073179 0.144448 
0.075809 0.162255 
0.075593 0.162154 
0.074997 0.182410 
0.064143 0.155996 
0.074560 0.137024 
0.091429 0.146385 
0.080812 0.187899 
0.083837 0.157143 
0.080812 0.139503 
0.078818 0.116724 
0.082065 0.134042 
0.091473 0.156518 
0.095148 0.125714 
0.077932 0.129804 
0.057143 0.146385 
0.066148 0.153862 
0.057143 0.148021 
0.052372 0.164230 
0.054884 0.159694 
0.068868 0.158462 
0.054884 0.164354 
0.051508 0.171809 
0.042857 0.137500 
0.049570 0.190831 
0.063888 0.144589 
0.082065 0.163857 
0.071429 0.175103 
0.082065 0.153224 
0.073179 0.166990 
0.057143 0.159617 
0.042857 0.171999 
0.065714 0.170856 
0.072506 0.111977 
0.090351 0.136905 
0.101459 0.151294 
0.071657 0.162732 
0.089852 0.144674 
0.085714 0.133064 
0.077932 0.152289 
0.090351 0.154524 
0.070218 0.157039 
0.061875 0.179432 
0.071429 0.183147 
0.068868 0.171643 
0.089260 0.162154 
0.080812 0.178999 
0.073457 0.142543 
0.073900 0.155996 
0.065714 0.141248 
0.076931 0.127903 
0.054884 0.158462 
0.054884 0.148709 
0.067370 0.180905 
0.072506 0.186941 
0.059178 0.158796 
0.074560 0.139503 
0.063888 0.171452 
0.042857 0.161144 
0.067370 0.166599 
0.052372 0.165837 
0.074997 0.190831 
0.062662 0.121218 
0.079591 0.164230 
0.080812 0.126620 
0.065714 0.150536 
0.085905 0.132048 
0.068571 0.156205 
0.094286 0.189866 
0.066639 0.143683 
0.065465 0.169633 
0.067673 0.149038 
0.067673 0.150347 
0.071429 0.159182 
0.071429 0.141969 
0.068868 0.137024 
0.063888 0.164130 
0.061875 0.161144 
0.094286 0.133064 
0.070218 0.153357 
0.085905 0.156492 
0.078558 0.109954 
0.107248 0.171643 
0.084805 0.198134 
0.077932 0.175103 
0.073179 0.175406 
0.080255 0.137024 
0.063888 0.142857 
0.068153 0.148351 
0.054884 0.136905 
0.065465 0.160127 
0.069985 0.154946 
0.076931 0.152369 
0.070218 0.123354 
0.079591 0.124409 
0.067370 0.143882 
0.076931 0.157143 
0.054884 0.141594 
0.083837 0.166697 
0.065714 0.171928 
0.076931 0.164726 
0.061875 0.171166 
0.061012 0.137054 
0.042857 0.159694 
0.067370 0.165640 
0.066148 0.185626 
0.063888 0.174004 
0.062662 0.214114 
0.065714 0.185516 
0.057143 0.163857 
0.073179 0.147607 
0.074286 0.164726 
0.074997 0.196396 
0.068868 0.142313 
0.054884 0.151967 
0.084805 0.146691 
0.104002 0.162229 
0.059178 0.128444 
0.068868 0.159617 
0.070218 0.178451 
0.085714 0.171643 
0.064143 0.160636 
0.068868 0.161725 
0.070218 0.138476 
0.087785 0.152369 
0.051508 0.169633 
0.083837 0.156909 
0.085189 0.169127 
0.083837 0.172023 
0.067370 0.149666 
0.076931 0.181063 
0.075593 0.161725 
0.067370 0.151294 
0.059659 0.160636 
0.089260 0.183303 
0.057143 0.147800 
0.089488 0.133676 
0.075809 0.170497 
0.068868 0.164850 
0.068868 0.128698 
0.103016 0.146691 
0.063888 0.148461 
0.061875 0.163857 
0.073457 0.161624 
0.070218 0.180272 
0.052372 0.146914 
0.061875 0.185362 
0.065714 0.156492 
0.075809 0.165023 
0.063888 0.156205 
0.071657 0.155340 
0.090351 0.157428 
0.061875 0.166697 
0.063888 0.179705 
0.057143 0.169537 
0.074286 0.164751 
0.072506 0.159182 
0.052372 0.171999 
0.063888 0.148159 
0.062662 0.137143 
0.068153 0.145714 
0.059178 0.167210 
0.073179 0.174169 
0.068868 0.128571 
0.063888 0.176335 
0.064143 0.142857 
0.083593 0.162255 
0.054884 0.148461 
0.077932 0.131832 
0.082264 0.154814 
0.046423 0.147607 
0.076931 0.156909 
0.089852 0.195061 
0.083593 0.170497 
0.083005 0.168159 
0.072506 0.187551 
0.074560 0.174169 
0.068868 0.156727 
0.076931 0.155472 
0.057143 0.122424 
0.063952 0.154524 
0.078818 0.138240 
0.092317 0.137766 
0.061012 0.170090 
0.104745 0.130806 
0.067370 0.146385 
0.090531 0.123089 
0.079847 0.159617 
0.073179 0.182522 
0.054884 0.165221 
0.095148 0.169633 
0.076931 0.144109 
0.075809 0.182410 
0.061012 0.178429 
0.071429 0.157946 
0.075809 0.143314 
0.065714 0.132203 
0.084564 0.149120 
0.063888 0.166010 
0.075809 0.171928 
0.073457 0.166599 
0.075809 0.148901 
0.072506 0.182253 
0.066639 0.131055 
0.068868 0.140437 
0.080255 0.133064 
0.091429 0.130931 
0.080255 0.153224 
0.069985 0.141248 
0.074286 0.135707 
0.074560 0.141161 
0.074560 0.117247 
0.103372 0.134134 
0.083837 0.152503 
0.061012 0.135857 
0.098520 0.161725 
0.078558 0.149993 
0.077932 0.130337 
0.065465 0.146385 
0.076931 0.150211 
0.080812 0.137766 
0.087785 0.141825 
0.065714 0.175406 
0.049570 0.158282 
0.088341 0.183503 
0.057143 0.159310 
0.081014 0.140669 
0.059178 0.164130 
0.065714 0.142313 
0.097980 0.139971 
0.082065 0.158075 
0.081014 0.149448 
0.057143 0.176126 
0.065714 0.192958 
0.085714 0.141738 
0.082065 0.163657 
0.071429 0.146385 
0.094761 0.154814 
0.063888 0.145686 
0.083837 0.157428 
0.085189 0.163532 
0.079591 0.173793 
0.083005 0.125714 
0.071429 0.150753 
0.054884 0.126781 
0.059659 0.165023 
0.065714 0.156492 
0.067673 0.169898 
0.089488 0.166990 
0.074286 0.173064 
0.054884 0.178794 
0.089852 0.178908 
0.095789 0.165640 
0.075809 0.152824 
0.065714 0.154100 
0.068868 0.171999 
0.068868 0.193781 
0.087785 0.145686 
0.072506 0.128540 
0.065714 0.164652 
0.071429 0.151186 
0.057143 0.147247 
0.082065 0.148351 
0.068868 0.149147 
0.074560 0.152369 
0.088571 0.162154 
0.089852 0.161346 
0.049570 0.139416 
0.049570 0.168765 
0.076931 0.145798 
0.079847 0.142857 
0.065714 0.138328 
0.061875 0.185692 
0.076931 0.178177 
0.073457 0.148159 
0.067370 0.169417 
0.061875 0.153862 
0.089260 0.183481 
0.070218 0.173887 
0.064143 0.177143 
0.061012 0.204520 
0.057143 0.159719 
0.052372 0.183414 
0.051508 0.148901 
0.068868 0.169031 
0.065714 0.184745 
0.067370 0.156909 
0.078818 0.169609 
0.081014 0.187355 
0.099345 0.167186 
0.077932 0.164726 
0.073179 0.158075 
0.078558 0.167673 
0.096637 0.192173 
0.061875 0.158796 
0.071657 0.183925 
0.086897 0.167673 
0.070218 0.205555 
0.090351 0.169633 
0.084564 0.196375 
0.075809 0.146691 
0.065465 0.182410 
0.086473 0.125714 
0.061875 0.132665 
0.069985 0.151967 
0.067370 0.163532 
0.067370 0.167210 
0.074997 0.196396 
0.085905 0.169537 
0.061875 0.164230 
0.067370 0.161725 
0.059659 0.130337 
0.065465 0.159719 
0.059178 0.159079 
0.054884 0.137054 
0.078818 0.148159 
0.083005 0.151859 
0.057143 0.147385 
0.073457 0.169127 
0.071657 0.150889 
0.059178 0.148021 
0.061875 0.162229 
0.077932 0.122057 
0.070218 0.174004 
0.076931 0.142399 
0.066148 0.148489 
0.049570 0.114143 
0.071429 0.124540 
0.078818 0.106292 
0.100000 0.156492 
0.054884 0.168086 
0.062662 0.164528 
0.061875 0.147800 
0.057143 0.145012 
0.082065 0.172875 
0.077932 0.147938 
0.068868 0.187704 
0.061012 0.182410 
0.065714 0.146914 
0.061012 0.162255 
0.063888 0.141017 
0.085189 0.161624 
0.052372 0.124409 
0.054884 0.152155 
0.061875 0.151294 
0.081014 0.150672 
0.098520 0.131708 
0.079591 0.145798 
0.077143 0.160636 
0.074560 0.157247 
0.057143 0.131708 
0.102579 0.152690 
0.091071 0.139971 
0.054511 0.153037 
0.070218 0.165640 
0.076931 0.163657 
0.061012 0.189973 
0.085714 0.147800 
0.067370 0.178977 
0.068868 0.154100 
0.042857 0.158796 
0.076931 0.164230 
0.038756 0.167210 
0.049570 0.168765 
0.065714 0.151859 
0.077932 0.187704 
0.077932 0.122691 
0.062662 0.162255 
0.054884 0.129331 
0.091071 0.140698 
0.068868 0.156492 
0.072506 0.160636 
0.076931 0.145378 
0.057143 0.158796 
0.078558 0.151294 
0.068868 0.161624 
0.084564 0.131429 
0.059178 0.164726 
0.061012 0.151752 
0.083005 0.149147 
0.079591 0.132295 
0.067370 0.160128 
0.067370 0.149147 
0.078818 0.162732 
0.061875 0.180272 
0.071657 0.164354 
0.057143 0.162154 
0.071657 0.154100 
0.073179 0.186941 
0.061875 0.148462 
0.080812 0.139650 
0.059178 0.146385 
0.077932 0.132449 
0.085905 0.163233 
0.068868 0.141594 
0.046423 0.173535 
0.054884 0.168086 
0.059178 0.176681 
0.065714 0.159694 
0.089852 0.142857 
0.067370 0.156074 
0.067370 0.154814 
0.068868 0.135707 
0.078818 0.141825 
0.086473 0.128920 
0.066639 0.143882 
0.065714 0.171333 
0.072506 0.140814 
0.085714 0.167210 
0.086142 0.129078 
0.062662 0.153862 
0.042857 0.136307 
0.054884 0.151752 
0.049570 0.180792 
0.070218 0.134042 
0.105984 0.152155 
0.062662 0.164726 
0.065714 0.166697 
0.061875 0.148901 
0.091071 0.154524 
0.071657 0.169248 
0.068868 0.147247 
0.083005 0.149803 
0.059659 0.160128 
0.079847 0.146830 
0.073179 0.152155 
0.077932 0.165517 
0.068868 0.197949 
0.086897 0.191663 
0.067370 0.169898 
0.082264 0.159719 
0.093066 0.153357 
0.073457 0.150347 
0.069985 0.164130 
0.068153 0.139269 
0.067370 0.147385 
0.054884 0.163857 
0.054884 0.166132 
0.057143 0.208003 
0.074560 0.151859 
0.068868 0.141017 
0.049570 0.154629 
0.067370 0.171809 
0.070218 0.171928 
0.078818 0.168450 
0.065714 0.146385 
0.049570 0.130180 
0.068153 0.137024 
0.059659 0.160840 
0.052372 0.164230 
0.061012 0.166599 
0.071429 0.194286 
0.090351 0.153570 
0.074997 0.136307 
0.079591 0.164751 
0.076931 0.156205 
0.054884 0.187878 
0.088571 0.184921 
0.061012 0.145012 
0.059178 0.174379 
0.073457 0.178999 
0.095661 0.201808 
0.049570 0.169730 
0.089852 0.200489 
0.067370 0.152904 
0.075593 0.169609 
0.064143 0.140669 
0.062662 0.166990 
0.108571 0.169127 
0.054884 0.186504 
0.083005 0.164130 
0.074560 0.147607 
0.064143 0.157117 
0.077932 0.163857 
0.070218 0.171643 
0.095661 0.140669 
0.090756 0.179432 
0.074286 0.178908 
0.052372 0.194705 
0.063888 0.154286 
0.061012 0.164354 
0.070218 0.171809 
0.086473 0.184302 
0.061875 0.159694 
0.076931 0.198854 
0.084564 0.149584 
0.057214 0.191855 
0.082065 0.171643 
0.068868 0.188571 
0.064143 0.176612 
0.062662 0.176335 
0.068868 0.158668 
0.072506 0.169248 
0.072506 0.173793 
0.075809 0.194223 
0.075809 0.159694 
0.095148 0.169248 
0.066639 0.156727 
0.075809 0.166010 
0.067370 0.157039 
0.089852 0.154418 
0.078818 0.137648 
0.082065 0.163032 
0.085714 0.149147 
0.098974 0.150672 
0.074997 0.154524 
0.071429 0.132911 
0.061012 0.150753 
0.082065 0.187878 
0.081014 0.125974 
0.089852 0.167308 
0.059659 0.149038 
0.077932 0.150889 
0.079591 0.138917 
0.077932 0.163857 
0.094761 0.181063 
0.065714 0.149038 
0.061012 0.158462 
0.097353 0.159079 
0.057143 0.183414 
0.063888 0.157143 
0.076931 0.148901 
0.075809 0.159694 
0.068868 0.122424 
0.066148 0.133432 
0.068868 0.174379 
0.061875 0.162154 
0.079591 0.168450 
0.071429 0.135857 
0.065465 0.181265 
0.089260 0.135857 
