0.403870 0.403869 
0.412063 0.412063 
0.416251 0.416251 
0.411319 0.411319 
0.407842 0.407841 
0.412222 0.412221 
0.415229 0.415231 
0.406318 0.406317 
0.407241 0.407241 
0.393581 0.393581 
0.382431 0.382431 
0.386771 0.386771 
0.401273 0.401273 
0.394958 0.394958 
0.388865 0.388866 
0.378061 0.378061 
0.385450 0.385450 
0.391346 0.391346 
0.379312 0.379312 
0.375462 0.375461 
0.386507 0.386507 
0.373937 0.373937 
0.379312 0.379312 
0.379355 0.379355 
0.376548 0.376547 
0.368737 0.368738 
0.367907 0.367906 
0.360963 0.360963 
0.366172 0.366172 
0.372800 0.372800 
0.375593 0.375592 
0.378278 0.378278 
0.370725 0.370725 
0.372187 0.372185 
0.371824 0.371824 
0.373893 0.373893 
0.375624 0.375624 
0.379001 0.378999 
0.380118 0.380118 
0.376883 0.376883 
0.379569 0.379570 
0.378492 0.378493 
0.376839 0.376841 
0.375754 0.375756 
0.376244 0.376243 
0.369931 0.369932 
0.378234 0.378234 
0.381458 0.381458 
0.381202 0.381201 
0.382995 0.382996 
0.389704 0.389704 
0.376070 0.376070 
0.378838 0.378839 
0.368394 0.368394 
0.364820 0.364820 
0.377197 0.377197 
0.374754 0.374754 
0.374232 0.374231 
0.376547 0.376548 
0.379431 0.379431 
0.372131 0.372132 
0.374318 0.374319 
0.362543 0.362542 
0.364562 0.364564 
0.357782 0.357783 
0.361188 0.361189 
0.367051 0.367051 
0.374983 0.374983 
0.378440 0.378439 
0.373412 0.373413 
0.379355 0.379355 
0.385757 0.385757 
0.369986 0.369987 
0.383922 0.383921 
0.377705 0.377706 
0.378061 0.378061 
0.375798 0.375798 
0.375680 0.375679 
0.382003 0.382004 
0.385704 0.385703 
0.373848 0.373850 
0.375896 0.375896 
0.373620 0.373620 
0.374711 0.374711 
0.373357 0.373357 
0.362812 0.362812 
0.355068 0.355069 
0.371164 0.371164 
0.369710 0.369711 
0.378009 0.378008 
0.375593 0.375592 
0.378839 0.378838 
0.387562 0.387562 
0.388287 0.388287 
0.394129 0.394130 
0.395444 0.395444 
0.390708 0.390708 
0.389662 0.389662 
0.394493 0.394492 
0.394875 0.394876 
0.393457 0.393456 
0.375244 0.375243 
0.363611 0.363609 
0.357326 0.357326 
0.357326 0.357326 
0.350905 0.350905 
0.349051 0.349051 
0.357143 0.357143 
0.353224 0.353224 
0.351568 0.351568 
0.352820 0.352819 
0.352207 0.352205 
0.353975 0.353974 
0.355711 0.355711 
0.351092 0.351092 
0.346987 0.346986 
0.349332 0.349331 
0.346410 0.346410 
0.345184 0.345181 
0.345184 0.345181 
0.350405 0.350405 
0.351661 0.351661 
0.353975 0.353975 
0.358557 0.358557 
0.360226 0.360228 
0.358557 0.358557 
0.356273 0.356272 
0.360827 0.360826 
0.349879 0.349882 
0.340419 0.340421 
0.335443 0.335443 
0.334920 0.334920 
0.335591 0.335588 
0.338653 0.338653 
0.342250 0.342250 
0.342857 0.342857 
0.336805 0.336802 
0.328870 0.328869 
0.340959 0.340959 
0.340276 0.340276 
0.340276 0.340276 
0.341473 0.341473 
0.347398 0.347398 
0.348068 0.348068 
0.347541 0.347538 
0.352820 0.352819 
0.353409 0.353409 
0.353409 0.353409 
0.358557 0.358557 
0.359137 0.359137 
0.351661 0.351660 
0.352252 0.352252 
0.351568 0.351568 
0.344532 0.344532 
0.346221 0.346221 
0.346221 0.346221 
0.346705 0.346705 
0.346705 0.346705 
0.343617 0.343619 
0.349051 0.349051 
0.349939 0.349939 
0.345984 0.345986 
0.344057 0.344057 
0.338495 0.338497 
0.340817 0.340815 
0.340898 0.340900 
0.340898 0.340900 
0.341665 0.341665 
0.345574 0.345573 
0.351430 0.351429 
0.348537 0.348537 
0.347632 0.347633 
0.345749 0.345749 
0.342392 0.342393 
0.339795 0.339795 
0.343582 0.343583 
0.347880 0.347880 
0.346456 0.346457 
0.347880 0.347880 
0.346928 0.346928 
0.348301 0.348302 
0.348301 0.348302 
0.344566 0.344566 
0.344768 0.344769 
0.344946 0.344947 
0.349471 0.349472 
0.349471 0.349472 
0.349471 0.349472 
0.353131 0.353133 
0.351092 0.351092 
0.346127 0.346128 
0.346127 0.346128 
0.342392 0.342393 
0.346928 0.346928 
0.336172 0.336172 
0.337833 0.337833 
0.337833 0.337833 
0.334468 0.334469 
0.333503 0.333503 
0.328807 0.328807 
0.333943 0.333944 
0.334725 0.334725 
0.334956 0.334956 
0.335942 0.335942 
0.342189 0.342189 
0.337590 0.337591 
0.337384 0.337384 
0.339568 0.339568 
0.333883 0.333882 
0.333883 0.333882 
0.337531 0.337530 
0.341438 0.341438 
0.344391 0.344389 
0.350580 0.350579 
0.350580 0.350579 
0.352901 0.352900 
0.350580 0.350579 
0.347070 0.347069 
0.349414 0.349413 
0.340468 0.340468 
0.340095 0.340097 
0.340480 0.340480 
0.342094 0.342095 
0.346410 0.346410 
0.347586 0.347586 
0.347586 0.347586 
0.347586 0.347586 
0.353409 0.353409 
0.353745 0.353744 
0.354204 0.354206 
0.354204 0.354206 
0.352589 0.352588 
0.346044 0.346045 
0.349565 0.349566 
0.338832 0.338834 
0.324521 0.324521 
0.324521 0.324521 
0.320726 0.320726 
0.321171 0.321172 
0.321171 0.321172 
0.330750 0.330750 
0.331982 0.331982 
0.331588 0.331589 
0.336476 0.336477 
0.339267 0.339267 
0.343285 0.343286 
0.344863 0.344864 
0.340817 0.340815 
0.343203 0.343202 
0.333554 0.333552 
0.335103 0.335102 
0.335408 0.335408 
0.325213 0.325212 
0.325213 0.325212 
0.326129 0.326128 
0.318876 0.318875 
0.317915 0.317915 
0.319758 0.319758 
0.313310 0.313310 
0.308531 0.308532 
0.296773 0.296771 
0.299660 0.299660 
0.295545 0.295545 
0.301140 0.301140 
0.297046 0.297046 
0.305180 0.305180 
0.305180 0.305180 
0.305180 0.305180 
0.307579 0.307577 
0.308730 0.308731 
0.308531 0.308532 
0.304913 0.304912 
0.304738 0.304739 
0.304738 0.304739 
0.302372 0.302372 
0.299511 0.299509 
0.296593 0.296594 
0.293827 0.293829 
0.295394 0.295393 
0.295394 0.295393 
0.293618 0.293620 
0.296773 0.296771 
0.299332 0.299334 
0.295669 0.295669 
0.295766 0.295766 
0.292895 0.292895 
0.285943 0.285943 
0.281526 0.281526 
0.280175 0.280175 
0.280175 0.280175 
0.278611 0.278611 
0.280073 0.280073 
0.280073 0.280073 
0.281702 0.281699 
0.284512 0.284512 
0.287139 0.287139 
0.285714 0.285714 
0.287267 0.287267 
0.293064 0.293061 
0.293064 0.293061 
0.298583 0.298580 
0.301140 0.301140 
0.298514 0.298514 
0.295669 0.295669 
0.288217 0.288219 
0.288217 0.288219 
0.288217 0.288219 
0.288217 0.288219 
0.294009 0.294008 
0.296386 0.296387 
0.297526 0.297526 
0.297526 0.297526 
0.294770 0.294770 
0.294770 0.294770 
0.291036 0.291037 
0.291036 0.291037 
0.288403 0.288401 
0.289178 0.289178 
0.290023 0.290025 
0.288289 0.288289 
0.283262 0.283261 
0.283262 0.283261 
0.283262 0.283261 
0.282208 0.282206 
0.274106 0.274107 
0.274420 0.274420 
0.270463 0.270465 
0.268404 0.268404 
0.268404 0.268404 
0.268083 0.268085 
0.269921 0.269921 
0.269601 0.269603 
0.268083 0.268085 
0.272613 0.272614 
0.272613 0.272614 
0.270767 0.270767 
0.269255 0.269255 
0.271111 0.271113 
0.265345 0.265345 
0.255613 0.255615 
0.258426 0.258426 
0.251120 0.251120 
0.251120 0.251120 
0.251428 0.251428 
0.252399 0.252401 
0.252399 0.252401 
0.252399 0.252401 
0.252399 0.252401 
0.245466 0.245466 
0.242117 0.242117 
0.235674 0.235675 
0.235674 0.235675 
0.233536 0.233536 
0.234843 0.234842 
0.237399 0.237401 
0.237399 0.237401 
0.237399 0.237401 
0.240813 0.240815 
0.240813 0.240815 
0.237762 0.237762 
0.236575 0.236573 
0.236797 0.236799 
0.236797 0.236799 
0.234494 0.234495 
0.237349 0.237349 
0.230368 0.230368 
0.234979 0.234983 
0.226127 0.226131 
0.222488 0.222492 
0.220129 0.220130 
0.219479 0.219479 
0.218788 0.218792 
0.218788 0.218792 
0.218788 0.218792 
0.217612 0.217612 
0.217612 0.217612 
0.217612 0.217612 
0.217612 0.217612 
0.217612 0.217612 
0.217612 0.217612 
0.217612 0.217612 
0.214494 0.214496 
0.216915 0.216918 
0.218062 0.218062 
0.215406 0.215406 
0.215406 0.215406 
0.215406 0.215406 
0.224315 0.224319 
0.223168 0.223168 
0.223168 0.223168 
0.223168 0.223168 
0.226127 0.226131 
0.225425 0.225425 
0.225425 0.225425 
0.225425 0.225425 
0.224681 0.224681 
0.224681 0.224681 
0.220223 0.220223 
0.220223 0.220223 
0.220223 0.220223 
0.220223 0.220223 
0.220223 0.220223 
0.217293 0.217293 
0.217293 0.217293 
0.217293 0.217293 
0.214286 0.214286 
0.214286 0.214286 
0.212680 0.212680 
0.212680 0.212680 
0.211812 0.211816 
0.211812 0.211816 
0.211812 0.211816 
0.210752 0.210752 
0.210752 0.210752 
0.211812 0.211816 
0.208963 0.208963 
0.208963 0.208963 
0.205019 0.205019 
0.205019 0.205019 
0.206032 0.206032 
0.206032 0.206032 
0.206032 0.206032 
0.205019 0.205017 
0.205019 0.205017 
0.207926 0.207923 
0.207926 0.207923 
0.207926 0.207923 
0.208806 0.208806 
0.203720 0.203720 
0.204540 0.204540 
0.209975 0.209977 
0.208707 0.208709 
0.208707 0.208709 
0.208707 0.208709 
0.208707 0.208709 
0.206051 0.206053 
0.206051 0.206053 
0.206051 0.206053 
0.208707 0.208709 
0.205318 0.205316 
0.205318 0.205316 
0.206526 0.206526 
0.206526 0.206526 
0.206526 0.206526 
0.207689 0.207689 
0.212372 0.212372 
0.212372 0.212372 
0.212372 0.212372 
0.213122 0.213120 
0.204060 0.204062 
0.204758 0.204760 
0.204758 0.204760 
0.204060 0.204062 
0.204060 0.204062 
0.204060 0.204062 
0.204060 0.204062 
0.204060 0.204062 
0.204060 0.204062 
0.204060 0.204062 
0.199365 0.199365 
0.198688 0.198690 
0.198688 0.198690 
0.198688 0.198690 
0.197307 0.197307 
0.197307 0.197307 
0.197307 0.197307 
0.197307 0.197307 
0.197307 0.197307 
0.189542 0.189545 
0.188746 0.188744 
0.188746 0.188744 
0.188746 0.188744 
0.187899 0.187899 
0.187899 0.187899 
0.187899 0.187899 
0.187899 0.187899 
0.187899 0.187899 
0.195542 0.195542 
0.195542 0.195542 
0.194643 0.194643 
0.194643 0.194643 
0.194643 0.194643 
0.194643 0.194643 
0.194643 0.194643 
0.193443 0.193443 
0.194307 0.194307 
0.194307 0.194307 
0.194307 0.194307 
0.193443 0.193443 
0.193443 0.193443 
0.194643 0.194643 
0.194643 0.194643 
0.194643 0.194643 
0.191322 0.191322 
0.191322 0.191322 
0.183503 0.183503 
0.183503 0.183503 
0.183503 0.183503 
0.183503 0.183503 
0.183503 0.183503 
0.182589 0.182589 
0.182589 0.182589 
0.187006 0.187006 
0.185714 0.185714 
0.179364 0.179364 
0.179364 0.179364 
0.179364 0.179364 
0.185078 0.185074 
0.185078 0.185074 
0.185078 0.185074 
0.185078 0.185074 
0.185078 0.185074 
0.185078 0.185074 
0.179364 0.179364 
0.179364 0.179364 
0.179364 0.179364 
0.179364 0.179364 
0.180339 0.180339 
0.180339 0.180339 
0.180339 0.180339 
0.180339 0.180339 
0.180339 0.180339 
0.177074 0.177074 
0.177074 0.177074 
0.173701 0.173697 
0.173701 0.173697 
0.167600 0.167600 
0.163732 0.163732 
0.163732 0.163732 
0.163732 0.163732 
0.164751 0.164751 
0.160714 0.160712 
0.151212 0.151215 
0.151212 0.151215 
0.151212 0.151215 
0.151212 0.151215 
0.151212 0.151215 
0.146385 0.146385 
0.146385 0.146385 
0.146385 0.146385 
0.146385 0.146385 
0.146385 0.146385 
0.146385 0.146385 
0.146385 0.146385 
0.146385 0.146385 
0.146385 0.146385 
0.147470 0.147467 
0.147470 0.147467 
0.145714 0.145716 
0.145714 0.145716 
0.149446 0.149449 
0.150345 0.150345 
0.150345 0.150345 
0.151186 0.151186 
0.151186 0.151186 
0.151186 0.151186 
0.151186 0.151186 
0.151186 0.151186 
0.151186 0.151186 
0.151186 0.151186 
0.151186 0.151186 
0.151186 0.151186 
0.151964 0.151967 
0.152692 0.152692 
0.152692 0.152692 
0.149995 0.149995 
0.147940 0.147937 
0.147940 0.147937 
0.147940 0.147937 
0.144450 0.144450 
0.144450 0.144450 
0.144450 0.144450 
0.144450 0.144450 
0.144450 0.144450 
0.143681 0.143683 
0.143681 0.143683 
0.143681 0.143683 
0.142857 0.142857 
0.142857 0.142857 
0.142857 0.142857 
0.142857 0.142857 
0.142857 0.142857 
0.142857 0.142857 
0.140811 0.140814 
0.142857 0.142857 
0.142857 0.142857 
0.142857 0.142857 
0.142857 0.142857 
0.142857 0.142857 
0.142857 0.142857 
0.142857 0.142857 
0.142857 0.142857 
0.142857 0.142857 
0.142857 0.142857 
0.140811 0.140814 
0.140811 0.140814 
0.140811 0.140814 
0.140811 0.140814 
0.140811 0.140814 
0.140811 0.140814 
0.135708 0.135708 
0.135708 0.135708 
0.127169 0.127166 
0.127169 0.127166 
0.127169 0.127166 
0.127906 0.127903 
0.127906 0.127903 
0.127906 0.127903 
0.128571 0.128571 
0.128571 0.128571 
0.128571 0.128571 
0.128571 0.128571 
0.128571 0.128571 
0.128571 0.128571 
0.128571 0.128571 
0.128571 0.128571 
0.127906 0.127903 
0.127906 0.127903 
0.127906 0.127903 
0.128571 0.128571 
0.128571 0.128571 
0.128571 0.128571 
0.129171 0.129175 
0.129171 0.129175 
0.129171 0.129175 
0.129171 0.129175 
0.132817 0.132820 
0.132817 0.132820 
0.132817 0.132820 
0.132817 0.132820 
0.132817 0.132820 
0.132817 0.132820 
0.129171 0.129175 
0.126521 0.126525 
0.126521 0.126525 
0.126521 0.126525 
0.127006 0.127006 
0.127006 0.127006 
0.127006 0.127006 
0.127419 0.127425 
0.127419 0.127425 
0.127419 0.127425 
0.127419 0.127425 
0.124540 0.124540 
0.124540 0.124540 
0.124834 0.124834 
0.125064 0.125064 
0.125064 0.125064 
0.125064 0.125064 
0.125064 0.125064 
0.125064 0.125064 
0.128441 0.128447 
0.128441 0.128447 
0.128441 0.128447 
0.128441 0.128447 
0.128441 0.128447 
0.128441 0.128447 
0.128441 0.128447 
0.128441 0.128447 
0.128441 0.128447 
0.128441 0.128447 
0.128441 0.128447 
0.128441 0.128447 
0.125322 0.125325 
0.125322 0.125325 
0.121920 0.121927 
0.121920 0.121927 
0.122021 0.122025 
0.122021 0.122025 
0.122021 0.122025 
0.122021 0.122025 
0.122057 0.122057 
0.122057 0.122057 
0.122057 0.122057 
0.122057 0.122057 
0.122057 0.122057 
0.122057 0.122057 
0.122057 0.122057 
0.122057 0.122057 
0.122057 0.122057 
0.122025 0.122021 
0.122025 0.122021 
0.128571 0.128571 
0.125325 0.125322 
0.125325 0.125322 
0.125325 0.125322 
0.125229 0.125223 
0.122025 0.122021 
0.122025 0.122021 
0.122025 0.122021 
0.122025 0.122021 
0.122025 0.122021 
0.122025 0.122021 
0.122025 0.122021 
0.122025 0.122021 
0.122025 0.122021 
0.122025 0.122021 
0.122025 0.122021 
0.122025 0.122021 
0.122025 0.122021 
0.122025 0.122021 
0.115037 0.115030 
0.115037 0.115030 
0.115037 0.115030 
0.115037 0.115030 
0.115037 0.115030 
0.114853 0.114856 
0.114853 0.114856 
0.114853 0.114856 
0.114853 0.114856 
0.114853 0.114856 
0.114853 0.114856 
0.114853 0.114856 
0.114853 0.114856 
0.114853 0.114856 
0.114853 0.114856 
0.114853 0.114856 
0.111432 0.111425 
0.111432 0.111425 
0.107511 0.107514 
0.107247 0.107247 
0.107247 0.107247 
0.107247 0.107247 
0.107247 0.107247 
0.107247 0.107247 
0.107247 0.107247 
0.107247 0.107247 
0.107247 0.107247 
0.107247 0.107247 
0.107247 0.107247 
0.107247 0.107247 
0.107247 0.107247 
0.107247 0.107247 
0.107247 0.107247 
0.107247 0.107247 
0.107247 0.107247 
0.107247 0.107247 
0.103016 0.103016 
0.094288 0.094284 
0.094288 0.094284 
0.094288 0.094284 
0.094288 0.094284 
0.094288 0.094284 
0.093720 0.093724 
0.093720 0.093724 
0.093720 0.093724 
0.093067 0.093067 
0.093067 0.093067 
0.093067 0.093067 
0.093067 0.093067 
0.093067 0.093067 
0.093067 0.093067 
0.093067 0.093067 
0.093067 0.093067 
0.093067 0.093067 
0.093067 0.093067 
0.093067 0.093067 
0.093067 0.093067 
0.093067 0.093067 
0.093067 0.093067 
0.093067 0.093067 
0.093067 0.093067 
0.093067 0.093067 
0.093067 0.093067 
0.093067 0.093067 
0.093067 0.093067 
0.093067 0.093067 
0.093067 0.093067 
0.093067 0.093067 
0.093067 0.093067 
0.093067 0.093067 
0.093067 0.093067 
0.093067 0.093067 
0.093067 0.093067 
0.092319 0.092315 
0.092319 0.092315 
0.092319 0.092315 
0.092319 0.092315 
0.092319 0.092315 
0.092319 0.092315 
0.092319 0.092315 
0.092319 0.092315 
0.092319 0.092315 
0.092319 0.092315 
0.091473 0.091473 
0.091473 0.091473 
0.091473 0.091473 
0.092319 0.092315 
0.092319 0.092315 
0.092319 0.092315 
0.092319 0.092315 
0.082065 0.082065 
0.082065 0.082065 
0.082065 0.082065 
0.082065 0.082065 
0.082065 0.082065 
0.082065 0.082065 
0.082065 0.082065 
0.082065 0.082065 
0.082065 0.082065 
0.082065 0.082065 
0.082065 0.082065 
0.082065 0.082065 
0.082065 0.082065 
0.082065 0.082065 
0.082065 0.082065 
0.082065 0.082065 
0.082065 0.082065 
0.082065 0.082065 
0.082065 0.082065 
0.082065 0.082065 
0.082065 0.082065 
0.082065 0.082065 
0.082065 0.082065 
0.082065 0.082065 
0.082065 0.082065 
0.082065 0.082065 
0.082065 0.082065 
0.082065 0.082065 
0.082065 0.082065 
0.082065 0.082065 
0.082065 0.082065 
0.082065 0.082065 
0.082065 0.082065 
0.082065 0.082065 
0.082065 0.082065 
0.082065 0.082065 
0.082065 0.082065 
0.082065 0.082065 
0.082065 0.082065 
0.082065 0.082065 
0.082065 0.082065 
0.082065 0.082065 
0.082065 0.082065 
0.082065 0.082065 
0.082065 0.082065 
0.082065 0.082065 
0.081014 0.081014 
0.081014 0.081014 
0.081014 0.081014 
0.081014 0.081014 
0.081014 0.081014 
0.081014 0.081014 
0.081014 0.081014 
0.081014 0.081014 
0.081014 0.081014 
0.081014 0.081014 
0.079845 0.079850 
0.079845 0.079850 
0.079845 0.079850 
0.079845 0.079850 
0.079845 0.079850 
0.079845 0.079850 
0.079845 0.079850 
0.079845 0.079850 
0.079845 0.079850 
0.079845 0.079850 
0.079845 0.079850 
0.079845 0.079850 
0.079845 0.079850 
0.079845 0.079850 
0.079845 0.079850 
0.079845 0.079850 
0.079845 0.079850 
0.073182 0.073176 
0.073182 0.073176 
0.073182 0.073176 
0.073182 0.073176 
0.073182 0.073176 
0.073182 0.073176 
0.073182 0.073176 
0.073182 0.073176 
0.073182 0.073176 
0.073182 0.073176 
0.073182 0.073176 
0.073182 0.073176 
0.073182 0.073176 
0.073182 0.073176 
0.065715 0.065715 
0.065715 0.065715 
0.065715 0.065715 
0.065715 0.065715 
0.065715 0.065715 
0.065715 0.065715 
0.065715 0.065715 
0.065715 0.065715 
0.065715 0.065715 
0.065715 0.065715 
0.065715 0.065715 
0.065715 0.065715 
0.065715 0.065715 
0.065715 0.065715 
0.065715 0.065715 
0.065715 0.065715 
0.065715 0.065715 
0.065715 0.065715 
0.065715 0.065715 
0.065715 0.065715 
0.065715 0.065715 
0.065715 0.065715 
0.065715 0.065715 
0.065715 0.065715 
0.065715 0.065715 
0.065715 0.065715 
0.065715 0.065715 
0.065715 0.065715 
0.065715 0.065715 
0.067374 0.067368 
0.067374 0.067368 
0.067374 0.067368 
0.067374 0.067368 
0.067374 0.067368 
0.067374 0.067368 
0.067374 0.067368 
0.067374 0.067368 
0.067374 0.067368 
0.067374 0.067368 
0.067374 0.067368 
0.067374 0.067368 
0.067374 0.067368 
0.065715 0.065715 
0.065715 0.065715 
0.065715 0.065715 
0.065715 0.065715 
0.065715 0.065715 
0.065715 0.065715 
0.065715 0.065715 
0.065715 0.065715 
0.065715 0.065715 
0.065715 0.065715 
0.065715 0.065715 
0.065715 0.065715 
0.065715 0.065715 
0.065715 0.065715 
0.065715 0.065715 
0.065715 0.065715 
0.065715 0.065715 
0.065715 0.065715 
0.065715 0.065715 
0.065715 0.065715 
0.065715 0.065715 
0.065715 0.065715 
0.065715 0.065715 
0.065715 0.065715 
0.065715 0.065715 
0.065715 0.065715 
0.065715 0.065715 
0.065715 0.065715 
0.065715 0.065715 
0.065715 0.065715 
0.065715 0.065715 
0.065715 0.065715 
0.065715 0.065715 
0.065715 0.065715 
0.065715 0.065715 
0.065715 0.065715 
0.065715 0.065715 
0.065715 0.065715 
0.065715 0.065715 
0.065715 0.065715 
0.065715 0.065715 
0.065715 0.065715 
0.065715 0.065715 
0.065715 0.065715 
0.065715 0.065715 
0.065715 0.065715 
0.065715 0.065715 
0.065715 0.065715 
0.065715 0.065715 
0.065715 0.065715 
0.065715 0.065715 
0.065715 0.065715 
0.065715 0.065715 
0.065715 0.065715 
0.065715 0.065715 
0.065715 0.065715 
0.065715 0.065715 
0.065715 0.065715 
0.065715 0.065715 
0.065715 0.065715 
0.065715 0.065715 
0.065715 0.065715 
0.065715 0.065715 
0.061016 0.061009 
0.061016 0.061009 
0.061016 0.061009 
0.061016 0.061009 
0.061016 0.061009 
0.061016 0.061009 
0.061016 0.061009 
0.061016 0.061009 
0.061016 0.061009 
0.061016 0.061009 
0.061016 0.061009 
0.061016 0.061009 
0.061016 0.061009 
0.061016 0.061009 
0.061016 0.061009 
0.061016 0.061009 
0.061016 0.061009 
