0.111917 
0.126672 
0.136090 
0.138505 
0.138505 
0.138229 
0.144279 
0.150848 
0.143836 
0.144190 
0.143392 
0.144013 
0.149745 
0.152362 
0.152780 
0.150848 
0.155839 
0.179213 
0.187492 
0.191530 
0.210260 
0.213570 
0.222921 
0.225538 
0.226497 
0.227453 
0.233758 
0.243067 
0.241171 
0.243172 
0.249336 
0.252841 
0.247848 
0.245988 
0.245729 
0.246868 
0.261667 
0.262445 
0.262979 
0.266113 
0.277332 
0.277838 
0.286561 
0.285446 
0.284147 
0.280942 
0.282165 
0.280169 
0.280351 
0.285446 
0.285580 
0.285178 
0.285536 
0.284865 
0.284775 
0.293553 
0.299575 
0.296880 
0.299575 
0.308510 
0.313392 
0.322538 
0.323840 
0.329463 
0.329076 
0.329347 
0.323998 
0.318839 
0.325216 
0.323328 
0.326742 
0.330777 
0.330314 
0.339004 
0.334038 
0.335790 
0.334992 
0.344268 
0.353878 
0.349672 
0.348356 
0.352288 
0.359776 
0.366555 
0.364461 
0.361050 
0.361967 
0.376612 
0.370948 
0.366659 
0.372218 
0.367458 
0.376172 
0.370913 
0.366206 
0.359847 
0.356964 
0.353409 
0.373381 
0.371463 
0.375663 
0.368325 
0.370776 
0.369155 
0.369155 
0.368290 
0.367493 
0.375187 
0.375493 
0.373893 
0.368567 
0.373142 
0.377964 
0.382160 
0.379379 
0.381558 
0.374949 
0.387002 
0.383825 
0.383825 
0.377526 
0.373381 
0.371154 
0.381859 
0.381625 
0.381123 
0.383193 
0.385284 
0.382426 
0.384986 
0.389105 
0.388876 
0.390512 
0.412032 
0.406296 
0.408269 
0.411164 
0.411319 
0.409984 
0.407863 
0.407863 
0.408332 
0.404219 
0.399904 
0.398114 
0.401782 
0.401718 
0.401718 
0.405196 
0.405416 
0.404156 
0.400765 
0.390708 
0.390676 
0.392727 
0.392727 
0.387595 
0.384986 
0.394315 
0.390643 
0.396026 
0.396348 
0.395252 
0.393733 
0.405951 
0.412434 
0.412805 
0.419669 
0.414563 
0.425495 
0.431449 
0.443289 
0.439387 
0.442771 
0.443030 
0.454456 
0.451161 
0.456640 
0.452713 
0.463103 
0.462414 
0.462414 
0.461779 
0.454428 
0.450793 
0.440141 
0.440141 
0.440141 
0.435802 
0.455214 
0.461060 
0.461060 
0.460174 
0.458452 
0.468089 
0.478305 
0.478305 
0.500077 
0.493917 
0.493865 
0.487732 
0.488855 
0.488098 
0.498876 
0.502113 
0.501732 
0.504748 
0.499872 
0.505480 
0.505480 
0.503964 
0.502037 
0.492287 
0.491380 
0.487235 
0.489820 
0.502545 
0.494949 
0.490574 
0.492080 
0.491873 
0.494201 
0.494330 
0.499464 
0.498646 
0.498646 
0.498646 
0.516908 
0.513889 
0.519812 
0.519812 
0.530522 
0.539132 
0.533639 
0.532083 
0.530595 
0.530595 
0.539629 
0.535905 
0.529777 
0.526419 
0.526880 
0.544429 
0.569528 
0.571250 
0.574678 
0.578571 
0.577579 
0.571295 
0.581496 
0.575322 
0.574589 
0.571696 
0.571696 
0.572833 
0.574234 
0.575521 
0.566902 
0.571585 
0.583117 
0.580882 
0.590335 
0.592276 
0.584232 
0.576318 
0.560225 
0.560225 
0.560225 
0.555331 
0.553260 
0.560134 
0.551390 
0.547816 
0.547816 
0.542293 
0.539983 
0.537734 
0.547070 
0.559040 
0.552799 
0.557189 
0.551644 
0.546347 
0.567644 
0.570334 
0.566114 
0.566452 
0.560976 
0.566947 
0.566947 
0.564647 
0.566069 
0.566069 
0.560794 
0.558880 
0.546020 
0.542458 
0.540998 
0.541752 
0.541752 
0.551552 
0.554596 
0.550093 
0.546464 
0.550023 
0.550023 
0.550023 
0.550023 
0.540951 
0.535524 
0.530474 
0.530474 
0.548607 
0.548607 
0.540715 
0.540715 
0.548932 
0.548909 
0.537805 
0.533687 
0.538564 
0.538564 
0.538564 
0.534451 
0.526662 
0.525522 
0.519493 
0.516044 
0.516044 
0.518436 
0.513889 
0.515945 
0.525134 
0.524210 
0.524210 
0.523211 
0.535595 
0.529777 
0.536048 
0.549025 
0.549745 
0.557715 
0.557715 
0.554504 
0.565843 
0.570557 
0.570557 
0.570557 
0.567374 
0.563969 
0.558264 
0.558264 
0.563154 
0.559564 
0.549188 
0.549188 
0.549188 
0.545576 
0.545576 
0.541563 
0.559085 
0.555538 
0.555538 
0.552822 
0.563652 
0.569506 
0.559222 
0.572699 
0.579475 
0.600722 
0.594554 
0.592986 
0.592986 
0.592986 
0.590572 
0.590572 
0.590572 
0.590572 
0.590572 
0.590572 
0.590572 
0.579519 
0.594833 
0.588733 
0.584886 
0.584886 
0.584886 
0.570513 
0.566924 
0.566924 
0.566924 
0.563222 
0.560521 
0.560521 
0.560521 
0.557761 
0.557761 
0.552614 
0.552614 
0.552614 
0.552614 
0.552614 
0.553145 
0.553145 
0.553145 
0.546394 
0.546394 
0.536595 
0.536595 
0.533352 
0.533352 
0.533352 
0.540526 
0.540526 
0.540573 
0.541987 
0.541987 
0.538256 
0.538256 
0.530619 
0.530619 
0.530619 
0.526855 
0.526855 
0.521502 
0.521502 
0.521502 
0.535833 
0.534427 
0.548095 
0.537639 
0.533352 
0.533352 
0.533352 
0.533352 
0.532227 
0.532227 
0.532227 
0.537616 
0.555377 
0.555377 
0.545365 
0.545365 
0.545365 
0.544078 
0.542669 
0.542669 
0.542669 
0.540762 
0.535071 
0.532945 
0.532945 
0.537165 
0.537165 
0.537165 
0.537165 
0.537165 
0.537165 
0.537165 
0.534355 
0.538114 
0.538114 
0.538114 
0.541634 
0.541634 
0.541634 
0.541634 
0.541634 
0.542269 
0.545529 
0.545529 
0.545529 
0.537853 
0.537711 
0.537711 
0.537711 
0.537711 
0.521575 
0.521575 
0.513193 
0.513193 
0.513193 
0.513193 
0.513193 
0.506665 
0.502849 
0.502849 
0.502849 
0.505203 
0.517574 
0.513069 
0.513069 
0.513069 
0.511276 
0.511276 
0.503407 
0.503407 
0.503407 
0.503407 
0.503407 
0.504925 
0.504925 
0.504065 
0.505581 
0.498672 
0.498672 
0.498672 
0.482579 
0.482579 
0.482579 
0.482579 
0.482579 
0.482579 
0.477878 
0.477878 
0.477878 
0.477878 
0.486999 
0.486999 
0.486999 
0.486999 
0.486999 
0.495747 
0.495747 
0.489950 
0.489950 
0.480513 
0.477371 
0.477371 
0.477371 
0.471104 
0.467734 
0.461641 
0.461641 
0.461641 
0.461641 
0.461641 
0.469259 
0.469259 
0.469259 
0.469259 
0.469259 
0.469259 
0.469259 
0.469259 
0.469259 
0.462331 
0.462331 
0.462359 
0.462359 
0.461088 
0.453642 
0.453642 
0.446043 
0.446043 
0.446043 
0.446043 
0.446043 
0.446043 
0.446043 
0.446043 
0.446043 
0.453586 
0.460867 
0.460867 
0.439939 
0.428869 
0.428869 
0.428869 
0.435948 
0.435948 
0.435948 
0.435948 
0.435948 
0.433101 
0.433101 
0.433101 
0.429968 
0.429968 
0.429968 
0.429968 
0.429968 
0.429968 
0.428423 
0.417139 
0.417139 
0.417139 
0.417139 
0.417139 
0.417139 
0.417139 
0.417139 
0.417139 
0.417139 
0.415300 
0.415300 
0.415300 
0.415300 
0.415300 
0.415300 
0.409361 
0.409361 
0.401528 
0.401528 
0.401528 
0.407738 
0.407738 
0.407738 
0.397184 
0.397184 
0.397184 
0.397184 
0.397184 
0.397184 
0.397184 
0.397184 
0.392435 
0.392435 
0.392435 
0.381123 
0.381123 
0.381123 
0.369397 
0.369397 
0.369397 
0.369397 
0.363655 
0.363655 
0.363655 
0.363655 
0.363655 
0.363655 
0.369259 
0.365649 
0.365649 
0.365649 
0.370810 
0.370810 
0.370810 
0.375697 
0.375697 
0.375697 
0.375697 
0.371738 
0.371738 
0.376273 
0.380554 
0.380554 
0.380554 
0.380554 
0.380554 
0.373278 
0.373278 
0.373278 
0.373278 
0.373278 
0.373278 
0.373278 
0.373278 
0.373278 
0.373278 
0.373278 
0.373278 
0.368567 
0.368567 
0.372252 
0.372252 
0.375731 
0.375731 
0.375731 
0.375731 
0.378875 
0.378875 
0.378875 
0.378875 
0.378875 
0.378875 
0.378875 
0.378875 
0.378875 
0.381792 
0.381792 
0.356786 
0.350874 
0.350874 
0.343452 
0.345562 
0.347366 
0.347366 
0.347366 
0.347366 
0.337835 
0.337835 
0.337835 
0.337835 
0.337835 
0.337835 
0.337835 
0.337835 
0.337835 
0.337835 
0.326312 
0.326312 
0.326312 
0.326312 
0.326312 
0.327249 
0.327249 
0.327249 
0.327249 
0.327249 
0.327249 
0.327249 
0.327249 
0.327249 
0.327249 
0.327249 
0.328028 
0.328028 
0.319638 
0.319917 
0.319917 
0.319917 
0.319917 
0.319917 
0.319917 
0.319917 
0.319917 
0.319917 
0.319917 
0.319917 
0.319917 
0.319917 
0.319917 
0.319917 
0.319917 
0.319917 
0.311022 
0.297567 
0.297567 
0.297567 
0.297567 
0.297567 
0.297181 
0.297181 
0.297181 
0.296536 
0.296536 
0.296536 
0.296536 
0.296536 
0.296536 
0.296536 
0.296536 
0.296536 
0.296536 
0.296536 
0.296536 
0.296536 
0.296536 
0.296536 
0.296536 
0.296536 
0.296536 
0.296536 
0.296536 
0.296536 
0.296536 
0.296536 
0.296536 
0.296536 
0.296536 
0.296536 
0.296536 
0.295545 
0.295545 
0.295545 
0.295545 
0.295545 
0.295545 
0.295545 
0.295545 
0.295545 
0.295545 
0.294291 
0.294291 
0.294291 
0.277838 
0.277838 
0.277838 
0.277838 
0.261667 
0.261667 
0.261667 
0.261667 
0.261667 
0.261667 
0.261667 
0.261667 
0.261667 
0.261667 
0.261667 
0.261667 
0.261667 
0.261667 
0.261667 
0.261667 
0.261667 
0.261667 
0.261667 
0.261667 
0.261667 
0.261667 
0.261667 
0.261667 
0.261667 
0.261667 
0.261667 
0.261667 
0.261667 
0.261667 
0.261667 
0.261667 
0.261667 
0.261667 
0.261667 
0.261667 
0.261667 
0.261667 
0.261667 
0.261667 
0.261667 
0.261667 
0.261667 
0.261667 
0.261667 
0.261667 
0.259415 
0.259415 
0.259415 
0.259415 
0.259415 
0.259415 
0.259415 
0.259415 
0.259415 
0.259415 
0.256895 
0.256895 
0.256895 
0.256895 
0.256895 
0.256895 
0.256895 
0.256895 
0.256895 
0.256895 
0.256895 
0.256895 
0.256895 
0.256895 
0.256895 
0.256895 
0.256895 
0.243382 
0.243382 
0.243382 
0.243382 
0.243382 
0.243382 
0.243382 
0.243382 
0.243382 
0.243382 
0.243382 
0.243382 
0.243382 
0.243382 
0.228850 
0.228850 
0.228850 
0.228850 
0.228850 
0.228850 
0.228850 
0.228850 
0.228850 
0.228850 
0.228850 
0.228850 
0.228850 
0.228850 
0.228850 
0.228850 
0.228850 
0.228850 
0.228850 
0.228850 
0.228850 
0.228850 
0.228850 
0.228850 
0.228850 
0.228850 
0.228850 
0.228850 
0.228850 
0.205163 
0.205163 
0.205163 
0.205163 
0.205163 
0.205163 
0.205163 
0.205163 
0.205163 
0.205163 
0.205163 
0.205163 
0.205163 
0.200446 
0.200446 
0.200446 
0.200446 
0.200446 
0.200446 
0.200446 
0.200446 
0.200446 
0.200446 
0.200446 
0.200446 
0.200446 
0.200446 
0.200446 
0.200446 
0.200446 
0.200446 
0.200446 
0.200446 
0.200446 
0.200446 
0.200446 
0.200446 
0.200446 
0.200446 
0.200446 
0.200446 
0.200446 
0.200446 
0.200446 
0.200446 
0.200446 
0.200446 
0.200446 
0.200446 
0.200446 
0.200446 
0.200446 
0.200446 
0.200446 
0.200446 
0.200446 
0.200446 
0.200446 
0.200446 
0.200446 
0.200446 
0.200446 
0.200446 
0.200446 
0.200446 
0.200446 
0.200446 
0.200446 
0.200446 
0.200446 
0.200446 
0.200446 
0.200446 
0.200446 
0.200446 
0.200446 
0.195158 
0.195158 
0.195158 
0.195158 
0.195158 
0.195158 
0.195158 
0.195158 
0.195158 
0.195158 
0.195158 
0.195158 
0.195158 
0.195158 
0.195158 
0.195158 
0.195158 
