46.899563 92.000000
45.294258 204.000000
34.053730 285.000000
29.692333 349.000000
26.915588 455.000000
24.229221 524.000000
21.544884 622.000000
19.439182 717.000000
17.738943 784.000000
16.866091 884.000000
15.649102 972.000000
52.936089 91.000000
40.217918 228.000000
36.592361 310.000000
33.729008 394.000000
28.639698 490.000000
25.737202 551.000000
22.903534 641.000000
20.677835 721.000000
18.878872 833.000000
17.391716 893.000000
16.139750 961.000000
52.936089 116.000000
41.955647 198.000000
35.335934 293.000000
29.692333 382.000000
26.915588 493.000000
26.476505 578.000000
24.229221 647.000000
22.482609 742.000000
20.541658 815.000000
18.935181 922.000000
17.581419 987.000000
58.423878 112.000000
48.464775 248.000000
40.217918 366.000000
34.698124 464.000000
29.483280 537.000000
25.737202 612.000000
22.903534 694.000000
21.286259 789.000000
19.439182 841.000000
17.911634 915.000000
16.625231 992.000000
52.936089 95.000000
38.431152 183.000000
36.592361 276.000000
32.744492 376.000000
28.639698 461.000000
24.988232 530.000000
23.570343 646.000000
21.887775 721.000000
19.993380 816.000000
18.426060 874.000000
17.105726 945.000000
43.646984 111.000000
40.217918 238.000000
34.053730 357.000000
28.639698 439.000000
24.229221 550.000000
21.084234 663.000000
19.439182 752.000000
18.169516 864.000000
16.571541 948.000000
43.646984 125.000000
38.431152 249.000000
28.639698 369.000000
23.070999 444.000000
21.407104 576.000000
19.439182 682.000000
17.985456 794.000000
16.200718 863.000000
15.374218 958.000000
49.991596 103.000000
40.217918 228.000000
31.406820 308.000000
29.692333 391.000000
26.034065 493.000000
22.679449 574.000000
20.150625 672.000000
20.062233 767.000000
18.878872 847.000000
17.391716 949.000000
52.936089 92.000000
41.955647 174.000000
34.053730 244.000000
30.726837 324.000000
29.483280 410.000000
25.737202 486.000000
22.903534 557.000000
20.677835 618.000000
18.878872 697.000000
17.391716 782.000000
16.139750 865.000000
15.069881 939.000000
52.936089 103.000000
43.646984 205.000000
37.824162 295.000000
30.726837 382.000000
26.034065 463.000000
22.679449 543.000000
20.852385 659.000000
18.808392 723.000000
17.158819 782.000000
15.796855 888.000000
14.651482 981.000000
28.639698 75.000000
32.744492 167.000000
28.639698 274.000000
28.639698 375.000000
26.034065 468.000000
23.459772 522.000000
21.544884 590.000000
19.439182 633.000000
17.738943 718.000000
16.334553 801.000000
15.153086 888.000000
14.144051 999.000000
52.936089 82.000000
40.217918 172.000000
36.592361 275.000000
35.652412 358.000000
31.135738 421.000000
27.206480 499.000000
24.229221 589.000000
21.887775 664.000000
19.993380 736.000000
18.426060 827.000000
17.105726 916.000000
15.976784 980.000000
49.991596 72.000000
36.592361 142.000000
31.406820 222.000000
27.568069 305.000000
26.034065 387.000000
23.459772 459.000000
20.852385 533.000000
19.439182 610.000000
17.738943 685.000000
16.334553 750.000000
15.153086 828.000000
14.144051 897.000000
13.271313 962.000000
43.646984 79.000000
34.698124 128.000000
31.406820 192.000000
27.568069 281.000000
24.229221 355.000000
21.887775 456.000000
19.439182 544.000000
18.169516 649.000000
16.571541 727.000000
15.252735 793.000000
14.144051 851.000000
13.197753 934.000000
12.379708 986.000000
43.646984 114.000000
40.217918 225.000000
31.406820 289.000000
28.639698 375.000000
25.138813 499.000000
22.679449 599.000000
20.150625 691.000000
18.808392 753.000000
17.158819 848.000000
15.796855 916.000000
14.651482 981.000000
43.646984 74.000000
34.698124 171.000000
30.039143 274.000000
25.363949 357.000000
21.407104 415.000000
18.596346 483.000000
17.242125 580.000000
15.525611 668.000000
14.763449 766.000000
13.578839 849.000000
12.584083 943.000000
40.217918 131.000000
38.431152 264.000000
36.592361 372.000000
30.726837 487.000000
29.483280 555.000000
25.737202 614.000000
23.570343 685.000000
21.286259 778.000000
19.439182 874.000000
17.911634 936.000000
52.936089 99.000000
48.464775 203.000000
41.381683 275.000000
35.652412 350.000000
30.315161 419.000000
28.639698 509.000000
25.524218 591.000000
23.070999 689.000000
21.084234 759.000000
19.439182 845.000000
18.052464 913.000000
16.866091 974.000000
49.991596 91.000000
38.431152 188.000000
35.335934 269.000000
33.729008 360.000000
29.483280 443.000000
25.737202 512.000000
22.903534 596.000000
20.677835 682.000000
19.439182 764.000000
17.911634 839.000000
16.625231 922.000000
15.525611 987.000000
43.646984 106.000000
28.639698 179.000000
25.737202 247.000000
21.887775 352.000000
20.432468 415.000000
17.738943 504.000000
15.719520 587.000000
14.840258 655.000000
14.763449 732.000000
13.578839 801.000000
12.584083 869.000000
11.735829 939.000000
49.991596 61.000000
41.955647 128.000000
36.592361 184.000000
30.726837 244.000000
28.639698 329.000000
25.737202 432.000000
22.903534 499.000000
20.677835 585.000000
18.878872 647.000000
17.391716 748.000000
16.625231 800.000000
15.525611 907.000000
14.573805 978.000000
49.991596 135.000000
36.592361 248.000000
31.406820 342.000000
26.476505 455.000000
22.364168 548.000000
19.439182 623.000000
17.242125 711.000000
15.525611 788.000000
14.144051 864.000000
13.005885 941.000000
60.984028 100.000000
43.646984 164.000000
35.335934 231.000000
31.743986 334.000000
29.483280 422.000000
26.476505 495.000000
23.570343 581.000000
21.887775 658.000000
19.993380 744.000000
18.426060 803.000000
17.105726 867.000000
15.976784 925.000000
49.991596 109.000000
43.646984 232.000000
34.053730 317.000000
29.692333 397.000000
26.034065 488.000000
23.459772 553.000000
20.852385 641.000000
18.808392 711.000000
17.738943 792.000000
16.334553 885.000000
15.153086 977.000000
55.743820 92.000000
46.899563 197.000000
39.032368 291.000000
32.744492 385.000000
28.639698 460.000000
25.737202 530.000000
24.229221 616.000000
21.887775 709.000000
19.993380 799.000000
18.426060 876.000000
17.105726 967.000000
63.430954 105.000000
46.899563 248.000000
39.032368 352.000000
33.729008 429.000000
28.639698 483.000000
25.737202 563.000000
22.903534 657.000000
21.286259 737.000000
19.439182 822.000000
17.911634 909.000000
16.625231 991.000000
70.147148 152.000000
57.099297 260.000000
43.646984 364.000000
36.592361 440.000000
31.135738 513.000000
27.927446 601.000000
24.880421 675.000000
22.482609 744.000000
20.541658 828.000000
19.938231 925.000000
18.519012 995.000000
46.899563 108.000000
36.592361 184.000000
30.039143 253.000000
29.692333 353.000000
25.138813 429.000000
21.887775 510.000000
19.439182 588.000000
17.522219 688.000000
15.976784 757.000000
14.701907 842.000000
13.630536 924.000000
12.716370 998.000000
43.646984 72.000000
40.217918 150.000000
31.406820 247.000000
27.568069 308.000000
26.034065 406.000000
23.459772 473.000000
22.228481 530.000000
20.677835 612.000000
18.878872 684.000000
17.391716 760.000000
16.139750 842.000000
15.525611 919.000000
14.573805 971.000000
63.430954 114.000000
52.936089 193.000000
42.524456 254.000000
36.592361 357.000000
31.135738 455.000000
27.206480 537.000000
24.229221 603.000000
22.482609 708.000000
20.541658 767.000000
18.935181 862.000000
17.581419 960.000000
36.592361 83.000000
38.431152 167.000000
36.592361 253.000000
32.744492 331.000000
28.639698 389.000000
24.988232 470.000000
23.570343 551.000000
21.286259 625.000000
19.439182 671.000000
17.911634 746.000000
16.625231 813.000000
15.525611 883.000000
14.573805 962.000000
52.936089 64.000000
38.431152 174.000000
31.406820 257.000000
27.568069 351.000000
26.915588 432.000000
24.229221 515.000000
21.544884 588.000000
19.439182 678.000000
17.738943 761.000000
16.334553 821.000000
15.153086 906.000000
14.144051 973.000000
46.899563 104.000000
41.955647 242.000000
34.053730 348.000000
30.726837 450.000000
26.034065 542.000000
24.229221 616.000000
21.544884 678.000000
20.062233 760.000000
18.312210 830.000000
16.866091 915.000000
15.649102 980.000000
49.991596 107.000000
45.294258 207.000000
37.824162 263.000000
31.743986 341.000000
27.783955 419.000000
24.988232 510.000000
22.228481 587.000000
20.062233 682.000000
18.312210 777.000000
16.866091 846.000000
15.649102 916.000000
55.743820 93.000000
38.431152 192.000000
30.039143 284.000000
31.743986 374.000000
26.915588 462.000000
23.459772 535.000000
20.852385 633.000000
19.439182 707.000000
17.738943 778.000000
16.334553 862.000000
15.153086 935.000000
65.770485 118.000000
45.294258 211.000000
41.381683 322.000000
36.592361 434.000000
32.744492 537.000000
30.726837 607.000000
27.413374 658.000000
24.799433 749.000000
22.679449 828.000000
20.922047 906.000000
19.439182 957.000000
43.646984 109.000000
36.592361 182.000000
32.744492 256.000000
27.568069 323.000000
23.304588 398.000000
21.084234 495.000000
18.717625 556.000000
16.866091 627.000000
15.374218 718.000000
14.144051 782.000000
13.110651 838.000000
12.229158 934.000000
40.217918 128.000000
34.698124 228.000000
30.039143 309.000000
25.363949 412.000000
21.407104 514.000000
19.439182 596.000000
17.985456 684.000000
16.866091 762.000000
15.374218 829.000000
14.144051 910.000000
13.110651 970.000000
43.646984 95.000000
32.744492 191.000000
27.206480 293.000000
26.476505 361.000000
23.304588 445.000000
20.268242 530.000000
17.985456 592.000000
17.522219 659.000000
15.976784 751.000000
14.701907 815.000000
13.630536 920.000000
12.716370 979.000000
60.984028 74.000000
45.294258 180.000000
39.032368 277.000000
32.744492 355.000000
28.639698 411.000000
24.988232 481.000000
22.228481 555.000000
20.677835 640.000000
18.878872 719.000000
17.391716 796.000000
16.139750 874.000000
15.069881 941.000000
58.423878 103.000000
41.955647 186.000000
35.335934 265.000000
31.743986 362.000000
27.783955 447.000000
24.988232 504.000000
22.228481 565.000000
20.062233 628.000000
18.878872 704.000000
17.391716 788.000000
16.139750 859.000000
15.069881 952.000000
60.984028 92.000000
45.294258 172.000000
40.217918 300.000000
34.698124 399.000000
29.483280 497.000000
27.206480 563.000000
24.229221 635.000000
23.070999 696.000000
21.084234 767.000000
19.439182 840.000000
18.052464 927.000000
16.866091 992.000000
55.743820 78.000000
43.646984 192.000000
34.053730 288.000000
28.639698 356.000000
26.034065 442.000000
22.679449 508.000000
20.852385 582.000000
18.808392 656.000000
17.158819 724.000000
15.796855 792.000000
14.651482 889.000000
13.673568 971.000000
40.217918 95.000000
32.744492 200.000000
31.406820 284.000000
27.568069 379.000000
23.304588 450.000000
20.268242 538.000000
17.985456 611.000000
16.866091 662.000000
15.374218 734.000000
14.144051 832.000000
13.110651 927.000000
63.430954 102.000000
48.464775 182.000000
43.646984 314.000000
38.431152 397.000000
33.533348 477.000000
30.039143 538.000000
26.790470 641.000000
24.229221 732.000000
22.152954 790.000000
20.432468 855.000000
18.981209 934.000000
49.991596 108.000000
32.744492 185.000000
28.639698 255.000000
25.363949 324.000000
23.304588 422.000000
21.084234 497.000000
19.439182 605.000000
18.169516 685.000000
16.571541 755.000000
15.252735 822.000000
14.144051 906.000000
13.197753 984.000000
46.899563 82.000000
34.698124 169.000000
27.206480 260.000000
26.476505 349.000000
24.229221 437.000000
21.887775 522.000000
19.439182 616.000000
17.522219 679.000000
15.976784 767.000000
14.701907 846.000000
13.630536 905.000000
12.716370 958.000000
46.899563 98.000000
34.698124 195.000000
28.639698 279.000000
25.363949 379.000000
23.304588 445.000000
21.887775 528.000000
19.439182 608.000000
17.522219 719.000000
15.976784 807.000000
14.701907 891.000000
13.630536 979.000000
58.423878 93.000000
46.899563 183.000000
40.217918 249.000000
33.729008 304.000000
31.135738 382.000000
27.927446 443.000000
26.160822 529.000000
23.653133 623.000000
22.152954 687.000000
20.432468 777.000000
18.981209 871.000000
17.738943 952.000000
46.899563 70.000000
43.646984 171.000000
36.592361 246.000000
31.743986 313.000000
26.915588 405.000000
24.988232 472.000000
22.903534 546.000000
21.286259 593.000000
19.439182 664.000000
18.426060 737.000000
17.105726 819.000000
15.976784 890.000000
14.999352 954.000000
