0.527218 0.543984 
0.557326 0.788954 
0.527218 0.705951 
0.631163 0.809132 
0.645550 0.931315 
0.431419 0.953832 
0.453557 0.677330 
0.443087 0.934814 
0.614452 0.870374 
0.631163 0.853325 
0.486973 0.852607 
0.418452 0.914509 
0.527218 1.017400 
0.557326 0.846602 
0.574634 1.021404 
0.534522 0.848528 
0.490314 0.903734 
0.534522 0.920515 
0.512696 0.921622 
0.567486 0.808122 
0.404061 0.962353 
0.702474 0.921622 
0.505076 0.865672 
0.551066 1.006915 
0.543984 0.833973 
0.631163 1.228239 
0.606091 0.994885 
0.597956 1.150155 
0.478518 1.103612 
0.631163 0.873417 
0.505076 1.195229 
0.388088 1.326188 
0.496518 1.030158 
0.567486 0.880631 
0.614452 0.762648 
0.551066 1.059264 
0.597956 0.702474 
0.404061 1.147313 
0.453557 1.026983 
0.580288 1.206953 
0.551066 1.111168 
0.543984 0.891914 
0.670059 1.139996 
0.557326 0.965528 
0.496518 0.848528 
0.572855 0.979171 
0.476381 0.988918 
0.451754 0.977502 
0.572855 0.795138 
0.646498 0.880862 
0.527218 1.054630 
0.505076 1.078359 
0.476381 1.009344 
0.418452 1.329262 
0.562792 1.018402 
0.614452 1.009344 
0.530306 0.979171 
0.597956 0.903508 
0.557326 1.094700 
0.505076 0.922286 
0.453557 0.931315 
0.540597 0.853325 
0.607437 0.968061 
0.505076 0.947607 
0.505076 0.789988 
0.580288 1.147313 
0.672795 0.903508 
0.677631 1.039819 
0.404061 0.890081 
0.506690 0.925820 
0.597956 0.903734 
0.443087 0.791795 
0.597956 0.896478 
0.476381 1.042759 
0.638877 1.046666 
0.479796 0.868731 
0.388088 0.953832 
0.404061 0.853325 
0.527218 0.956396 
0.486973 1.088155 
0.536048 1.049003 
0.370328 0.936559 
0.572855 1.065986 
0.476381 0.931315 
0.597956 1.259089 
0.527218 1.029365 
0.688388 0.976458 
0.512696 1.049781 
0.652781 1.099907 
0.562792 0.853325 
0.496518 0.968061 
0.602376 0.903734 
0.599660 0.946745 
0.571429 1.037265 
0.592814 0.947607 
0.567486 0.931315 
0.494872 0.914509 
0.592814 1.081194 
0.536048 0.912722 
0.567486 0.969115 
0.572855 0.944155 
0.519419 1.039819 
0.462910 0.989743 
0.676425 0.977502 
0.572855 1.143036 
0.486973 0.913392 
0.506690 1.157231 
0.404061 0.982292 
0.512696 1.097121 
0.597956 0.914509 
0.557326 0.958102 
0.641745 1.121952 
0.453557 0.880631 
0.350510 1.254543 
0.574634 1.084962 
0.506690 0.961292 
0.505076 0.968061 
0.512696 0.994885 
0.557326 1.160577 
0.645550 0.804071 
0.592814 0.955329 
0.562792 0.902604 
0.527218 0.750782 
0.486973 0.888934 
0.734291 0.710274 
0.597956 0.977502 
0.431419 0.989950 
0.536048 1.097121 
0.476381 1.049781 
0.662709 1.059264 
0.586933 0.958102 
0.471212 0.872248 
0.581694 0.989743 
0.572855 0.998162 
0.527218 1.121952 
0.517451 0.711710 
0.517451 0.866850 
0.597956 1.087968 
0.476381 1.150155 
0.551066 1.269581 
0.512696 0.774333 
0.404061 0.849730 
0.567486 1.160753 
0.464670 1.195399 
0.404061 0.868731 
0.586933 0.842978 
0.551066 0.902604 
0.631163 0.880631 
0.418452 0.903734 
0.527218 0.926041 
0.350510 0.944155 
0.486973 0.931315 
0.462910 0.934814 
0.476381 0.728431 
0.555492 1.133713 
0.464670 1.039819 
0.421852 1.023001 
0.451754 1.133713 
0.536048 0.842978 
0.464670 1.115567 
0.678835 0.857143 
0.592814 1.154229 
0.486973 0.873417 
0.557326 0.798212 
0.577115 1.023001 
0.536048 1.065986 
0.486973 1.217056 
0.543984 1.073807 
0.512696 0.968904 
0.388088 1.229070 
0.443087 0.952976 
0.486973 1.020004 
0.591090 0.958102 
0.505076 0.977502 
0.519419 0.824126 
0.567486 0.988918 
0.606091 1.309931 
0.443087 0.888934 
0.496518 1.087968 
0.451754 1.057722 
0.486973 1.157760 
0.437526 1.020004 
0.658074 0.856190 
0.562792 0.743955 
0.517451 0.824126 
0.527218 1.147313 
0.453557 1.111168 
0.562792 0.974156 
0.564602 0.999796 
0.512696 0.769044 
0.476381 0.853325 
0.388088 1.082137 
0.534522 1.143036 
0.614452 0.863075 
0.545482 1.095631 
0.496518 1.164965 
0.464670 1.062150 
0.431419 1.111168 
0.707107 1.201360 
0.755929 0.952976 
0.505076 1.088155 
0.476381 1.087217 
0.688388 1.001224 
0.609114 1.010355 
0.586933 1.015995 
0.404061 1.220405 
0.451754 1.115567 
0.496518 1.217056 
0.543984 0.886405 
0.370328 1.121952 
0.717422 1.172647 
0.586933 1.182353 
0.537948 1.106567 
0.350510 0.933722 
0.599660 1.272792 
0.580288 0.968061 
0.517451 0.853325 
0.431419 1.023998 
0.688388 1.147313 
0.635353 0.989743 
0.536048 1.178030 
0.464670 1.084962 
0.431419 1.069236 
0.571429 0.793082 
0.490314 0.818411 
0.464670 1.087217 
0.519419 0.974993 
0.519419 0.926041 
0.404061 0.998162 
0.705951 1.081194 
0.614452 0.998162 
0.606091 1.147313 
0.443087 0.909137 
0.519419 1.015191 
0.626295 1.062150 
0.666701 1.346803 
0.536048 0.961292 
0.551066 1.006915 
0.571429 1.188551 
0.512696 1.204753 
0.486973 0.983330 
0.536048 1.302431 
0.580288 0.989743 
0.476381 0.988918 
0.418452 0.909137 
0.712569 1.018402 
0.496518 1.092647 
0.486973 1.002853 
0.506690 1.199490 
0.666701 1.191124 
0.451754 1.178723 
0.562792 1.233048 
0.567486 1.069045 
0.443087 1.125584 
0.543984 1.422989 
0.496518 1.093394 
0.478518 1.187692 
0.620730 1.115567 
0.525279 0.974156 
0.645550 1.251285 
0.505076 1.017400 
0.476381 1.015995 
0.683329 1.074567 
0.478518 1.097121 
0.574634 1.065986 
0.586933 1.017400 
0.730949 1.170383 
0.586933 1.104536 
0.476381 1.157760 
0.551066 1.137308 
0.599660 1.035098 
0.614452 0.896478 
0.471212 1.069236 
0.581694 0.909137 
0.496518 0.866850 
0.517451 0.979171 
0.557326 1.172647 
0.404061 0.925820 
0.631163 1.030356 
0.486973 0.863075 
0.453557 1.042759 
0.388088 1.364417 
0.486973 0.947822 
0.641745 1.035098 
0.519419 1.062150 
0.557326 1.134973 
0.676425 1.258603 
0.646813 0.868731 
0.505076 1.081194 
0.476381 0.895339 
0.551066 0.793082 
0.505076 1.042759 
0.586933 1.075895 
0.635353 0.903734 
0.551066 1.015191 
0.597956 1.245400 
0.670059 0.968904 
0.388088 1.178030 
0.486973 1.286666 
0.602376 1.239486 
0.431419 1.106567 
0.543984 1.137308 
0.464670 0.880631 
0.586933 1.111168 
0.614452 0.947607 
0.567486 1.082137 
0.527218 1.136410 
0.631163 1.063111 
0.635353 0.934814 
0.832993 0.952976 
0.638877 0.832013 
0.494872 0.856190 
0.761577 0.902604 
0.462910 0.944155 
0.602376 1.340271 
0.564602 1.103612 
0.478518 1.087217 
0.707107 0.886405 
0.512696 0.924938 
0.543984 0.879703 
0.543984 1.026983 
0.462910 1.167764 
0.527218 1.019003 
0.525279 1.238992 
0.527218 0.925820 
0.557326 0.880631 
0.536048 0.782461 
0.613122 0.986439 
0.388088 0.914509 
0.464670 1.212856 
0.388088 0.846602 
0.557326 0.899887 
0.638877 1.042759 
0.443087 0.961292 
0.527218 1.186489 
0.418452 1.118308 
0.476381 1.069236 
0.471212 1.006915 
0.545482 1.130108 
0.418452 0.893514 
0.670059 1.160753 
0.431419 0.909137 
0.519419 0.933722 
0.404061 0.924938 
0.486973 1.074567 
0.527218 1.003870 
0.567486 1.125040 
0.762381 1.173865 
0.562792 0.739829 
0.597956 1.170383 
0.486973 0.891914 
0.519419 0.955329 
0.562792 1.142857 
0.643967 0.903734 
0.443087 1.242282 
0.592814 1.201360 
0.471212 1.142857 
0.602376 1.280306 
0.580288 1.125040 
0.762381 1.002853 
0.496518 0.924938 
0.418452 0.979171 
0.527218 1.054630 
0.527218 1.225744 
0.512696 0.995705 
0.536048 1.171254 
0.536048 1.073807 
0.543984 0.932191 
0.453557 0.796933 
0.476381 0.968061 
0.641745 1.132272 
0.404061 1.265718 
0.476381 1.017400 
0.557326 0.968061 
0.496518 0.922286 
0.545482 1.080627 
0.646813 1.089655 
0.536048 1.030157 
0.478518 1.076844 
0.614452 1.062150 
0.543984 0.934814 
0.451754 0.853325 
0.453557 1.084398 
0.496518 0.956396 
0.614452 1.014386 
0.606091 1.160577 
0.592814 1.358871 
0.404566 1.231558 
0.388088 1.104536 
0.404061 1.087968 
0.694292 1.349376 
0.527218 0.964894 
0.496518 1.102131 
0.370328 1.212856 
0.527218 1.128662 
0.517451 0.953832 
0.462910 1.182181 
0.592814 1.049781 
0.505076 1.252589 
0.586933 0.999796 
0.506690 1.172647 
0.496518 0.986439 
0.476381 0.914509 
0.551066 1.002853 
0.486973 0.976458 
0.597956 0.946745 
0.453557 1.132272 
0.557326 1.090965 
0.564602 1.030950 
0.486973 1.212351 
0.562792 0.914509 
0.464670 1.147313 
0.527218 0.863075 
0.672795 1.054630 
0.370328 1.093394 
0.536048 1.116847 
0.606091 0.986439 
0.418452 0.746147 
0.536048 1.113186 
0.643967 1.198809 
0.567486 0.924938 
0.597956 1.229568 
0.451754 1.160753 
0.505076 1.233048 
0.506690 1.037265 
0.638877 1.084962 
0.451754 0.939822 
0.496518 1.066943 
0.431419 1.066943 
0.496518 1.249490 
0.584144 1.147135 
0.328261 1.079682 
0.350510 0.969115 
0.592814 1.178030 
0.586933 0.998162 
0.418452 0.918961 
0.517451 1.107304 
0.464670 1.109514 
0.677631 0.925820 
0.505076 0.955329 
0.597956 1.085902 
0.677330 1.230397 
0.635353 1.106567 
0.519419 1.083456 
0.462910 1.351643 
0.580288 1.088718 
0.486973 0.896478 
0.704504 1.042172 
0.635353 1.318781 
0.574634 1.294257 
0.597956 1.030157 
0.527218 1.113186 
0.676425 1.099907 
0.638877 1.266362 
0.571429 1.130108 
0.512696 1.002853 
0.486973 1.092647 
0.496518 1.243596 
0.525279 1.195911 
0.471212 1.025392 
0.471212 1.056757 
0.580288 1.227075 
0.404061 0.974993 
0.562792 1.145711 
0.564602 1.219568 
0.462910 1.021404 
0.641745 1.097121 
0.388088 1.175255 
0.431419 0.914509 
0.517451 1.021404 
0.536048 1.147313 
0.534522 1.146601 
0.530306 1.289835 
0.453557 1.103057 
0.527218 0.968904 
0.646498 1.035098 
0.571429 1.328648 
0.592814 1.111168 
0.571429 0.986439 
0.557326 0.825363 
0.580288 0.947822 
0.646813 1.106751 
0.672795 0.888934 
0.551066 0.917850 
0.404061 1.035098 
0.467734 1.087968 
0.404061 1.046666 
0.370328 1.161280 
0.388088 1.129204 
0.486973 1.120495 
0.388088 1.162158 
0.364216 1.214874 
0.303046 0.972268 
0.350510 1.349376 
0.451754 1.022402 
0.580288 1.158641 
0.505076 1.238168 
0.580288 1.083456 
0.517451 1.180799 
0.404061 1.128662 
0.303046 1.216217 
0.464670 1.208136 
0.512696 0.791795 
0.638877 0.968061 
0.717422 1.069808 
0.506690 1.150687 
0.635353 1.023001 
0.606091 0.940907 
0.551066 1.076844 
0.638877 1.092647 
0.496518 1.110433 
0.437526 1.268777 
0.505076 1.295045 
0.486973 1.213697 
0.631163 1.146601 
0.571429 1.265718 
0.519419 1.007928 
0.522553 1.103057 
0.464670 0.998775 
0.543984 0.904411 
0.388088 1.120495 
0.388088 1.051530 
0.476381 1.279190 
0.512696 1.321873 
0.418452 1.122861 
0.527218 0.986439 
0.451754 1.212351 
0.303046 1.139459 
0.476381 1.178030 
0.370328 1.172647 
0.530306 1.349376 
0.443087 0.857143 
0.562792 1.161280 
0.571429 0.895339 
0.464670 1.064453 
0.607437 0.933722 
0.484873 1.104536 
0.666701 1.342553 
0.471212 1.015995 
0.462910 1.199490 
0.478518 1.053856 
0.478518 1.063111 
0.505076 1.125584 
0.505076 1.003870 
0.486973 0.968904 
0.451754 1.160577 
0.437526 1.139459 
0.666701 0.940907 
0.496518 1.084398 
0.607437 1.106567 
0.555492 0.777489 
0.758355 1.213697 
0.599660 1.401020 
0.551066 1.238168 
0.517451 1.240309 
0.567486 0.968904 
0.451754 1.010152 
0.481918 1.049003 
0.388088 0.968061 
0.462910 1.132272 
0.494872 1.095631 
0.543984 1.077412 
0.496518 0.872248 
0.562792 0.879703 
0.476381 1.017400 
0.543984 1.111168 
0.388088 1.001224 
0.592814 1.178723 
0.464670 1.215714 
0.543984 1.164790 
0.437526 1.210330 
0.431419 0.969115 
0.303046 1.129204 
0.476381 1.171254 
0.467734 1.312577 
0.451754 1.230397 
0.443087 1.514016 
0.464670 1.311799 
0.404061 1.158641 
0.517451 1.043737 
0.525279 1.164790 
0.530306 1.388730 
0.486973 1.006307 
0.388088 1.074567 
0.599660 1.037265 
0.735402 1.147135 
0.418452 0.908239 
0.486973 1.128662 
0.496518 1.261842 
0.606091 1.213697 
0.453557 1.135872 
0.486973 1.143571 
0.496518 0.979171 
0.620730 1.077412 
0.364216 1.199490 
0.592814 1.109514 
0.602376 1.195911 
0.592814 1.216385 
0.476381 1.058300 
0.543984 1.280306 
0.534522 1.143571 
0.476381 1.069808 
0.421852 1.135872 
0.631163 1.296148 
0.404061 1.045105 
0.632778 0.945235 
0.536048 1.205599 
0.486973 1.165665 
0.486973 0.910035 
0.728431 1.037265 
0.451754 1.049781 
0.437526 1.158641 
0.519419 1.142857 
0.496518 1.274715 
0.370328 1.038838 
0.437526 1.310709 
0.464670 1.106567 
0.536048 1.166890 
0.451754 1.104536 
0.506690 1.098422 
0.638877 1.113186 
0.437526 1.178723 
0.451754 1.270706 
0.404061 1.198809 
0.525279 1.164965 
0.512696 1.125584 
0.370328 1.216217 
0.451754 1.047641 
0.443087 0.969746 
0.481918 1.030356 
0.418452 1.182353 
0.517451 1.231558 
0.486973 0.909137 
0.451754 1.246874 
0.453557 1.010152 
0.591090 1.147313 
0.388088 1.049781 
0.551066 0.932191 
0.581694 1.094700 
0.328261 1.043737 
0.543984 1.109514 
0.635353 1.379293 
0.591090 1.205599 
0.586933 1.189066 
0.512696 1.326188 
0.527218 1.231558 
0.486973 1.108225 
0.543984 1.099350 
0.404061 0.865672 
0.452205 1.092647 
0.557326 0.977502 
0.652781 0.974156 
0.431419 1.202718 
0.740656 0.924938 
0.476381 1.035098 
0.640153 0.870374 
0.564602 1.128662 
0.517451 1.290626 
0.388088 1.168288 
0.672795 1.199490 
0.543984 1.019003 
0.536048 1.289835 
0.431419 1.261680 
0.505076 1.116847 
0.536048 1.013380 
0.464670 0.934814 
0.597956 1.054437 
0.451754 1.173865 
0.536048 1.215714 
0.519419 1.178030 
0.536048 1.052887 
0.512696 1.288727 
0.471212 0.926701 
0.486973 0.993037 
0.567486 0.940907 
0.646498 0.925820 
0.567486 1.083456 
0.494872 0.998775 
0.525279 0.959592 
0.527218 0.998162 
0.527218 0.829064 
0.730949 0.948468 
0.592814 1.078359 
0.431419 0.960655 
0.696639 1.143571 
0.555492 1.060612 
0.551066 0.921622 
0.462910 1.035098 
0.543984 1.062150 
0.571429 0.974156 
0.620730 1.002853 
0.464670 1.240309 
0.350510 1.119220 
0.624663 1.297564 
0.404061 1.126490 
0.572855 0.994680 
0.418452 1.160577 
0.464670 1.006307 
0.692820 0.989743 
0.580288 1.117760 
0.572855 1.056757 
0.404061 1.245400 
0.464670 1.364417 
0.606091 1.002242 
0.580288 1.157231 
0.505076 1.035098 
0.670059 1.094700 
0.451754 1.030157 
0.592814 1.113186 
0.602376 1.156349 
0.562792 1.228904 
0.586933 0.888934 
0.505076 1.065986 
0.388088 0.896478 
0.421852 1.166890 
0.464670 1.106567 
0.478518 1.201360 
0.632778 1.180799 
0.525279 1.223745 
0.388088 1.264265 
0.635353 1.265072 
0.677330 1.171254 
0.536048 1.080627 
0.464670 1.089655 
0.486973 1.216217 
0.486973 1.370238 
0.620730 1.030157 
0.512696 0.908913 
0.464670 1.164264 
0.505076 1.069045 
0.404061 1.041192 
0.580288 1.049003 
0.486973 1.054630 
0.527218 1.077412 
0.626295 1.146601 
0.635353 1.140891 
0.350510 0.985818 
0.350510 1.193349 
0.543984 1.030950 
0.564602 1.010152 
0.464670 0.978128 
0.437526 1.313043 
0.543984 1.259900 
0.519419 1.047641 
0.476381 1.197958 
0.437526 1.087968 
0.631163 1.297407 
0.496518 1.229568 
0.453557 1.252589 
0.431419 1.446177 
0.404061 1.129385 
0.370328 1.296935 
0.364216 1.052887 
0.486973 1.195229 
0.464670 1.306342 
0.476381 1.109514 
0.557326 1.199319 
0.572855 1.324803 
0.702474 1.182181 
0.551066 1.164790 
0.517451 1.117760 
0.555492 1.185628 
0.683329 1.358871 
0.437526 1.122861 
0.506690 1.300549 
0.614452 1.185628 
0.496518 1.453497 
0.638877 1.199490 
0.597956 1.388583 
0.536048 1.037265 
0.462910 1.289835 
0.611455 0.888934 
0.437526 0.938083 
0.494872 1.074567 
0.476381 1.156349 
0.476381 1.182353 
0.530306 1.388730 
0.607437 1.198809 
0.437526 1.161280 
0.476381 1.143571 
0.421852 0.921622 
0.462910 1.129385 
0.418452 1.124858 
0.388088 0.969115 
0.557326 1.047641 
0.586933 1.073807 
0.404061 1.042172 
0.519419 1.195911 
0.506690 1.066943 
0.418452 1.046666 
0.437526 1.147135 
0.551066 0.863075 
0.496518 1.230397 
0.543984 1.006915 
0.467734 1.049976 
0.350510 0.807111 
0.505076 0.880631 
0.557326 0.751597 
0.707107 1.106567 
0.388088 1.188551 
0.443087 1.163387 
0.437526 1.045105 
0.404061 1.025392 
0.580288 1.222410 
0.551066 1.046081 
0.486973 1.327265 
0.431419 1.289835 
0.464670 1.038838 
0.431419 1.147313 
0.451754 0.997139 
0.602376 1.142857 
0.370328 0.879703 
0.388088 1.075895 
0.437526 1.069808 
0.572855 1.065412 
0.696639 0.931315 
0.562792 1.030950 
0.545482 1.135872 
0.527218 1.111902 
0.404061 0.931315 
0.725343 1.079682 
0.643967 0.989743 
0.385450 1.082137 
0.496518 1.171254 
0.543984 1.157231 
0.431419 1.343313 
0.606091 1.045105 
0.476381 1.265556 
0.486973 1.089655 
0.303046 1.122861 
0.543984 1.161280 
0.274048 1.182353 
0.350510 1.193349 
0.464670 1.073807 
0.551066 1.327265 
0.551066 0.867556 
0.443087 1.147313 
0.388088 0.914509 
0.643967 0.994885 
0.486973 1.106567 
0.512696 1.135872 
0.543984 1.027976 
0.404061 1.122861 
0.555492 1.069808 
0.486973 1.142857 
0.597956 0.929340 
0.418452 1.164790 
0.431419 1.073046 
0.586933 1.054630 
0.562792 0.935469 
0.476381 1.132272 
0.476381 1.054630 
0.557326 1.150687 
0.437526 1.274715 
0.506690 1.162158 
0.404061 1.146601 
0.506690 1.089655 
0.517451 1.321872 
0.437526 1.049781 
0.571429 0.987473 
0.418452 1.035098 
0.551066 0.936559 
0.607437 1.154229 
0.486973 1.001224 
0.328261 1.227075 
0.388088 1.188551 
0.418452 1.249326 
0.464670 1.129204 
0.635353 1.010152 
0.476381 1.103612 
0.476381 1.094700 
0.486973 0.959592 
0.557326 1.002853 
0.611455 0.911603 
0.471212 1.017400 
0.464670 1.211509 
0.512696 0.995705 
0.606091 1.182353 
0.609114 0.912722 
0.443087 1.087968 
0.303046 0.963836 
0.388088 1.073046 
0.350510 1.278392 
0.496518 0.947822 
0.749422 1.075895 
0.443087 1.164790 
0.464670 1.178723 
0.437526 1.052887 
0.643967 1.092647 
0.506690 1.196764 
0.486973 1.041192 
0.586933 1.059264 
0.421852 1.132272 
0.564602 1.038248 
0.517451 1.075895 
0.551066 1.170383 
0.486973 1.399708 
0.614452 1.355262 
0.476381 1.201360 
0.581694 1.129385 
0.658074 1.084398 
0.519419 1.063111 
0.494872 1.160577 
0.481918 0.984782 
0.476381 1.042172 
0.388088 1.158641 
0.388088 1.174734 
0.404061 1.470804 
0.527218 1.073807 
0.486973 0.997139 
0.350510 1.093394 
0.476381 1.214874 
0.496518 1.215714 
0.557326 1.191124 
0.464670 1.035098 
0.350510 0.920514 
0.481918 0.968904 
0.421852 1.137308 
0.370328 1.161280 
0.431419 1.178030 
0.505076 1.373807 
0.638877 1.085902 
0.530306 0.963836 
0.562792 1.164965 
0.543984 1.104536 
0.388088 1.328495 
0.626295 1.307592 
0.431419 1.025392 
0.418452 1.233048 
0.519419 1.265718 
0.676425 1.426999 
0.350510 1.200170 
0.635353 1.417673 
0.476381 1.081194 
0.534522 1.199319 
0.453557 0.994680 
0.443087 1.180799 
0.767716 1.195911 
0.388088 1.318781 
0.586933 1.160577 
0.527218 1.043737 
0.453557 1.110984 
0.551066 1.158641 
0.496518 1.213697 
0.676425 0.994680 
0.641745 1.268777 
0.525279 1.265072 
0.370328 1.376775 
0.451754 1.090965 
0.431419 1.162158 
0.496518 1.214874 
0.611455 1.303214 
0.437526 1.129204 
0.543984 1.406109 
0.597956 1.057722 
0.404566 1.356616 
0.580288 1.213697 
0.486973 1.333401 
0.453557 1.248836 
0.443087 1.246874 
0.486973 1.121952 
0.512696 1.196764 
0.512696 1.228904 
0.536048 1.373362 
0.536048 1.129204 
0.672795 1.196764 
0.471212 1.108225 
0.536048 1.173865 
0.476381 1.110433 
0.635353 1.091900 
0.557326 0.973317 
0.580288 1.152814 
0.606091 1.054630 
0.699854 1.065412 
0.530306 1.092647 
0.505076 0.939822 
0.431419 1.065986 
0.580288 1.328495 
0.572855 0.890769 
0.635353 1.183043 
0.421852 1.053856 
0.551066 1.066943 
0.562792 0.982292 
0.551066 1.158641 
0.670059 1.280306 
0.464670 1.053856 
0.431419 1.120495 
0.688388 1.124858 
0.404061 1.296935 
0.451754 1.111168 
0.543984 1.052887 
0.536048 1.129204 
0.486973 0.865672 
0.467734 0.943506 
0.486973 1.233048 
0.437526 1.146601 
0.562792 1.191124 
0.505076 0.960655 
0.462910 1.281740 
0.631163 0.960655 
