0.791376 
0.895710 
0.962300 
0.979379 
0.979379 
0.977424 
1.020204 
1.066656 
1.017074 
1.019579 
1.013934 
1.018327 
1.058855 
1.077365 
1.080320 
1.066656 
1.101946 
1.267228 
1.325765 
1.354320 
1.486761 
1.510170 
1.576291 
1.594794 
1.601578 
1.608333 
1.652920 
1.718744 
1.705334 
1.719486 
1.763071 
1.787856 
1.752549 
1.739399 
1.737565 
1.745621 
1.850262 
1.855769 
1.859545 
1.881706 
1.961036 
1.964610 
2.026294 
2.018410 
2.009226 
1.986562 
1.995211 
1.981097 
1.982384 
2.018410 
2.019358 
2.016513 
2.019042 
2.014298 
2.013665 
2.075734 
2.118312 
2.099259 
2.118312 
2.181497 
2.216013 
2.280686 
2.289896 
2.329656 
2.326917 
2.328834 
2.291009 
2.254531 
2.299623 
2.286272 
2.310413 
2.338945 
2.335671 
2.397118 
2.362008 
2.374396 
2.368748 
2.434342 
2.502295 
2.472553 
2.463250 
2.491055 
2.544001 
2.591932 
2.577127 
2.553010 
2.559496 
2.663050 
2.622995 
2.592670 
2.631976 
2.598322 
2.659935 
2.622752 
2.589470 
2.544502 
2.524118 
2.498979 
2.640201 
2.626639 
2.656336 
2.604451 
2.621779 
2.610321 
2.610321 
2.604206 
2.598567 
2.652973 
2.655136 
2.643822 
2.606164 
2.638510 
2.672612 
2.702276 
2.682616 
2.698025 
2.651290 
2.736516 
2.714051 
2.714051 
2.669508 
2.640201 
2.624453 
2.700151 
2.698497 
2.694950 
2.709582 
2.724370 
2.704164 
2.722263 
2.751391 
2.749768 
2.761340 
2.913507 
2.872947 
2.886899 
2.907371 
2.908468 
2.899023 
2.884025 
2.884025 
2.887340 
2.858259 
2.827751 
2.815092 
2.841026 
2.840577 
2.840577 
2.865167 
2.866725 
2.857812 
2.833833 
2.762726 
2.762495 
2.777001 
2.777001 
2.740708 
2.722263 
2.788231 
2.762264 
2.800328 
2.802604 
2.794857 
2.784111 
2.870504 
2.916351 
2.918974 
2.967511 
2.931401 
3.008703 
3.050803 
3.134526 
3.106938 
3.130862 
3.132695 
3.213492 
3.190187 
3.228935 
3.201164 
3.274632 
3.269759 
3.269759 
3.265270 
3.213294 
3.187587 
3.112270 
3.112270 
3.112270 
3.081586 
3.218846 
3.260188 
3.260188 
3.253922 
3.241748 
3.309888 
3.382126 
3.382126 
3.536075 
3.492521 
3.492156 
3.448787 
3.456730 
3.451375 
3.527588 
3.550474 
3.547779 
3.569106 
3.534632 
3.574285 
3.574285 
3.563563 
3.549935 
3.480998 
3.474580 
3.445272 
3.463549 
3.553527 
3.499818 
3.468885 
3.479532 
3.478065 
3.494529 
3.495442 
3.531744 
3.525961 
3.525961 
3.525961 
3.655092 
3.633742 
3.675623 
3.675623 
3.751360 
3.812239 
3.773396 
3.762394 
3.751870 
3.751870 
3.815750 
3.789419 
3.746086 
3.722347 
3.725601 
3.849695 
4.027172 
4.039347 
4.063589 
4.091118 
4.084097 
4.039663 
4.111799 
4.068138 
4.062961 
4.042504 
4.042504 
4.050542 
4.060449 
4.069549 
4.008600 
4.041715 
4.123260 
4.107453 
4.174296 
4.188024 
4.131141 
4.075186 
3.961389 
3.961389 
3.961389 
3.926785 
3.912141 
3.960745 
3.898914 
3.873642 
3.873642 
3.834590 
3.818256 
3.802356 
3.868370 
3.953008 
3.908879 
3.939919 
3.900713 
3.863256 
4.013847 
4.032869 
4.003028 
4.005417 
3.966698 
4.008919 
4.008919 
3.992659 
4.002709 
4.002709 
3.965412 
3.951879 
3.860944 
3.835754 
3.825432 
3.830763 
3.830763 
3.900059 
3.921585 
3.889743 
3.864081 
3.889251 
3.889251 
3.889251 
3.889251 
3.825098 
3.786725 
3.751020 
3.751020 
3.879236 
3.879236 
3.823431 
3.823431 
3.881537 
3.881372 
3.802859 
3.773734 
3.808222 
3.808222 
3.808222 
3.779139 
3.724060 
3.716002 
3.673367 
3.648979 
3.648979 
3.665894 
3.633742 
3.648280 
3.713255 
3.706723 
3.706723 
3.699662 
3.787230 
3.746086 
3.790428 
3.882194 
3.887283 
3.943640 
3.943640 
3.920934 
4.001116 
4.034450 
4.034450 
4.034450 
4.011940 
3.987864 
3.947519 
3.947519 
3.982103 
3.956717 
3.883343 
3.883343 
3.883343 
3.857804 
3.857804 
3.829431 
3.953331 
3.928247 
3.928247 
3.909042 
3.985625 
4.027013 
3.954299 
4.049597 
4.097504 
4.247748 
4.204134 
4.193046 
4.193046 
4.193046 
4.175976 
4.175976 
4.175976 
4.175976 
4.175976 
4.175976 
4.175976 
4.097816 
4.206106 
4.162974 
4.135770 
4.135770 
4.135770 
4.034134 
4.008759 
4.008759 
4.008759 
3.982583 
3.963481 
3.963481 
3.963481 
3.943963 
3.943963 
3.907574 
3.907574 
3.907574 
3.907574 
3.907574 
3.911326 
3.911326 
3.911326 
3.863586 
3.863586 
3.794296 
3.794296 
3.771368 
3.771368 
3.771368 
3.822096 
3.822096 
3.822430 
3.832428 
3.832428 
3.806044 
3.806044 
3.752040 
3.752040 
3.752040 
3.725430 
3.725430 
3.687576 
3.687576 
3.687576 
3.788914 
3.778970 
3.875617 
3.801685 
3.771368 
3.771368 
3.771368 
3.771368 
3.763411 
3.763411 
3.763411 
3.801517 
3.927110 
3.927110 
3.856316 
3.856316 
3.856316 
3.847209 
3.837250 
3.837250 
3.837250 
3.823764 
3.783524 
3.768492 
3.768492 
3.798328 
3.798328 
3.798328 
3.798328 
3.798328 
3.798328 
3.798328 
3.778463 
3.805038 
3.805038 
3.805038 
3.829931 
3.829931 
3.829931 
3.829931 
3.829931 
3.834424 
3.857474 
3.857474 
3.857474 
3.803194 
3.802188 
3.802188 
3.802188 
3.802188 
3.688094 
3.688094 
3.628824 
3.628824 
3.628824 
3.628824 
3.628824 
3.582661 
3.555680 
3.555680 
3.555680 
3.572321 
3.659800 
3.627946 
3.627946 
3.627946 
3.615267 
3.615267 
3.559623 
3.559623 
3.559623 
3.559623 
3.559623 
3.570357 
3.570357 
3.564279 
3.574998 
3.526141 
3.526141 
3.526141 
3.412350 
3.412350 
3.412350 
3.412350 
3.412350 
3.412350 
3.379107 
3.379107 
3.379107 
3.379107 
3.443605 
3.443605 
3.443605 
3.443605 
3.443605 
3.505462 
3.505462 
3.464470 
3.464470 
3.397741 
3.375520 
3.375520 
3.375520 
3.331207 
3.307382 
3.264293 
3.264293 
3.264293 
3.264293 
3.264293 
3.318163 
3.318163 
3.318163 
3.318163 
3.318163 
3.318163 
3.318163 
3.318163 
3.318163 
3.269174 
3.269174 
3.269369 
3.269369 
3.260384 
3.207731 
3.207731 
3.153998 
3.153998 
3.153998 
3.153998 
3.153998 
3.153998 
3.153998 
3.153998 
3.153998 
3.207334 
3.258818 
3.258818 
3.110835 
3.032561 
3.032561 
3.032561 
3.082621 
3.082621 
3.082621 
3.082621 
3.082621 
3.062487 
3.062487 
3.062487 
3.040333 
3.040333 
3.040333 
3.040333 
3.040333 
3.040333 
3.029405 
2.949620 
2.949620 
2.949620 
2.949620 
2.949620 
2.949620 
2.949620 
2.949620 
2.949620 
2.949620 
2.936618 
2.936618 
2.936618 
2.936618 
2.936618 
2.936618 
2.894620 
2.894620 
2.839230 
2.839230 
2.839230 
2.883141 
2.883141 
2.883141 
2.808515 
2.808515 
2.808515 
2.808515 
2.808515 
2.808515 
2.808515 
2.808515 
2.774933 
2.774933 
2.774933 
2.694950 
2.694950 
2.694950 
2.612031 
2.612031 
2.612031 
2.612031 
2.571429 
2.571429 
2.571429 
2.571429 
2.571429 
2.571429 
2.611054 
2.585527 
2.585527 
2.585527 
2.622022 
2.622022 
2.622022 
2.656576 
2.656576 
2.656576 
2.656576 
2.628581 
2.628581 
2.660654 
2.690924 
2.690924 
2.690924 
2.690924 
2.690924 
2.639477 
2.639477 
2.639477 
2.639477 
2.639477 
2.639477 
2.639477 
2.639477 
2.639477 
2.639477 
2.639477 
2.639477 
2.606164 
2.606164 
2.632218 
2.632218 
2.656816 
2.656816 
2.656816 
2.656816 
2.679048 
2.679048 
2.679048 
2.679048 
2.679048 
2.679048 
2.679048 
2.679048 
2.679048 
2.699679 
2.699679 
2.522855 
2.481051 
2.481051 
2.428571 
2.443494 
2.456250 
2.456250 
2.456250 
2.456250 
2.388856 
2.388856 
2.388856 
2.388856 
2.388856 
2.388856 
2.388856 
2.388856 
2.388856 
2.388856 
2.307375 
2.307375 
2.307375 
2.307375 
2.307375 
2.313999 
2.313999 
2.313999 
2.313999 
2.313999 
2.313999 
2.313999 
2.313999 
2.313999 
2.313999 
2.313999 
2.319505 
2.319505 
2.260181 
2.262155 
2.262155 
2.262155 
2.262155 
2.262155 
2.262155 
2.262155 
2.262155 
2.262155 
2.262155 
2.262155 
2.262155 
2.262155 
2.262155 
2.262155 
2.262155 
2.262155 
2.199258 
2.104114 
2.104114 
2.104114 
2.104114 
2.104114 
2.101384 
2.101384 
2.101384 
2.096827 
2.096827 
2.096827 
2.096827 
2.096827 
2.096827 
2.096827 
2.096827 
2.096827 
2.096827 
2.096827 
2.096827 
2.096827 
2.096827 
2.096827 
2.096827 
2.096827 
2.096827 
2.096827 
2.096827 
2.096827 
2.096827 
2.096827 
2.096827 
2.096827 
2.096827 
2.096827 
2.096827 
2.089820 
2.089820 
2.089820 
2.089820 
2.089820 
2.089820 
2.089820 
2.089820 
2.089820 
2.089820 
2.080951 
2.080951 
2.080951 
1.964610 
1.964610 
1.964610 
1.964610 
1.850262 
1.850262 
1.850262 
1.850262 
1.850262 
1.850262 
1.850262 
1.850262 
1.850262 
1.850262 
1.850262 
1.850262 
1.850262 
1.850262 
1.850262 
1.850262 
1.850262 
1.850262 
1.850262 
1.850262 
1.850262 
1.850262 
1.850262 
1.850262 
1.850262 
1.850262 
1.850262 
1.850262 
1.850262 
1.850262 
1.850262 
1.850262 
1.850262 
1.850262 
1.850262 
1.850262 
1.850262 
1.850262 
1.850262 
1.850262 
1.850262 
1.850262 
1.850262 
1.850262 
1.850262 
1.850262 
1.834338 
1.834338 
1.834338 
1.834338 
1.834338 
1.834338 
1.834338 
1.834338 
1.834338 
1.834338 
1.816520 
1.816520 
1.816520 
1.816520 
1.816520 
1.816520 
1.816520 
1.816520 
1.816520 
1.816520 
1.816520 
1.816520 
1.816520 
1.816520 
1.816520 
1.816520 
1.816520 
1.720969 
1.720969 
1.720969 
1.720969 
1.720969 
1.720969 
1.720969 
1.720969 
1.720969 
1.720969 
1.720969 
1.720969 
1.720969 
1.720969 
1.618216 
1.618216 
1.618216 
1.618216 
1.618216 
1.618216 
1.618216 
1.618216 
1.618216 
1.618216 
1.618216 
1.618216 
1.618216 
1.618216 
1.618216 
1.618216 
1.618216 
1.618216 
1.618216 
1.618216 
1.618216 
1.618216 
1.618216 
1.618216 
1.618216 
1.618216 
1.618216 
1.618216 
1.618216 
1.450721 
1.450721 
1.450721 
1.450721 
1.450721 
1.450721 
1.450721 
1.450721 
1.450721 
1.450721 
1.450721 
1.450721 
1.450721 
1.417367 
1.417367 
1.417367 
1.417367 
1.417367 
1.417367 
1.417367 
1.417367 
1.417367 
1.417367 
1.417367 
1.417367 
1.417367 
1.417367 
1.417367 
1.417367 
1.417367 
1.417367 
1.417367 
1.417367 
1.417367 
1.417367 
1.417367 
1.417367 
1.417367 
1.417367 
1.417367 
1.417367 
1.417367 
1.417367 
1.417367 
1.417367 
1.417367 
1.417367 
1.417367 
1.417367 
1.417367 
1.417367 
1.417367 
1.417367 
1.417367 
1.417367 
1.417367 
1.417367 
1.417367 
1.417367 
1.417367 
1.417367 
1.417367 
1.417367 
1.417367 
1.417367 
1.417367 
1.417367 
1.417367 
1.417367 
1.417367 
1.417367 
1.417367 
1.417367 
1.417367 
1.417367 
1.417367 
1.379977 
1.379977 
1.379977 
1.379977 
1.379977 
1.379977 
1.379977 
1.379977 
1.379977 
1.379977 
1.379977 
1.379977 
1.379977 
1.379977 
1.379977 
1.379977 
1.379977 
