2.855789 2.855782 
2.913725 2.913725 
2.943342 2.943342 
2.908468 2.908468 
2.883880 2.883873 
2.914847 2.914840 
2.936116 2.936129 
2.873100 2.873093 
2.879627 2.879627 
2.783037 2.783037 
2.704193 2.704193 
2.734884 2.734884 
2.837432 2.837432 
2.792774 2.792774 
2.749688 2.749696 
2.673298 2.673298 
2.725541 2.725541 
2.767231 2.767231 
2.682141 2.682141 
2.654918 2.654910 
2.733018 2.733018 
2.644131 2.644131 
2.682141 2.682141 
2.682445 2.682445 
2.662594 2.662586 
2.607364 2.607372 
2.601495 2.601488 
2.552393 2.552393 
2.589224 2.589224 
2.636092 2.636092 
2.655841 2.655833 
2.674826 2.674826 
2.621422 2.621422 
2.631756 2.631748 
2.629195 2.629195 
2.643822 2.643822 
2.656066 2.656066 
2.679940 2.679925 
2.687841 2.687841 
2.664965 2.664965 
2.683960 2.683968 
2.676346 2.676353 
2.664651 2.664666 
2.656981 2.656996 
2.660444 2.660437 
2.615805 2.615812 
2.674521 2.674521 
2.697315 2.697315 
2.695504 2.695497 
2.708184 2.708192 
2.755625 2.755625 
2.659216 2.659216 
2.678787 2.678795 
2.604940 2.604940 
2.579670 2.579670 
2.667186 2.667186 
2.649914 2.649914 
2.646218 2.646211 
2.662586 2.662594 
2.682980 2.682980 
2.631362 2.631370 
2.646828 2.646836 
2.563565 2.563558 
2.577846 2.577853 
2.529899 2.529907 
2.553985 2.553993 
2.595444 2.595444 
2.651530 2.651530 
2.675973 2.675966 
2.640420 2.640428 
2.682445 2.682445 
2.727711 2.727711 
2.616193 2.616201 
2.714741 2.714734 
2.670777 2.670785 
2.673298 2.673298 
2.657296 2.657296 
2.656456 2.656449 
2.701169 2.701177 
2.727339 2.727331 
2.643506 2.643521 
2.657986 2.657986 
2.641892 2.641892 
2.649605 2.649605 
2.640035 2.640035 
2.565469 2.565469 
2.510707 2.510715 
2.624529 2.624529 
2.614242 2.614250 
2.672926 2.672918 
2.655841 2.655833 
2.678795 2.678787 
2.740475 2.740475 
2.745605 2.745605 
2.786916 2.786923 
2.796211 2.796211 
2.762726 2.762726 
2.755329 2.755329 
2.789489 2.789482 
2.792189 2.792196 
2.782163 2.782156 
2.653378 2.653371 
2.571119 2.571103 
2.526675 2.526675 
2.526675 2.526675 
2.481276 2.481276 
2.468165 2.468165 
2.525381 2.525381 
2.497671 2.497671 
2.485962 2.485962 
2.494813 2.494805 
2.490479 2.490463 
2.502980 2.502972 
2.515260 2.515260 
2.482592 2.482592 
2.453571 2.453563 
2.470150 2.470142 
2.449490 2.449490 
2.440817 2.440801 
2.440817 2.440801 
2.477739 2.477739 
2.486619 2.486619 
2.502980 2.502980 
2.535384 2.535384 
2.547179 2.547195 
2.535384 2.535384 
2.519234 2.519226 
2.551432 2.551424 
2.474020 2.474036 
2.407124 2.407140 
2.371943 2.371943 
2.368244 2.368244 
2.372985 2.372968 
2.394639 2.394639 
2.420071 2.420071 
2.424366 2.424366 
2.381570 2.381553 
2.325460 2.325452 
2.410946 2.410946 
2.406113 2.406113 
2.406113 2.406113 
2.414580 2.414580 
2.456477 2.456477 
2.461210 2.461210 
2.457483 2.457467 
2.494813 2.494805 
2.498979 2.498979 
2.498979 2.498979 
2.535384 2.535384 
2.539484 2.539484 
2.486619 2.486611 
2.490799 2.490799 
2.485962 2.485962 
2.436208 2.436208 
2.448155 2.448155 
2.448155 2.448155 
2.451572 2.451572 
2.451572 2.451572 
2.429736 2.429753 
2.468165 2.468165 
2.474439 2.474439 
2.446477 2.446494 
2.432851 2.432851 
2.393523 2.393532 
2.409937 2.409929 
2.410516 2.410524 
2.410516 2.410524 
2.415934 2.415934 
2.443576 2.443568 
2.484984 2.484976 
2.464528 2.464528 
2.458132 2.458140 
2.444815 2.444815 
2.421076 2.421084 
2.402715 2.402715 
2.429490 2.429499 
2.459882 2.459882 
2.449815 2.449823 
2.459882 2.459882 
2.453148 2.453148 
2.462862 2.462870 
2.462862 2.462870 
2.436453 2.436453 
2.437876 2.437884 
2.439135 2.439143 
2.471134 2.471143 
2.471134 2.471143 
2.471134 2.471143 
2.497017 2.497025 
2.482592 2.482592 
2.447487 2.447495 
2.447487 2.447495 
2.421076 2.421084 
2.453148 2.453148 
2.377097 2.377097 
2.388839 2.388839 
2.388839 2.388839 
2.365044 2.365052 
2.358225 2.358225 
2.325014 2.325014 
2.361333 2.361341 
2.366863 2.366863 
2.368496 2.368496 
2.375470 2.375470 
2.419643 2.419643 
2.387120 2.387128 
2.385667 2.385667 
2.401105 2.401105 
2.360911 2.360902 
2.360911 2.360902 
2.386703 2.386694 
2.414333 2.414333 
2.435210 2.435201 
2.478977 2.478969 
2.478977 2.478969 
2.495388 2.495380 
2.478977 2.478969 
2.454155 2.454147 
2.470731 2.470723 
2.407471 2.407471 
2.404837 2.404846 
2.407554 2.407554 
2.418967 2.418976 
2.449490 2.449490 
2.457807 2.457807 
2.457807 2.457807 
2.457807 2.457807 
2.498979 2.498979 
2.501355 2.501347 
2.504604 2.504611 
2.504604 2.504611 
2.493183 2.493175 
2.446901 2.446909 
2.471796 2.471804 
2.395904 2.395920 
2.294712 2.294712 
2.294712 2.294712 
2.267875 2.267875 
2.271019 2.271027 
2.271019 2.271027 
2.338758 2.338758 
2.347467 2.347467 
2.344681 2.344689 
2.379242 2.379251 
2.398979 2.398979 
2.427389 2.427398 
2.438546 2.438555 
2.409937 2.409929 
2.426815 2.426806 
2.358580 2.358571 
2.369539 2.369531 
2.371691 2.371691 
2.299606 2.299597 
2.299606 2.299597 
2.306079 2.306070 
2.254796 2.254787 
2.247997 2.247997 
2.261027 2.261027 
2.215437 2.215437 
2.181643 2.181652 
2.098499 2.098490 
2.118914 2.118914 
2.089820 2.089820 
2.129385 2.129385 
2.100436 2.100436 
2.157945 2.157945 
2.157945 2.157945 
2.157945 2.157945 
2.174909 2.174900 
2.183049 2.183059 
2.181643 2.181652 
2.156060 2.156051 
2.154821 2.154831 
2.154821 2.154831 
2.138090 2.138090 
2.117860 2.117851 
2.097226 2.097236 
2.077673 2.077682 
2.088752 2.088742 
2.088752 2.088742 
2.076195 2.076205 
2.098499 2.098490 
2.116599 2.116608 
2.090697 2.090697 
2.091383 2.091383 
2.071082 2.071082 
2.021922 2.021922 
1.990691 1.990691 
1.981137 1.981137 
1.981137 1.981137 
1.970081 1.970081 
1.980413 1.980413 
1.980413 1.980413 
1.991932 1.991912 
2.011803 2.011803 
2.030381 2.030381 
2.020305 2.020305 
2.031284 2.031284 
2.072275 2.072256 
2.072275 2.072256 
2.111300 2.111281 
2.129385 2.129385 
2.110810 2.110810 
2.090697 2.090697 
2.038004 2.038014 
2.038004 2.038014 
2.038004 2.038014 
2.038004 2.038014 
2.078958 2.078948 
2.095762 2.095772 
2.103830 2.103830 
2.103830 2.103830 
2.084339 2.084339 
2.084339 2.084339 
2.057934 2.057944 
2.057934 2.057944 
2.039314 2.039304 
2.044799 2.044799 
2.050775 2.050784 
2.038512 2.038512 
2.002967 2.002957 
2.002967 2.002957 
2.002967 2.002957 
1.995511 1.995501 
1.938220 1.938230 
1.940440 1.940440 
1.912466 1.912476 
1.897904 1.897904 
1.897904 1.897904 
1.895635 1.895645 
1.908627 1.908627 
1.906370 1.906381 
1.895635 1.895645 
1.927662 1.927672 
1.927662 1.927672 
1.914611 1.914611 
1.903922 1.903922 
1.917046 1.917056 
1.876275 1.876275 
1.807457 1.807468 
1.827349 1.827349 
1.775686 1.775686 
1.775686 1.775686 
1.777862 1.777862 
1.784732 1.784743 
1.784732 1.784743 
1.784732 1.784743 
1.784732 1.784743 
1.735706 1.735706 
1.712029 1.712029 
1.666465 1.666477 
1.666465 1.666477 
1.651351 1.651351 
1.660594 1.660582 
1.678666 1.678678 
1.678666 1.678678 
1.678666 1.678678 
1.702808 1.702819 
1.702808 1.702819 
1.681229 1.681229 
1.672839 1.672827 
1.674411 1.674423 
1.674411 1.674423 
1.658120 1.658132 
1.678310 1.678310 
1.628944 1.628944 
1.661554 1.661578 
1.598962 1.598987 
1.573228 1.573254 
1.556545 1.556558 
1.551954 1.551954 
1.547067 1.547092 
1.547067 1.547092 
1.547067 1.547092 
1.538748 1.538748 
1.538748 1.538748 
1.538748 1.538748 
1.538748 1.538748 
1.538748 1.538748 
1.538748 1.538748 
1.538748 1.538748 
1.516701 1.516714 
1.533818 1.533844 
1.541931 1.541931 
1.523152 1.523152 
1.523152 1.523152 
1.523152 1.523152 
1.586148 1.586173 
1.578035 1.578035 
1.578035 1.578035 
1.578035 1.578035 
1.598962 1.598987 
1.593994 1.593994 
1.593994 1.593994 
1.593994 1.593994 
1.588734 1.588734 
1.588734 1.588734 
1.557210 1.557210 
1.557210 1.557210 
1.557210 1.557210 
1.557210 1.557210 
1.557210 1.557210 
1.536493 1.536493 
1.536493 1.536493 
1.536493 1.536493 
1.515229 1.515229 
1.515229 1.515229 
1.503875 1.503875 
1.503875 1.503875 
1.497740 1.497766 
1.497740 1.497766 
1.497740 1.497766 
1.490242 1.490242 
1.490242 1.490242 
1.497740 1.497766 
1.477591 1.477591 
1.477591 1.477591 
1.449704 1.449704 
1.449704 1.449704 
1.456863 1.456863 
1.456863 1.456863 
1.456863 1.456863 
1.449704 1.449690 
1.449704 1.449690 
1.470262 1.470235 
1.470262 1.470235 
1.470262 1.470235 
1.476484 1.476484 
1.440519 1.440519 
1.446318 1.446318 
1.484749 1.484763 
1.475782 1.475796 
1.475782 1.475796 
1.475782 1.475796 
1.475782 1.475796 
1.457000 1.457013 
1.457000 1.457013 
1.457000 1.457013 
1.475782 1.475796 
1.451820 1.451806 
1.451820 1.451806 
1.460361 1.460361 
1.460361 1.460361 
1.460361 1.460361 
1.468580 1.468580 
1.501700 1.501700 
1.501700 1.501700 
1.501700 1.501700 
1.506999 1.506986 
1.442924 1.442938 
1.447861 1.447875 
1.447861 1.447875 
1.442924 1.442938 
1.442924 1.442938 
1.442924 1.442938 
1.442924 1.442938 
1.442924 1.442938 
1.442924 1.442938 
1.442924 1.442938 
1.409725 1.409725 
1.404938 1.404953 
1.404938 1.404953 
1.404938 1.404953 
1.395173 1.395173 
1.395173 1.395173 
1.395173 1.395173 
1.395173 1.395173 
1.395173 1.395173 
1.340268 1.340282 
1.334635 1.334620 
1.334635 1.334620 
1.334635 1.334620 
1.328648 1.328648 
1.328648 1.328648 
1.328648 1.328648 
1.328648 1.328648 
1.328648 1.328648 
1.382690 1.382690 
1.382690 1.382690 
1.376333 1.376333 
1.376333 1.376333 
1.376333 1.376333 
1.376333 1.376333 
1.376333 1.376333 
1.367850 1.367850 
1.373956 1.373956 
1.373956 1.373956 
1.373956 1.373956 
1.367850 1.367850 
1.367850 1.367850 
1.376333 1.376333 
1.376333 1.376333 
1.376333 1.376333 
1.352848 1.352848 
1.352848 1.352848 
1.297564 1.297564 
1.297564 1.297564 
1.297564 1.297564 
1.297564 1.297564 
1.297564 1.297564 
1.291097 1.291097 
1.291097 1.291097 
1.322333 1.322333 
1.313198 1.313198 
1.268297 1.268297 
1.268297 1.268297 
1.268297 1.268297 
1.308698 1.308668 
1.308698 1.308668 
1.308698 1.308668 
1.308698 1.308668 
1.308698 1.308668 
1.308698 1.308668 
1.268297 1.268297 
1.268297 1.268297 
1.268297 1.268297 
1.268297 1.268297 
1.275193 1.275193 
1.275193 1.275193 
1.275193 1.275193 
1.275193 1.275193 
1.275193 1.275193 
1.252103 1.252103 
1.252103 1.252103 
1.228255 1.228222 
1.228255 1.228222 
1.185114 1.185114 
1.157757 1.157757 
1.157757 1.157757 
1.157757 1.157757 
1.164965 1.164965 
1.136422 1.136404 
1.069231 1.069250 
1.069231 1.069250 
1.069231 1.069250 
1.069231 1.069250 
1.069231 1.069250 
1.035098 1.035098 
1.035098 1.035098 
1.035098 1.035098 
1.035098 1.035098 
1.035098 1.035098 
1.035098 1.035098 
1.035098 1.035098 
1.035098 1.035098 
1.035098 1.035098 
1.042772 1.042752 
1.042772 1.042752 
1.030351 1.030370 
1.030351 1.030370 
1.056745 1.056764 
1.063100 1.063100 
1.063100 1.063100 
1.069045 1.069045 
1.069045 1.069045 
1.069045 1.069045 
1.069045 1.069045 
1.069045 1.069045 
1.069045 1.069045 
1.069045 1.069045 
1.069045 1.069045 
1.069045 1.069045 
1.074549 1.074568 
1.079693 1.079693 
1.079693 1.079693 
1.060623 1.060623 
1.046092 1.046073 
1.046092 1.046073 
1.046092 1.046073 
1.021415 1.021415 
1.021415 1.021415 
1.021415 1.021415 
1.021415 1.021415 
1.021415 1.021415 
1.015976 1.015995 
1.015976 1.015995 
1.015976 1.015995 
1.010153 1.010153 
1.010153 1.010153 
1.010153 1.010153 
1.010153 1.010153 
1.010153 1.010153 
1.010153 1.010153 
0.995686 0.995706 
1.010153 1.010153 
1.010153 1.010153 
1.010153 1.010153 
1.010153 1.010153 
1.010153 1.010153 
1.010153 1.010153 
1.010153 1.010153 
1.010153 1.010153 
1.010153 1.010153 
1.010153 1.010153 
0.995686 0.995706 
0.995686 0.995706 
0.995686 0.995706 
0.995686 0.995706 
0.995686 0.995706 
0.995686 0.995706 
0.959603 0.959603 
0.959603 0.959603 
0.899218 0.899196 
0.899218 0.899196 
0.899218 0.899196 
0.904434 0.904412 
0.904434 0.904412 
0.904434 0.904412 
0.909137 0.909137 
0.909137 0.909137 
0.909137 0.909137 
0.909137 0.909137 
0.909137 0.909137 
0.909137 0.909137 
0.909137 0.909137 
0.909137 0.909137 
0.904434 0.904412 
0.904434 0.904412 
0.904434 0.904412 
0.909137 0.909137 
0.909137 0.909137 
0.909137 0.909137 
0.913380 0.913402 
0.913380 0.913402 
0.913380 0.913402 
0.913380 0.913402 
0.939157 0.939178 
0.939157 0.939178 
0.939157 0.939178 
0.939157 0.939178 
0.939157 0.939178 
0.939157 0.939178 
0.913380 0.913402 
0.894641 0.894663 
0.894641 0.894663 
0.894641 0.894663 
0.898065 0.898065 
0.898065 0.898065 
0.898065 0.898065 
0.900990 0.901034 
0.900990 0.901034 
0.900990 0.901034 
0.900990 0.901034 
0.880631 0.880631 
0.880631 0.880631 
0.882710 0.882710 
0.884334 0.884334 
0.884334 0.884334 
0.884334 0.884334 
0.884334 0.884334 
0.884334 0.884334 
0.908216 0.908260 
0.908216 0.908260 
0.908216 0.908260 
0.908216 0.908260 
0.908216 0.908260 
0.908216 0.908260 
0.908216 0.908260 
0.908216 0.908260 
0.908216 0.908260 
0.908216 0.908260 
0.908216 0.908260 
0.908216 0.908260 
0.886158 0.886180 
0.886158 0.886180 
0.862104 0.862151 
0.862104 0.862151 
0.862821 0.862844 
0.862821 0.862844 
0.862821 0.862844 
0.862821 0.862844 
0.863075 0.863075 
0.863075 0.863075 
0.863075 0.863075 
0.863075 0.863075 
0.863075 0.863075 
0.863075 0.863075 
0.863075 0.863075 
0.863075 0.863075 
0.863075 0.863075 
0.862844 0.862821 
0.862844 0.862821 
0.909137 0.909137 
0.886180 0.886158 
0.886180 0.886158 
0.886180 0.886158 
0.885505 0.885460 
0.862844 0.862821 
0.862844 0.862821 
0.862844 0.862821 
0.862844 0.862821 
0.862844 0.862821 
0.862844 0.862821 
0.862844 0.862821 
0.862844 0.862821 
0.862844 0.862821 
0.862844 0.862821 
0.862844 0.862821 
0.862844 0.862821 
0.862844 0.862821 
0.862844 0.862821 
0.813432 0.813383 
0.813432 0.813383 
0.813432 0.813383 
0.813432 0.813383 
0.813432 0.813383 
0.812132 0.812156 
0.812132 0.812156 
0.812132 0.812156 
0.812132 0.812156 
0.812132 0.812156 
0.812132 0.812156 
0.812132 0.812156 
0.812132 0.812156 
0.812132 0.812156 
0.812132 0.812156 
0.812132 0.812156 
0.787943 0.787893 
0.787943 0.787893 
0.760214 0.760240 
0.758351 0.758351 
0.758351 0.758351 
0.758351 0.758351 
0.758351 0.758351 
0.758351 0.758351 
0.758351 0.758351 
0.758351 0.758351 
0.758351 0.758351 
0.758351 0.758351 
0.758351 0.758351 
0.758351 0.758351 
0.758351 0.758351 
0.758351 0.758351 
0.758351 0.758351 
0.758351 0.758351 
0.758351 0.758351 
0.758351 0.758351 
0.728431 0.728431 
0.666720 0.666690 
0.666720 0.666690 
0.666720 0.666690 
0.666720 0.666690 
0.666720 0.666690 
0.662702 0.662732 
0.662702 0.662732 
0.662702 0.662732 
0.658085 0.658085 
0.658085 0.658085 
0.658085 0.658085 
0.658085 0.658085 
0.658085 0.658085 
0.658085 0.658085 
0.658085 0.658085 
0.658085 0.658085 
0.658085 0.658085 
0.658085 0.658085 
0.658085 0.658085 
0.658085 0.658085 
0.658085 0.658085 
0.658085 0.658085 
0.658085 0.658085 
0.658085 0.658085 
0.658085 0.658085 
0.658085 0.658085 
0.658085 0.658085 
0.658085 0.658085 
0.658085 0.658085 
0.658085 0.658085 
0.658085 0.658085 
0.658085 0.658085 
0.658085 0.658085 
0.658085 0.658085 
0.658085 0.658085 
0.658085 0.658085 
0.652794 0.652763 
0.652794 0.652763 
0.652794 0.652763 
0.652794 0.652763 
0.652794 0.652763 
0.652794 0.652763 
0.652794 0.652763 
0.652794 0.652763 
0.652794 0.652763 
0.652794 0.652763 
0.646813 0.646813 
0.646813 0.646813 
0.646813 0.646813 
0.652794 0.652763 
0.652794 0.652763 
0.652794 0.652763 
0.652794 0.652763 
0.580288 0.580288 
0.580288 0.580288 
0.580288 0.580288 
0.580288 0.580288 
0.580288 0.580288 
0.580288 0.580288 
0.580288 0.580288 
0.580288 0.580288 
0.580288 0.580288 
0.580288 0.580288 
0.580288 0.580288 
0.580288 0.580288 
0.580288 0.580288 
0.580288 0.580288 
0.580288 0.580288 
0.580288 0.580288 
0.580288 0.580288 
0.580288 0.580288 
0.580288 0.580288 
0.580288 0.580288 
0.580288 0.580288 
0.580288 0.580288 
0.580288 0.580288 
0.580288 0.580288 
0.580288 0.580288 
0.580288 0.580288 
0.580288 0.580288 
0.580288 0.580288 
0.580288 0.580288 
0.580288 0.580288 
0.580288 0.580288 
0.580288 0.580288 
0.580288 0.580288 
0.580288 0.580288 
0.580288 0.580288 
0.580288 0.580288 
0.580288 0.580288 
0.580288 0.580288 
0.580288 0.580288 
0.580288 0.580288 
0.580288 0.580288 
0.580288 0.580288 
0.580288 0.580288 
0.580288 0.580288 
0.580288 0.580288 
0.580288 0.580288 
0.572857 0.572857 
0.572857 0.572857 
0.572857 0.572857 
0.572857 0.572857 
0.572857 0.572857 
0.572857 0.572857 
0.572857 0.572857 
0.572857 0.572857 
0.572857 0.572857 
0.572857 0.572857 
0.564587 0.564622 
0.564587 0.564622 
0.564587 0.564622 
0.564587 0.564622 
0.564587 0.564622 
0.564587 0.564622 
0.564587 0.564622 
0.564587 0.564622 
0.564587 0.564622 
0.564587 0.564622 
0.564587 0.564622 
0.564587 0.564622 
0.564587 0.564622 
0.564587 0.564622 
0.564587 0.564622 
0.564587 0.564622 
0.564587 0.564622 
0.517472 0.517434 
0.517472 0.517434 
0.517472 0.517434 
0.517472 0.517434 
0.517472 0.517434 
0.517472 0.517434 
0.517472 0.517434 
0.517472 0.517434 
0.517472 0.517434 
0.517472 0.517434 
0.517472 0.517434 
0.517472 0.517434 
0.517472 0.517434 
0.517472 0.517434 
0.464672 0.464672 
0.464672 0.464672 
0.464672 0.464672 
0.464672 0.464672 
0.464672 0.464672 
0.464672 0.464672 
0.464672 0.464672 
0.464672 0.464672 
0.464672 0.464672 
0.464672 0.464672 
0.464672 0.464672 
0.464672 0.464672 
0.464672 0.464672 
0.464672 0.464672 
0.464672 0.464672 
0.464672 0.464672 
0.464672 0.464672 
0.464672 0.464672 
0.464672 0.464672 
0.464672 0.464672 
0.464672 0.464672 
0.464672 0.464672 
0.464672 0.464672 
0.464672 0.464672 
0.464672 0.464672 
0.464672 0.464672 
0.464672 0.464672 
0.464672 0.464672 
0.464672 0.464672 
0.476404 0.476362 
0.476404 0.476362 
0.476404 0.476362 
0.476404 0.476362 
0.476404 0.476362 
0.476404 0.476362 
0.476404 0.476362 
0.476404 0.476362 
0.476404 0.476362 
0.476404 0.476362 
0.476404 0.476362 
0.476404 0.476362 
0.476404 0.476362 
0.464672 0.464672 
0.464672 0.464672 
0.464672 0.464672 
0.464672 0.464672 
0.464672 0.464672 
0.464672 0.464672 
0.464672 0.464672 
0.464672 0.464672 
0.464672 0.464672 
0.464672 0.464672 
0.464672 0.464672 
0.464672 0.464672 
0.464672 0.464672 
0.464672 0.464672 
0.464672 0.464672 
0.464672 0.464672 
0.464672 0.464672 
0.464672 0.464672 
0.464672 0.464672 
0.464672 0.464672 
0.464672 0.464672 
0.464672 0.464672 
0.464672 0.464672 
0.464672 0.464672 
0.464672 0.464672 
0.464672 0.464672 
0.464672 0.464672 
0.464672 0.464672 
0.464672 0.464672 
0.464672 0.464672 
0.464672 0.464672 
0.464672 0.464672 
0.464672 0.464672 
0.464672 0.464672 
0.464672 0.464672 
0.464672 0.464672 
0.464672 0.464672 
0.464672 0.464672 
0.464672 0.464672 
0.464672 0.464672 
0.464672 0.464672 
0.464672 0.464672 
0.464672 0.464672 
0.464672 0.464672 
0.464672 0.464672 
0.464672 0.464672 
0.464672 0.464672 
0.464672 0.464672 
0.464672 0.464672 
0.464672 0.464672 
0.464672 0.464672 
0.464672 0.464672 
0.464672 0.464672 
0.464672 0.464672 
0.464672 0.464672 
0.464672 0.464672 
0.464672 0.464672 
0.464672 0.464672 
0.464672 0.464672 
0.464672 0.464672 
0.464672 0.464672 
0.464672 0.464672 
0.464672 0.464672 
0.431445 0.431399 
0.431445 0.431399 
0.431445 0.431399 
0.431445 0.431399 
0.431445 0.431399 
0.431445 0.431399 
0.431445 0.431399 
0.431445 0.431399 
0.431445 0.431399 
0.431445 0.431399 
0.431445 0.431399 
0.431445 0.431399 
0.431445 0.431399 
0.431445 0.431399 
0.431445 0.431399 
0.431445 0.431399 
0.431445 0.431399 
