0.791376 
0.895710 
0.962300 
0.979379 
0.979379 
0.977424 
1.020204 
1.066656 
1.017074 
1.019579 
1.013934 
1.018327 
1.058855 
1.077365 
1.080320 
1.066656 
1.101946 
1.267228 
1.325765 
1.354320 
1.486761 
1.510170 
1.576291 
1.594794 
1.601578 
1.608333 
1.652920 
1.718744 
1.705334 
1.719486 
1.763071 
1.787856 
1.752549 
1.739399 
1.737565 
1.745621 
1.850262 
1.855769 
1.859545 
1.881706 
1.961036 
1.964610 
2.026294 
2.018410 
2.009226 
1.986562 
1.995211 
1.981097 
1.982384 
2.018410 
2.019358 
2.016513 
2.019042 
2.014298 
2.013665 
2.075734 
2.118312 
2.099259 
2.118312 
2.181497 
2.216013 
5.169327 
5.174383 
5.209269 
6.924060 
6.931884 
6.932712 
6.930412 
6.951270 
6.950077 
8.390654 
8.284252 
10.119566 
10.183394 
11.624054 
11.879067 
11.880249 
11.919105 
12.433599 
12.749450 
12.762699 
12.790801 
13.765715 
14.025623 
14.034851 
14.058687 
14.089953 
13.963418 
14.010201 
14.010929 
14.055511 
15.022474 
16.731371 
17.303562 
17.331993 
17.458113 
17.449856 
17.470163 
17.410118 
17.600586 
17.757652 
17.683802 
18.011829 
17.764688 
17.624050 
17.533495 
17.132660 
16.831093 
16.033447 
15.077098 
15.088007 
14.597753 
14.125530 
14.140242 
13.141984 
13.112738 
12.647598 
12.613161 
12.265556 
12.265556 
12.236821 
12.191290 
12.180404 
12.165001 
12.159863 
11.273275 
11.269541 
11.260256 
11.253118 
11.246768 
11.346806 
10.528872 
10.531658 
10.567808 
10.533232 
8.875844 
8.895224 
8.794130 
8.858006 
8.843596 
8.843596 
8.834216 
9.311776 
9.300401 
9.231987 
9.240549 
9.213593 
9.213593 
9.197104 
9.210271 
9.729242 
9.816688 
8.717213 
8.734608 
8.725842 
8.725842 
8.697730 
8.690835 
8.612106 
8.592088 
8.641529 
8.654066 
8.678057 
8.528913 
9.850153 
9.875501 
9.910569 
9.907738 
9.941281 
10.045052 
10.028913 
10.459104 
12.182079 
12.147268 
12.896171 
12.931038 
13.009612 
13.016669 
13.028716 
12.979182 
13.460922 
13.460922 
14.283571 
15.209674 
16.033367 
15.900519 
16.187832 
16.187832 
16.247292 
16.241875 
16.291039 
16.144991 
16.388460 
16.572737 
16.623610 
16.293779 
16.293779 
16.366653 
16.470676 
16.443161 
16.069206 
16.089830 
16.053085 
16.028036 
15.739590 
15.437249 
15.431878 
15.030497 
14.984857 
14.984857 
15.028205 
15.572658 
15.593693 
15.735213 
15.716071 
15.809049 
15.870410 
15.873302 
15.872981 
15.894101 
15.905171 
15.957373 
16.344896 
16.457273 
16.496599 
16.021908 
16.021908 
15.982931 
15.027696 
15.033976 
15.033976 
15.893379 
15.337113 
15.302644 
15.326048 
15.336531 
15.336531 
15.346924 
14.618272 
14.599675 
14.541286 
14.448095 
13.933241 
14.022121 
15.756032 
15.709659 
16.206732 
16.436722 
15.243517 
15.180294 
15.173738 
15.164405 
15.132240 
15.073036 
15.966084 
15.945458 
15.519573 
15.659564 
15.696906 
15.526311 
15.148583 
15.214621 
15.077352 
15.110309 
14.288928 
14.632750 
14.632750 
14.632750 
14.656961 
14.743383 
14.652000 
14.559870 
14.543653 
14.543653 
13.739374 
14.372149 
14.503870 
14.778811 
14.840736 
14.646689 
14.679571 
14.742604 
14.766378 
14.792700 
14.293837 
14.262392 
14.255236 
14.277141 
14.235447 
14.002369 
13.983683 
14.305344 
14.305344 
14.236074 
14.208721 
13.901806 
13.885005 
13.862480 
13.808271 
13.808271 
14.188509 
14.180776 
14.160163 
14.195609 
15.308811 
15.549050 
15.549050 
15.549050 
15.841611 
15.204138 
15.029223 
15.029223 
14.902660 
15.387843 
15.828078 
15.828078 
15.809210 
15.583875 
15.556185 
15.573395 
15.645548 
15.645548 
16.006855 
15.801867 
16.228125 
16.216961 
16.227810 
16.190353 
16.190353 
16.935953 
16.950258 
16.903688 
16.954620 
16.893726 
17.477974 
17.476223 
17.485563 
17.525928 
17.483812 
17.392527 
17.400152 
17.589277 
17.002401 
17.038671 
17.088306 
17.054235 
17.054235 
17.054235 
16.680216 
16.821846 
17.332727 
17.487459 
17.305626 
17.022045 
17.181356 
17.716877 
17.896528 
17.550074 
17.560827 
17.525637 
17.515446 
17.206875 
17.410852 
17.393700 
17.707661 
17.618694 
17.227470 
17.176455 
17.226877 
16.619696 
16.637646 
16.679909 
15.841208 
15.841208 
15.603996 
14.680961 
14.738710 
14.738710 
14.738710 
13.735104 
13.735104 
13.775533 
15.069905 
14.960663 
14.992004 
15.353654 
15.353654 
15.431713 
15.373413 
15.495885 
15.495885 
15.364948 
15.387677 
15.387677 
15.147742 
15.186258 
15.186258 
15.667952 
15.560776 
15.882219 
15.882219 
15.882219 
15.864381 
15.864381 
15.864381 
16.231112 
16.379742 
16.406973 
16.406973 
16.461304 
16.606337 
17.110683 
16.537218 
16.537218 
16.504637 
16.084915 
16.084915 
15.962169 
15.962169 
16.853209 
16.853209 
17.061264 
17.424620 
17.424620 
17.500145 
17.500145 
17.500145 
17.436766 
17.489647 
17.469069 
17.489210 
17.532768 
18.022379 
18.022379 
18.338791 
18.389078 
18.389078 
18.172361 
18.183868 
17.705500 
18.259747 
18.270920 
18.339346 
19.255266 
18.874451 
18.467705 
18.467705 
18.657629 
18.578981 
18.576372 
17.764044 
17.764044 
17.688778 
17.688778 
17.688778 
17.636494 
17.593046 
17.593046 
17.593046 
17.703770 
17.988516 
18.050524 
17.925156 
17.958996 
17.680700 
17.680700 
17.680700 
17.680700 
16.961090 
16.912741 
17.060516 
17.060516 
17.400593 
17.348469 
17.348469 
17.348469 
17.348469 
18.075663 
18.075663 
18.013599 
18.013599 
18.516815 
18.516815 
18.744387 
18.720419 
18.655851 
18.849836 
18.208261 
18.139061 
18.042326 
17.987524 
17.987524 
17.987524 
17.879416 
17.879416 
18.088078 
18.088078 
18.259888 
18.259888 
18.637110 
18.536505 
18.536505 
18.442963 
18.453749 
18.452503 
18.452503 
18.452503 
18.534441 
18.653801 
19.077179 
19.073301 
19.073301 
19.183458 
19.842236 
19.379271 
19.277777 
19.277777 
19.363731 
19.363731 
19.363731 
19.363731 
19.363731 
18.662962 
18.662962 
18.664602 
18.664602 
18.657494 
18.625744 
18.285295 
19.060858 
19.377691 
19.443928 
19.495159 
19.582245 
19.582245 
19.546778 
19.546778 
20.322275 
20.600178 
20.600178 
20.600178 
20.600178 
20.277916 
20.331060 
20.251732 
20.251732 
20.481575 
20.481575 
20.069141 
20.069141 
19.540251 
19.602556 
19.602556 
19.540644 
19.540644 
19.311491 
19.161106 
19.345806 
19.345806 
19.345806 
19.345806 
19.345806 
19.327995 
19.792288 
19.792288 
20.115610 
20.131075 
20.131075 
20.131075 
20.223875 
20.223875 
20.223875 
20.223875 
20.223875 
20.119034 
20.119034 
19.541819 
19.503401 
19.506147 
19.506147 
19.318754 
19.680223 
19.755005 
19.804014 
19.781330 
20.206587 
20.206587 
20.080704 
19.939449 
20.171080 
19.770882 
20.183216 
19.988646 
20.308464 
20.381313 
20.381313 
20.042429 
20.042429 
20.042429 
19.658825 
19.652336 
20.231316 
20.290367 
20.871449 
20.871449 
20.633835 
20.633835 
20.867537 
20.551205 
20.551205 
20.585808 
20.300171 
20.439558 
20.439558 
20.057316 
20.057316 
19.671667 
19.671667 
19.904877 
19.945078 
19.945078 
19.945078 
19.983284 
20.186756 
20.186756 
20.241779 
20.305950 
20.182838 
20.468616 
20.468616 
20.468616 
20.468616 
20.539782 
20.218323 
20.218323 
20.562374 
20.482821 
20.482821 
20.482821 
20.535435 
20.881224 
21.368130 
21.368130 
21.383762 
21.383762 
21.277803 
21.230753 
21.643801 
21.643801 
21.479700 
21.479700 
21.594358 
21.594358 
21.594358 
21.594358 
21.312902 
21.387938 
21.641443 
22.321743 
22.043787 
22.043787 
22.043787 
21.794611 
21.329773 
21.854225 
21.741407 
21.741407 
21.809589 
21.611599 
21.611599 
21.611599 
21.694069 
21.593178 
21.593178 
21.593178 
22.161167 
22.161167 
22.161167 
21.936132 
21.744223 
21.818827 
21.818827 
21.476851 
21.470079 
21.091999 
20.603273 
20.565351 
21.090185 
20.936127 
21.280800 
21.280800 
21.154678 
21.154678 
21.154678 
21.261492 
21.261492 
21.580650 
21.786066 
21.786066 
21.786066 
21.786066 
21.804558 
21.804558 
21.804558 
22.039158 
22.039158 
22.069347 
22.004059 
22.444603 
22.666054 
22.666054 
22.283653 
22.283653 
22.283653 
22.283653 
22.283653 
22.283653 
22.366726 
22.013447 
21.988981 
22.058365 
22.090837 
22.090837 
22.090145 
22.164850 
22.164850 
22.164850 
22.016575 
22.016575 
22.016575 
22.016575 
22.016575 
22.210037 
22.210037 
21.987358 
21.987358 
22.243780 
22.763088 
22.825089 
22.825089 
22.825089 
22.825089 
22.837938 
22.886030 
23.704279 
23.704279 
23.820652 
23.820652 
24.109232 
24.493231 
24.538704 
24.327694 
23.970325 
23.707186 
23.707186 
23.509441 
23.509441 
23.400898 
23.400898 
23.752337 
23.649330 
23.603117 
23.176453 
23.176453 
23.239656 
23.239656 
22.988794 
23.354195 
23.354195 
23.354195 
23.354195 
23.354195 
23.354195 
23.354195 
23.376030 
23.376030 
23.376030 
23.947327 
23.676712 
23.676712 
23.676712 
23.676712 
23.766079 
23.766079 
23.795044 
23.795044 
23.795044 
23.722891 
23.611654 
23.671864 
24.216919 
24.308813 
24.310072 
24.186985 
23.643396 
23.643396 
23.903292 
23.903292 
23.903292 
24.093355 
24.361227 
23.833393 
23.833393 
24.095474 
24.095474 
24.095474 
24.095474 
23.819689 
23.819689 
23.819689 
23.819689 
23.819689 
23.819689 
23.957020 
23.957020 
23.817974 
23.821188 
23.821188 
23.821188 
24.043327 
24.043327 
24.031654 
24.062206 
24.062206 
24.062206 
24.062206 
24.062206 
24.271214 
25.201231 
24.846262 
24.714285 
24.714285 
24.485939 
24.465302 
24.465302 
24.465302 
24.465302 
24.475935 
24.385300 
24.461340 
24.782318 
24.905741 
24.844620 
24.844620 
24.844620 
25.156448 
25.050968 
24.825514 
24.567276 
24.322870 
24.322870 
24.221554 
24.221554 
24.221554 
24.221554 
24.773258 
24.773258 
24.773258 
24.773258 
24.953835 
24.953835 
24.953835 
25.293783 
24.846468 
24.257126 
24.403286 
24.403286 
24.672550 
24.672550 
24.381535 
24.381535 
24.827158 
24.827158 
24.827158 
24.910656 
24.910656 
25.097565 
25.097565 
25.191107 
25.191107 
25.191107 
25.191107 
25.191107 
25.320799 
25.260883 
25.189486 
25.189486 
25.189486 
24.985710 
25.020195 
25.226120 
24.972229 
24.972229 
24.996122 
24.996122 
24.996122 
24.996122 
25.027740 
25.027740 
25.027740 
25.027740 
25.027740 
25.027740 
25.027740 
25.027740 
24.890167 
25.131084 
25.245529 
25.245529 
25.432383 
25.105492 
25.105492 
25.105492 
25.435793 
25.435793 
25.470871 
25.522499 
25.522499 
25.522499 
25.552668 
25.263308 
25.263308 
25.360262 
25.360262 
25.242496 
25.915876 
25.915876 
25.973495 
25.973495 
25.973495 
25.973495 
25.973495 
25.973495 
25.973495 
26.275230 
26.242783 
26.108877 
26.108877 
26.108877 
25.979977 
25.979977 
25.952076 
25.952076 
25.713491 
25.713491 
25.782845 
25.782845 
25.782845 
25.440006 
25.245125 
25.245125 
25.245125 
25.808756 
25.808756 
26.011379 
26.011379 
26.011379 
26.446905 
25.881992 
25.881992 
26.212048 
26.250753 
26.386259 
26.386259 
26.386259 
26.386259 
26.386259 
26.552029 
26.552029 
26.552029 
26.267656 
26.339037 
26.275425 
26.259886 
26.578917 
26.578917 
26.578917 
26.499905 
26.687725 
26.264355 
26.353756 
26.139540 
26.139540 
26.201534 
26.036865 
26.036865 
25.951092 
26.076418 
26.076418 
26.076418 
26.076418 
26.239672 
26.653482 
26.653482 
26.653482 
27.038143 
27.038143 
27.038143 
26.924118 
26.707600 
