2.401105 2.133887 2.401105 2.133884 
2.486206 2.115445 2.486208 2.115445 
2.501916 2.157190 2.501919 2.157188 
2.478398 2.147994 2.478394 2.147994 
2.384046 2.215069 2.384046 2.215069 
2.470727 2.235522 2.470725 2.235520 
2.494401 2.252346 2.494401 2.252346 
2.423441 2.314550 2.423441 2.314550 
2.426388 2.194241 2.426383 2.194241 
2.417706 2.144668 2.417706 2.144665 
2.402719 2.143429 2.402721 2.143429 
2.369535 2.155298 2.369535 2.155298 
2.373409 2.173683 2.373407 2.173685 
2.364707 2.213964 2.364707 2.213962 
2.368929 2.224630 2.368934 2.224630 
2.291423 2.177903 2.291420 2.177903 
2.262019 2.205375 2.262019 2.205371 
2.349555 2.210919 2.349555 2.210917 
2.213133 2.270036 2.213133 2.270036 
2.196841 2.270036 2.196846 2.270036 
2.250531 2.297204 2.250534 2.297204 
2.283568 2.294712 2.283571 2.294717 
2.264273 2.311991 2.264273 2.311991 
2.245722 2.281154 2.245722 2.281158 
2.240720 2.258408 2.240716 2.258408 
2.246450 2.200556 2.246450 2.200558 
2.262473 2.157096 2.262468 2.157096 
2.276409 2.149988 2.276409 2.149988 
2.276768 2.149988 2.276768 2.149988 
2.289369 2.145330 2.289373 2.145334 
2.276856 2.166533 2.276860 2.166536 
2.263824 2.187254 2.263824 2.187254 
2.224630 2.187254 2.224630 2.187254 
2.207963 2.187628 2.207963 2.187628 
2.190982 2.187628 2.190984 2.187628 
2.168044 2.205836 2.168039 2.205836 
2.205836 2.146567 2.205836 2.146569 
2.232322 2.146567 2.232324 2.146569 
2.227929 2.134363 2.227929 2.134363 
2.250080 2.090211 2.250080 2.090211 
2.272821 2.068323 2.272821 2.068323 
2.243267 2.075711 2.243267 2.075711 
2.271023 2.089820 2.271025 2.089820 
2.264546 2.093333 2.264546 2.093331 
2.254159 2.048794 2.254155 2.048791 
2.174433 2.029979 2.174434 2.029979 
2.168890 2.060315 2.168892 2.060315 
2.163134 2.065165 2.163142 2.065161 
2.154160 2.040008 2.154161 2.039998 
2.149997 2.056746 2.149988 2.056738 
2.185294 2.056746 2.185292 2.056738 
2.101612 1.993459 2.101603 1.993457 
2.101612 2.000000 2.101603 1.999990 
2.032790 2.023233 2.032795 2.023243 
2.032790 1.995504 2.032795 1.995506 
2.042497 2.044804 2.042507 2.044804 
2.040408 2.044804 2.040411 2.044804 
2.029267 2.029276 2.029276 2.029282 
2.029267 2.061897 2.029276 2.061896 
2.038009 2.111579 2.038009 2.111583 
2.066347 2.012309 2.066348 2.012299 
2.101982 2.041308 2.101991 2.041306 
2.068323 2.000002 2.068322 2.000000 
2.105785 1.998877 2.105774 1.998869 
2.092260 1.977013 2.092257 1.977013 
2.088255 1.996016 2.088256 1.996015 
2.055259 2.002549 2.055254 2.002539 
2.055254 2.000408 2.055257 2.000418 
2.089419 2.000408 2.089429 2.000418 
2.089419 1.930316 2.089429 1.930307 
2.089419 1.955525 2.089429 1.955525 
2.082483 1.965415 2.082483 1.965427 
2.010282 1.916203 2.010280 1.916214 
2.095282 1.916630 2.095281 1.916630 
2.017877 1.916630 2.017879 1.916630 
2.031284 1.916630 2.031286 1.916630 
2.031284 1.889714 2.031286 1.889712 
2.042005 1.910337 2.042008 1.910339 
2.072275 1.950929 2.072265 1.950929 
2.061205 1.950929 2.061206 1.950929 
1.997552 1.950929 1.997550 1.950929 
2.014640 1.950929 2.014640 1.950929 
2.018385 1.969254 2.018384 1.969256 
2.063176 1.945061 2.063186 1.945061 
2.017171 1.945061 2.017172 1.945061 
1.957089 1.909054 1.957090 1.909065 
1.942965 1.887121 1.942962 1.887131 
1.979487 1.945796 1.979487 1.945794 
1.957089 1.916630 1.957090 1.916630 
1.969261 1.917587 1.969254 1.917586 
1.986582 1.918333 1.986587 1.918329 
1.979477 1.908199 1.979487 1.908209 
2.038502 1.908199 2.038507 1.908209 
2.012725 1.897797 2.012715 1.897799 
2.004489 1.918864 2.004485 1.918854 
1.996020 1.885389 1.996016 1.885388 
1.936656 1.885389 1.936650 1.885388 
1.927248 1.862629 1.927248 1.862629 
1.992232 1.862629 1.992230 1.862629 
1.992232 1.850428 1.992230 1.850418 
2.002450 1.859998 2.002447 1.860001 
1.869305 1.845457 1.869301 1.845457 
1.821067 1.838477 1.821078 1.838478 
1.827349 1.784285 1.827343 1.784296 
1.827349 1.784285 1.827343 1.784296 
1.802035 1.776950 1.802040 1.776948 
1.810277 1.757085 1.810289 1.757098 
1.795698 1.809837 1.795686 1.809837 
1.799777 1.793867 1.799774 1.793865 
1.784397 1.793867 1.784400 1.793865 
1.752549 1.793867 1.752549 1.793865 
1.752549 1.811641 1.752549 1.811637 
1.766007 1.817825 1.766006 1.817836 
1.766932 1.846010 1.766930 1.846013 
1.737932 1.829464 1.737932 1.829464 
1.749157 1.800341 1.749169 1.800342 
1.740865 1.780163 1.740865 1.780148 
1.730405 1.799773 1.730400 1.799777 
1.730405 1.761261 1.730400 1.761250 
1.730405 1.761261 1.730400 1.761250 
1.734282 1.756155 1.734288 1.756162 
1.723897 1.756155 1.723902 1.756162 
1.726611 1.759059 1.726623 1.759053 
1.766357 1.775686 1.766352 1.775697 
1.770043 1.766353 1.770046 1.766357 
1.770043 1.756736 1.770046 1.756740 
1.770043 1.759986 1.770046 1.759993 
1.794443 1.761261 1.794436 1.761261 
1.692853 1.785314 1.692842 1.785312 
1.681110 1.763115 1.681107 1.763116 
1.669046 1.773846 1.669046 1.773844 
1.668926 1.773846 1.668923 1.773844 
1.680731 1.773846 1.680744 1.773844 
1.736624 1.772811 1.736640 1.772811 
1.733351 1.758477 1.733346 1.758487 
1.731337 1.777869 1.731344 1.777862 
1.752538 1.675879 1.752549 1.675886 
1.705801 1.690308 1.705813 1.690320 
1.694654 1.729103 1.694650 1.729103 
1.702456 1.707248 1.702459 1.707249 
1.702456 1.707248 1.702459 1.707249 
1.710002 1.713810 1.709995 1.713821 
1.705334 1.731933 1.705334 1.731936 
1.688374 1.731933 1.688376 1.731936 
1.689837 1.726149 1.689826 1.726149 
1.690308 1.743677 1.690308 1.743679 
1.696217 1.743677 1.696214 1.743679 
1.696217 1.743677 1.696214 1.743679 
1.736050 1.730990 1.736052 1.730992 
1.733684 1.733699 1.733700 1.733684 
1.702468 1.718566 1.702459 1.718570 
1.694654 1.718566 1.694649 1.718570 
1.619915 1.718566 1.619901 1.718570 
1.610686 1.662184 1.610678 1.662178 
1.626434 1.662184 1.626440 1.662178 
1.626434 1.662184 1.626440 1.662178 
1.604064 1.662184 1.604077 1.662178 
1.606758 1.653691 1.606747 1.653679 
1.572861 1.681714 1.572857 1.681727 
1.572861 1.697055 1.572857 1.697063 
1.589386 1.697055 1.589378 1.697063 
1.589386 1.675880 1.589378 1.675874 
1.577909 1.675880 1.577909 1.675874 
1.528117 1.681229 1.528104 1.681241 
1.554982 1.681229 1.554979 1.681241 
1.580622 1.676853 1.580622 1.676861 
1.567009 1.678191 1.567007 1.678191 
1.590790 1.678191 1.590790 1.678191 
1.585783 1.692240 1.585778 1.692241 
1.583582 1.740397 1.583589 1.740407 
1.591303 1.740397 1.591302 1.740407 
1.613850 1.740397 1.613842 1.740407 
1.594506 1.740397 1.594507 1.740407 
1.560879 1.764040 1.560874 1.764043 
1.560879 1.752549 1.560874 1.752549 
1.590915 1.775571 1.590918 1.775574 
1.611700 1.750685 1.611692 1.750683 
1.611700 1.761261 1.611692 1.761261 
1.606746 1.761261 1.606746 1.761261 
1.626814 1.761261 1.626816 1.761261 
1.633953 1.761261 1.633951 1.761261 
1.633953 1.761261 1.633951 1.761261 
1.616244 1.754760 1.616244 1.754754 
1.564399 1.775686 1.564400 1.775675 
1.549718 1.773271 1.549720 1.773283 
1.541931 1.756156 1.541931 1.756150 
1.541931 1.756156 1.541931 1.756150 
1.541931 1.756156 1.541931 1.756150 
1.547080 1.756156 1.547084 1.756150 
1.582563 1.756156 1.582558 1.756150 
1.582563 1.749636 1.582558 1.749647 
1.582563 1.749636 1.582558 1.749647 
1.582563 1.722480 1.582558 1.722486 
1.582563 1.742155 1.582558 1.742159 
1.564922 1.733700 1.564922 1.733707 
1.564922 1.766006 1.564922 1.766007 
1.564922 1.766006 1.564922 1.766007 
1.585142 1.760798 1.585135 1.760808 
1.552352 1.766930 1.552352 1.766932 
1.528638 1.766930 1.528638 1.766932 
1.520074 1.784285 1.520070 1.784285 
1.520074 1.795232 1.520070 1.795220 
1.522079 1.795232 1.522082 1.795220 
1.522079 1.822870 1.522082 1.822872 
1.538619 1.827678 1.538619 1.827677 
1.513070 1.827678 1.513072 1.827677 
1.527438 1.825444 1.527436 1.825429 
1.527438 1.818387 1.527436 1.818395 
1.527438 1.795686 1.527436 1.795675 
1.527438 1.795686 1.527436 1.795675 
1.541414 1.798978 1.541401 1.798991 
1.554982 1.798978 1.554979 1.798991 
1.568051 1.775687 1.568048 1.775697 
1.579979 1.789311 1.579977 1.789316 
1.553007 1.802606 1.553009 1.802610 
1.563482 1.805773 1.563486 1.805780 
1.587717 1.795686 1.587708 1.795686 
1.559832 1.773847 1.559828 1.773844 
1.570642 1.763115 1.570649 1.763116 
1.570642 1.717140 1.570649 1.717143 
1.570642 1.717259 1.570649 1.717259 
1.570642 1.728630 1.570649 1.728630 
1.581139 1.728630 1.581139 1.728630 
1.613850 1.728630 1.613843 1.728630 
1.635818 1.680136 1.635823 1.680138 
1.635818 1.680136 1.635823 1.680138 
1.635818 1.680136 1.635823 1.680138 
1.641304 1.726149 1.641304 1.726149 
1.637450 1.726149 1.637444 1.726149 
1.637450 1.746834 1.637444 1.746843 
1.637450 1.746834 1.637444 1.746843 
1.661578 1.733346 1.661571 1.733351 
1.644409 1.738401 1.644409 1.738402 
1.651713 1.735699 1.651715 1.735706 
1.651713 1.641304 1.651715 1.641304 
1.577403 1.624934 1.577391 1.624939 
1.577403 1.624934 1.577391 1.624939 
1.558260 1.645774 1.558257 1.645778 
1.551826 1.645774 1.551826 1.645778 
1.545107 1.628947 1.545104 1.628944 
1.538087 1.669046 1.538088 1.669046 
1.530775 1.688376 1.530773 1.688374 
1.555110 1.688376 1.555110 1.688374 
1.586160 1.719160 1.586164 1.719162 
1.603704 1.719160 1.603695 1.719162 
1.603704 1.743677 1.603695 1.743679 
1.620788 1.743677 1.620783 1.743679 
1.603567 1.743677 1.603567 1.743679 
1.607255 1.737932 1.607254 1.737932 
1.549319 1.760798 1.549325 1.760797 
1.539150 1.760798 1.539149 1.760797 
1.541931 1.760798 1.541931 1.760797 
1.517792 1.700420 1.517786 1.700418 
1.517792 1.700420 1.517786 1.700418 
1.520074 1.709994 1.520070 1.709990 
1.510381 1.690429 1.510373 1.690438 
1.511858 1.690429 1.511858 1.690438 
1.500478 1.690429 1.500476 1.690438 
1.459815 1.706650 1.459802 1.706654 
1.460361 1.706650 1.460361 1.706654 
1.388142 1.706650 1.388142 1.706654 
1.416523 1.706650 1.416521 1.706654 
1.429854 1.662184 1.429857 1.662178 
1.428571 1.662184 1.428571 1.662178 
1.412620 1.616244 1.412625 1.616244 
1.396216 1.619902 1.396205 1.619902 
1.396216 1.619902 1.396205 1.619902 
1.396216 1.619902 1.396205 1.619902 
1.396216 1.613843 1.396205 1.613838 
1.396216 1.616749 1.396205 1.616750 
1.396216 1.631951 1.396205 1.631951 
1.343921 1.646766 1.343921 1.646771 
1.343921 1.636447 1.343921 1.636451 
1.343921 1.636447 1.343921 1.636451 
1.306351 1.636447 1.306342 1.636451 
1.306351 1.613211 1.306342 1.613208 
1.306351 1.589378 1.306342 1.589386 
1.302424 1.603567 1.302431 1.603567 
1.329263 1.603567 1.329262 1.603567 
1.324803 1.591944 1.324803 1.591942 
1.324803 1.593482 1.324803 1.593494 
1.330342 1.593482 1.330337 1.593494 
1.330342 1.593866 1.330337 1.593869 
1.322333 1.606746 1.322336 1.606746 
1.331106 1.606746 1.331104 1.606746 
1.331106 1.568048 1.331104 1.568051 
1.293010 1.568048 1.292995 1.568051 
1.285559 1.540739 1.285555 1.540741 
1.293626 1.540739 1.293626 1.540741 
1.293626 1.540739 1.293626 1.540741 
1.293626 1.526501 1.293626 1.526499 
1.285544 1.538619 1.285555 1.538619 
1.285544 1.538619 1.285555 1.538619 
1.284287 1.538619 1.284285 1.538619 
1.284287 1.550378 1.284285 1.550374 
1.284287 1.520070 1.284285 1.520074 
1.275193 1.517786 1.275195 1.517778 
1.281740 1.517786 1.281740 1.517778 
1.309475 1.517786 1.309463 1.517778 
1.309475 1.517786 1.309463 1.517778 
1.330342 1.541931 1.330337 1.541931 
1.330342 1.562442 1.330337 1.562449 
1.304458 1.562442 1.304466 1.562449 
1.304458 1.532771 1.304466 1.532766 
1.304458 1.480347 1.304466 1.480353 
1.304458 1.480347 1.304466 1.480353 
1.304458 1.480347 1.304466 1.480353 
1.304458 1.480347 1.304466 1.480353 
1.309307 1.480347 1.309307 1.480353 
1.309307 1.484752 1.309307 1.484749 
1.309307 1.479658 1.309307 1.479667 
1.309307 1.479658 1.309307 1.479667 
1.333410 1.468583 1.333401 1.468580 
1.333410 1.468583 1.333401 1.468580 
1.294258 1.468583 1.294257 1.468580 
1.294258 1.468583 1.294257 1.468580 
1.297564 1.468583 1.297564 1.468580 
1.297564 1.477588 1.297564 1.477591 
1.297564 1.449701 1.297564 1.449704 
1.297564 1.428000 1.297564 1.427999 
1.297564 1.411903 1.297564 1.411901 
1.297564 1.411903 1.297564 1.411901 
1.297564 1.411903 1.297564 1.411901 
1.284768 1.411903 1.284762 1.411901 
1.210340 1.417817 1.210330 1.417817 
1.212183 1.417817 1.212183 1.417817 
1.180802 1.417817 1.180799 1.417817 
1.180802 1.399854 1.180799 1.399865 
1.180802 1.399854 1.180799 1.399865 
1.180802 1.404948 1.180799 1.404953 
1.164794 1.424136 1.164790 1.424128 
1.164794 1.428571 1.164790 1.428571 
1.182353 1.418392 1.182353 1.418393 
1.164777 1.450686 1.164790 1.450694 
1.164777 1.450686 1.164790 1.450694 
1.164777 1.440096 1.164790 1.440090 
1.164246 1.457423 1.164264 1.457423 
1.163390 1.457423 1.163387 1.457423 
1.144460 1.457423 1.144463 1.457423 
1.122854 1.451389 1.122861 1.451394 
1.122854 1.467470 1.122861 1.467467 
1.099357 1.467470 1.099350 1.467467 
1.099357 1.467470 1.099350 1.467467 
1.096180 1.467470 1.096190 1.467467 
1.096180 1.484615 1.096190 1.484615 
1.092647 1.499524 1.092647 1.499522 
1.092647 1.499524 1.092647 1.499522 
1.092647 1.499524 1.092647 1.499522 
1.092647 1.445048 1.092647 1.445050 
1.030950 1.459802 1.030950 1.459815 
0.964906 1.459802 0.964894 1.459815 
0.964906 1.459802 0.964894 1.459815 
0.964906 1.460221 0.964894 1.460224 
0.964906 1.460361 0.964894 1.460361 
0.953833 1.460361 0.953832 1.460361 
0.953833 1.460361 0.953832 1.460361 
0.953833 1.460361 0.953832 1.460361 
0.947607 1.474131 0.947607 1.474120 
0.947607 1.474131 0.947607 1.474120 
0.918971 1.474131 0.918961 1.474120 
0.918971 1.485852 0.918961 1.485849 
0.918971 1.481312 0.918961 1.481322 
0.918971 1.481312 0.918961 1.481322 
0.918971 1.465383 0.918961 1.465388 
0.918971 1.490651 0.918961 1.490644 
0.865680 1.501700 0.865672 1.501700 
0.865680 1.498843 0.865672 1.498844 
0.880857 1.454199 0.880862 1.454206 
0.895354 1.436549 0.895339 1.436543 
0.912725 1.446883 0.912722 1.446883 
0.912725 1.428571 0.912722 1.428571 
0.912725 1.424136 0.912722 1.424142 
0.912725 1.424136 0.912722 1.424142 
0.912725 1.424136 0.912722 1.424142 
0.902625 1.424136 0.902604 1.424142 
0.902625 1.424136 0.902604 1.424142 
0.902625 1.424136 0.902604 1.424142 
0.902625 1.424136 0.902604 1.424142 
0.902625 1.424136 0.902604 1.424142 
0.902625 1.424136 0.902604 1.424142 
0.902625 1.424136 0.902604 1.424142 
0.832993 1.433705 0.832993 1.433710 
0.832993 1.465801 0.832993 1.465809 
0.844895 1.454620 0.844913 1.454618 
0.844895 1.434417 0.844913 1.434419 
0.844895 1.434417 0.844913 1.434419 
0.844895 1.434417 0.844913 1.434419 
0.842982 1.434417 0.842978 1.434419 
0.829060 1.434417 0.829064 1.434419 
0.829060 1.434417 0.829064 1.434419 
0.829060 1.434417 0.829064 1.434419 
0.829060 1.442220 0.829064 1.442234 
0.829060 1.435554 0.829064 1.435558 
0.829060 1.435554 0.829064 1.435558 
0.829060 1.435554 0.829064 1.435558 
0.829060 1.428571 0.829064 1.428571 
0.829060 1.428571 0.829064 1.428571 
0.829060 1.392253 0.829064 1.392242 
0.829060 1.392253 0.829064 1.392242 
0.829060 1.392253 0.829064 1.392242 
0.829060 1.392253 0.829064 1.392242 
0.829060 1.392253 0.829064 1.392242 
0.814411 1.392253 0.814411 1.392242 
0.814411 1.392253 0.814411 1.392242 
0.814411 1.392253 0.814411 1.392242 
0.773005 1.392253 0.773014 1.392242 
0.773005 1.392253 0.773014 1.392242 
0.773005 1.361422 0.773014 1.361424 
0.773005 1.361422 0.773014 1.361424 
0.773005 1.352850 0.773014 1.352848 
0.773005 1.352850 0.773014 1.352848 
0.773005 1.352850 0.773014 1.352848 
0.782741 1.352850 0.782722 1.352848 
0.782741 1.352850 0.782722 1.352848 
0.782741 1.359021 0.782722 1.359021 
0.782741 1.349830 0.782722 1.349825 
0.782741 1.349830 0.782722 1.349825 
0.738458 1.355412 0.738449 1.355424 
0.738458 1.355412 0.738449 1.355424 
0.738458 1.345590 0.738449 1.345595 
0.738458 1.345590 0.738449 1.345595 
0.738458 1.345590 0.738449 1.345595 
0.738458 1.335389 0.738449 1.335381 
0.738458 1.335389 0.738449 1.335381 
0.738458 1.340119 0.738449 1.340119 
0.738458 1.340119 0.738449 1.340119 
0.738458 1.340119 0.738449 1.340119 
0.738458 1.359622 0.738449 1.359622 
0.738458 1.333401 0.738449 1.333410 
0.738458 1.352398 0.738449 1.352391 
0.738458 1.359021 0.738449 1.359021 
0.738458 1.346803 0.738449 1.346809 
0.738458 1.346803 0.738449 1.346809 
0.738458 1.346803 0.738449 1.346809 
0.738458 1.346803 0.738449 1.346809 
0.719678 1.346803 0.719694 1.346809 
0.719678 1.346803 0.719694 1.346809 
0.719678 1.346803 0.719694 1.346809 
0.719678 1.364417 0.719694 1.364422 
0.736512 1.364417 0.736511 1.364422 
0.736512 1.364417 0.736511 1.364422 
0.716014 1.364417 0.715998 1.364422 
0.716014 1.364417 0.715998 1.364422 
0.716014 1.364417 0.715998 1.364422 
0.723076 1.364417 0.723089 1.364422 
0.723076 1.381511 0.723089 1.381507 
0.723076 1.381511 0.723089 1.381507 
0.723076 1.381511 0.723089 1.381507 
0.723076 1.383430 0.723089 1.383439 
0.723076 1.309307 0.723089 1.309307 
0.723076 1.310709 0.723089 1.310707 
0.723076 1.310709 0.723089 1.310707 
0.729552 1.310709 0.729551 1.310707 
0.729552 1.310709 0.729551 1.310707 
0.729552 1.310709 0.729551 1.310707 
0.729552 1.310709 0.729551 1.310707 
0.729552 1.310709 0.729551 1.310707 
0.729552 1.310709 0.729551 1.310707 
0.729552 1.310709 0.729551 1.310707 
0.729552 1.281103 0.729551 1.281118 
0.735402 1.281103 0.735402 1.281118 
0.735402 1.281103 0.735402 1.281118 
0.735402 1.281103 0.735402 1.281118 
0.735402 1.281581 0.735402 1.281584 
0.735402 1.281581 0.735402 1.281584 
0.735402 1.281581 0.735402 1.281584 
0.735402 1.281581 0.735402 1.281584 
0.735402 1.281581 0.735402 1.281584 
0.688398 1.281581 0.688388 1.281584 
0.692813 1.281581 0.692820 1.281584 
0.692813 1.281581 0.692820 1.281584 
0.692813 1.281581 0.692820 1.281584 
0.666720 1.281581 0.666701 1.281584 
0.638877 1.297564 0.638877 1.297564 
0.638877 1.297564 0.638877 1.297564 
0.638877 1.297564 0.638877 1.297564 
0.638877 1.297564 0.638877 1.297564 
0.641740 1.297564 0.641745 1.297564 
0.641740 1.297564 0.641745 1.297564 
0.611461 1.297564 0.611455 1.297564 
0.611461 1.297564 0.611455 1.297564 
0.611461 1.297564 0.611455 1.297564 
0.611461 1.297564 0.611455 1.297564 
0.611461 1.297564 0.611455 1.297564 
0.611461 1.281581 0.611455 1.281569 
0.611461 1.281103 0.611455 1.281087 
0.611461 1.281103 0.611455 1.281087 
0.611461 1.281103 0.611455 1.281087 
0.613153 1.281103 0.613122 1.281087 
0.614127 1.296148 0.614120 1.296151 
0.614452 1.296148 0.614452 1.296151 
0.614452 1.296148 0.614452 1.296151 
0.614452 1.296148 0.614452 1.296151 
0.614452 1.279190 0.614452 1.279187 
0.614452 1.279190 0.614452 1.279187 
0.614452 1.212183 0.614452 1.212183 
0.614452 1.212183 0.614452 1.212183 
0.614452 1.212183 0.614452 1.212183 
0.614452 1.212183 0.614452 1.212183 
0.614452 1.212183 0.614452 1.212183 
0.614095 1.212183 0.614120 1.212183 
0.614095 1.212183 0.614120 1.212183 
0.613088 1.227075 0.613122 1.227070 
0.613088 1.224911 0.613122 1.224924 
0.537942 1.224911 0.537948 1.224924 
0.537942 1.224911 0.537948 1.224924 
0.537942 1.224911 0.537948 1.224924 
0.534522 1.224911 0.534522 1.224924 
0.534522 1.224911 0.534522 1.224924 
0.534522 1.224911 0.534522 1.224924 
0.534522 1.224911 0.534522 1.224924 
0.534522 1.224911 0.534522 1.224924 
0.534522 1.224911 0.534522 1.224924 
0.534522 1.188551 0.534522 1.188557 
0.534522 1.188551 0.534522 1.188557 
0.534522 1.188551 0.534522 1.188557 
0.534522 1.188551 0.534522 1.188557 
0.534522 1.202718 0.534522 1.202709 
0.534522 1.202718 0.534522 1.202709 
0.534522 1.202718 0.534522 1.202709 
0.534522 1.202718 0.534522 1.202709 
0.534522 1.202718 0.534522 1.202709 
0.530293 1.202718 0.530306 1.202709 
0.530293 1.202718 0.530306 1.202709 
0.484904 1.202718 0.484873 1.202709 
0.484904 1.202718 0.484873 1.202709 
0.484904 1.147313 0.484873 1.147313 
0.484904 1.125584 0.484873 1.125584 
0.484904 1.125584 0.484873 1.125584 
0.484904 1.125584 0.484873 1.125584 
0.484904 1.121406 0.484873 1.121416 
0.484904 1.098422 0.484873 1.098414 
0.484904 1.035887 0.484873 1.035887 
0.484904 1.035887 0.484873 1.035887 
0.484904 1.035887 0.484873 1.035887 
0.484904 1.035887 0.484873 1.035887 
0.484904 1.035887 0.484873 1.035887 
0.471188 1.035887 0.471212 1.035887 
0.471188 1.035887 0.471212 1.035887 
0.471188 1.035887 0.471212 1.035887 
0.471188 1.035887 0.471212 1.035887 
0.471188 1.035887 0.471212 1.035887 
0.471188 1.035887 0.471212 1.035887 
0.471188 1.035887 0.471212 1.035887 
0.471188 1.035887 0.471212 1.035887 
0.471188 1.035887 0.471212 1.035887 
0.471188 1.030157 0.471212 1.030158 
0.471188 1.030157 0.471212 1.030158 
0.471188 1.023998 0.471212 1.024006 
0.471188 1.023998 0.471212 1.024006 
0.471188 1.037265 0.471212 1.037272 
0.471188 1.030356 0.471212 1.030351 
0.471188 1.030356 0.471212 1.030351 
0.471188 1.023001 0.471212 1.023013 
0.471188 1.023001 0.471212 1.023013 
0.471188 1.023001 0.471212 1.023013 
0.471188 1.023001 0.471212 1.023013 
0.471188 1.023001 0.471212 1.023013 
0.471188 1.023001 0.471212 1.023013 
0.471188 1.023001 0.471212 1.023013 
0.471188 1.023001 0.471212 1.023013 
0.471188 1.023001 0.471212 1.023013 
0.471188 1.035098 0.471212 1.035098 
0.471188 1.046666 0.471212 1.046663 
0.471188 1.046666 0.471212 1.046663 
0.462910 0.998162 0.462910 0.998165 
0.462910 0.968061 0.462910 0.968081 
0.462910 0.968061 0.462910 0.968081 
0.462910 0.968061 0.462910 0.968081 
0.453559 0.968061 0.453557 0.968081 
0.453559 0.968061 0.453557 0.968081 
0.453559 0.968061 0.453557 0.968081 
0.453559 0.968061 0.453557 0.968081 
0.453559 0.968061 0.453557 0.968081 
0.443113 0.968061 0.443087 0.968081 
0.443113 0.968061 0.443087 0.968081 
0.443113 0.968061 0.443087 0.968081 
0.431399 0.968061 0.431419 0.968081 
0.431399 0.968061 0.431419 0.968081 
0.431399 0.968061 0.431419 0.968081 
0.431399 0.968061 0.431419 0.968081 
0.431399 0.968061 0.431419 0.968081 
0.431399 0.968061 0.431419 0.968081 
0.431399 0.958102 0.431419 0.958107 
0.418454 0.958102 0.418452 0.958107 
0.418454 0.958102 0.418452 0.958107 
0.418454 0.958102 0.418452 0.958107 
0.418454 0.958102 0.418452 0.958107 
0.418454 0.958102 0.418452 0.958107 
0.418454 0.958102 0.418452 0.958107 
0.418454 0.958102 0.418452 0.958107 
0.418454 0.958102 0.418452 0.958107 
0.418454 0.958102 0.418452 0.958107 
0.418454 0.958102 0.418452 0.958107 
0.418454 0.947607 0.418452 0.947607 
0.418454 0.947607 0.418452 0.947607 
0.418454 0.947607 0.418452 0.947607 
0.418454 0.947607 0.418452 0.947607 
0.418454 0.947607 0.418452 0.947607 
0.418454 0.947607 0.418452 0.947607 
0.418454 0.914509 0.418452 0.914492 
0.418454 0.914509 0.418452 0.914492 
0.418454 0.856190 0.418452 0.856166 
0.418454 0.856190 0.418452 0.856166 
0.418454 0.856190 0.418452 0.856166 
0.418454 0.866850 0.418452 0.866853 
0.418454 0.866850 0.418452 0.866853 
0.418454 0.866850 0.418452 0.866853 
0.418454 0.853325 0.418452 0.853321 
0.418454 0.853325 0.418452 0.853321 
0.418454 0.853325 0.418452 0.853321 
0.418454 0.853325 0.418452 0.853321 
0.418454 0.853325 0.418452 0.853321 
0.418454 0.853325 0.418452 0.853321 
0.418454 0.853325 0.418452 0.853321 
0.418454 0.853325 0.418452 0.853321 
0.404061 0.853325 0.404061 0.853321 
0.404061 0.853325 0.404061 0.853321 
0.404061 0.853325 0.404061 0.853321 
0.404061 0.839096 0.404061 0.839096 
0.404061 0.839096 0.404061 0.839096 
0.404061 0.839096 0.404061 0.839096 
0.404061 0.824126 0.404061 0.824117 
0.404061 0.824126 0.404061 0.824117 
0.404061 0.824126 0.404061 0.824117 
0.404061 0.824126 0.404061 0.824117 
0.404061 0.833238 0.404061 0.833256 
0.404061 0.833238 0.404061 0.833256 
0.404061 0.833238 0.404061 0.833256 
0.404061 0.833238 0.404061 0.833256 
0.404061 0.833238 0.404061 0.833256 
0.404061 0.833238 0.404061 0.833256 
0.388111 0.833238 0.388088 0.833256 
0.388111 0.817163 0.388088 0.817172 
0.388111 0.817163 0.388088 0.817172 
0.388111 0.817163 0.388088 0.817172 
0.388111 0.825363 0.388088 0.825350 
0.388111 0.825363 0.388088 0.825350 
0.388111 0.825363 0.388088 0.825350 
0.388111 0.832993 0.388088 0.832993 
0.388111 0.832993 0.388088 0.832993 
0.388111 0.832993 0.388088 0.832993 
0.388111 0.832993 0.388088 0.832993 
0.388111 0.815413 0.388088 0.815414 
0.388111 0.815413 0.388088 0.815414 
0.388111 0.822143 0.388088 0.822156 
0.388111 0.828325 0.388088 0.828314 
0.388111 0.828325 0.388088 0.828314 
0.388111 0.828325 0.388088 0.828314 
0.388111 0.828325 0.388088 0.828314 
0.388111 0.828325 0.388088 0.828314 
0.388111 0.833973 0.388088 0.833974 
0.388111 0.833973 0.388088 0.833974 
0.388111 0.833973 0.388088 0.833974 
0.388111 0.833973 0.388088 0.833974 
0.388111 0.833973 0.388088 0.833974 
0.388111 0.833973 0.388088 0.833974 
0.388111 0.833973 0.388088 0.833974 
0.388111 0.833973 0.388088 0.833974 
0.388111 0.833973 0.388088 0.833974 
0.388111 0.833973 0.388088 0.833974 
0.388111 0.833973 0.388088 0.833974 
0.388111 0.833973 0.388088 0.833974 
0.388111 0.814411 0.388088 0.814411 
0.388111 0.814411 0.388088 0.814411 
0.370347 0.814411 0.370328 0.814411 
0.370347 0.814411 0.370328 0.814411 
0.370347 0.819158 0.370328 0.819169 
0.370347 0.819158 0.370328 0.819169 
0.370347 0.819158 0.370328 0.819169 
0.370347 0.819158 0.370328 0.819169 
0.370347 0.823383 0.370328 0.823391 
0.370347 0.823383 0.370328 0.823391 
0.370347 0.823383 0.370328 0.823391 
0.370347 0.823383 0.370328 0.823391 
0.370347 0.823383 0.370328 0.823391 
0.370347 0.823383 0.370328 0.823391 
0.370347 0.823383 0.370328 0.823391 
0.370347 0.823383 0.370328 0.823391 
0.370347 0.823383 0.370328 0.823391 
0.370347 0.827092 0.370328 0.827087 
0.370347 0.827092 0.370328 0.827087 
0.350496 0.827092 0.350510 0.827087 
0.350496 0.805339 0.350510 0.805355 
0.350496 0.805339 0.350510 0.805355 
0.328300 0.808122 0.328261 0.808122 
0.328300 0.810392 0.328261 0.810388 
0.303046 0.810392 0.303046 0.810388 
0.303046 0.810392 0.303046 0.810388 
0.303046 0.810392 0.303046 0.810388 
0.303046 0.810392 0.303046 0.810388 
0.274036 0.812153 0.274048 0.812156 
0.274036 0.812153 0.274048 0.812156 
0.274036 0.812153 0.274048 0.812156 
0.274036 0.812153 0.274048 0.812156 
0.274036 0.812153 0.274048 0.812156 
0.274036 0.812153 0.274048 0.812156 
0.274036 0.812153 0.274048 0.812156 
0.274036 0.812153 0.274048 0.812156 
0.274036 0.812153 0.274048 0.812156 
0.274036 0.812153 0.274048 0.812156 
0.274036 0.761577 0.274048 0.761602 
0.274036 0.761577 0.274048 0.761602 
0.274036 0.761577 0.274048 0.761602 
0.274036 0.761577 0.274048 0.761602 
0.274036 0.761577 0.274048 0.761602 
0.274036 0.762381 0.274048 0.762387 
0.274036 0.762381 0.274048 0.762387 
0.274036 0.762381 0.274048 0.762387 
0.274036 0.762381 0.274048 0.762387 
0.274036 0.762381 0.274048 0.762387 
0.274036 0.762381 0.274048 0.762387 
0.274036 0.762381 0.274048 0.762387 
0.274036 0.762381 0.274048 0.762387 
0.274036 0.762381 0.274048 0.762387 
0.274036 0.762381 0.274048 0.762387 
0.274036 0.762381 0.274048 0.762387 
0.239828 0.762381 0.239898 0.762387 
0.239828 0.762381 0.239898 0.762387 
0.239828 0.735402 0.239898 0.735402 
0.239828 0.735125 0.239898 0.735104 
0.239828 0.735125 0.239898 0.735104 
0.239828 0.735125 0.239898 0.735104 
0.239828 0.735125 0.239898 0.735104 
0.239828 0.735125 0.239898 0.735104 
0.239828 0.735125 0.239898 0.735104 
0.239828 0.735125 0.239898 0.735104 
0.239828 0.735125 0.239898 0.735104 
0.239828 0.735125 0.239898 0.735104 
0.239828 0.735125 0.239898 0.735104 
0.239828 0.735125 0.239898 0.735104 
0.239828 0.735125 0.239898 0.735104 
0.239828 0.735125 0.239898 0.735104 
0.239828 0.735125 0.239898 0.735104 
0.239828 0.735125 0.239898 0.735104 
0.239828 0.735125 0.239898 0.735104 
0.239828 0.735125 0.239898 0.735104 
0.239828 0.705951 0.239898 0.705922 
0.239828 0.643967 0.239898 0.643972 
0.239828 0.643967 0.239898 0.643972 
0.239828 0.643967 0.239898 0.643972 
0.239828 0.643967 0.239898 0.643972 
0.239828 0.643967 0.239898 0.643972 
0.239828 0.641745 0.239898 0.641740 
0.239828 0.641745 0.239898 0.641740 
0.239828 0.641745 0.239898 0.641740 
0.239828 0.638877 0.239898 0.638877 
0.239828 0.638877 0.239898 0.638877 
0.239828 0.638877 0.239898 0.638877 
0.239828 0.638877 0.239898 0.638877 
0.239828 0.638877 0.239898 0.638877 
0.239828 0.638877 0.239898 0.638877 
0.239828 0.638877 0.239898 0.638877 
0.239828 0.638877 0.239898 0.638877 
0.239828 0.638877 0.239898 0.638877 
0.239828 0.638877 0.239898 0.638877 
0.239828 0.638877 0.239898 0.638877 
0.239828 0.638877 0.239898 0.638877 
0.239828 0.638877 0.239898 0.638877 
0.239828 0.638877 0.239898 0.638877 
0.239828 0.638877 0.239898 0.638877 
0.239828 0.638877 0.239898 0.638877 
0.239828 0.638877 0.239898 0.638877 
0.239828 0.638877 0.239898 0.638877 
0.239828 0.638877 0.239898 0.638877 
0.239828 0.638877 0.239898 0.638877 
0.239828 0.638877 0.239898 0.638877 
0.239828 0.638877 0.239898 0.638877 
0.239828 0.638877 0.239898 0.638877 
0.239828 0.638877 0.239898 0.638877 
0.239828 0.638877 0.239898 0.638877 
0.239828 0.638877 0.239898 0.638877 
0.239828 0.638877 0.239898 0.638877 
0.239828 0.638877 0.239898 0.638877 
0.239828 0.635353 0.239898 0.635342 
0.239828 0.635353 0.239898 0.635342 
0.239828 0.635353 0.239898 0.635342 
0.239828 0.635353 0.239898 0.635342 
0.239828 0.635353 0.239898 0.635342 
0.239828 0.635353 0.239898 0.635342 
0.239828 0.635353 0.239898 0.635342 
0.239828 0.635353 0.239898 0.635342 
0.239828 0.635353 0.239898 0.635342 
0.239828 0.635353 0.239898 0.635342 
0.239828 0.631163 0.239898 0.631187 
0.239828 0.631163 0.239898 0.631187 
0.239828 0.631163 0.239898 0.631187 
0.198045 0.631163 0.197949 0.631187 
0.198045 0.631163 0.197949 0.631187 
0.198045 0.631163 0.197949 0.631187 
0.198045 0.631163 0.197949 0.631187 
0.198045 0.557326 0.197949 0.557339 
0.198045 0.557326 0.197949 0.557339 
0.198045 0.557326 0.197949 0.557339 
0.198045 0.557326 0.197949 0.557339 
0.198045 0.557326 0.197949 0.557339 
0.198045 0.557326 0.197949 0.557339 
0.198045 0.557326 0.197949 0.557339 
0.198045 0.557326 0.197949 0.557339 
0.198045 0.557326 0.197949 0.557339 
0.198045 0.557326 0.197949 0.557339 
0.198045 0.557326 0.197949 0.557339 
0.198045 0.557326 0.197949 0.557339 
0.198045 0.557326 0.197949 0.557339 
0.198045 0.557326 0.197949 0.557339 
0.198045 0.557326 0.197949 0.557339 
0.198045 0.557326 0.197949 0.557339 
0.198045 0.557326 0.197949 0.557339 
0.198045 0.557326 0.197949 0.557339 
0.198045 0.557326 0.197949 0.557339 
0.198045 0.557326 0.197949 0.557339 
0.198045 0.557326 0.197949 0.557339 
0.198045 0.557326 0.197949 0.557339 
0.198045 0.557326 0.197949 0.557339 
0.198045 0.557326 0.197949 0.557339 
0.198045 0.557326 0.197949 0.557339 
0.198045 0.557326 0.197949 0.557339 
0.198045 0.557326 0.197949 0.557339 
0.198045 0.557326 0.197949 0.557339 
0.198045 0.557326 0.197949 0.557339 
0.198045 0.557326 0.197949 0.557339 
0.198045 0.557326 0.197949 0.557339 
0.198045 0.557326 0.197949 0.557339 
0.198045 0.557326 0.197949 0.557339 
0.198045 0.557326 0.197949 0.557339 
0.198045 0.557326 0.197949 0.557339 
0.198045 0.557326 0.197949 0.557339 
0.198045 0.557326 0.197949 0.557339 
0.198045 0.557326 0.197949 0.557339 
0.198045 0.557326 0.197949 0.557339 
0.198045 0.557326 0.197949 0.557339 
0.198045 0.557326 0.197949 0.557339 
0.198045 0.557326 0.197949 0.557339 
0.198045 0.557326 0.197949 0.557339 
0.198045 0.557326 0.197949 0.557339 
0.198045 0.557326 0.197949 0.557339 
0.198045 0.557326 0.197949 0.557339 
0.198045 0.551066 0.197949 0.551045 
0.198045 0.551066 0.197949 0.551045 
0.198045 0.551066 0.197949 0.551045 
0.198045 0.551066 0.197949 0.551045 
0.198045 0.551066 0.197949 0.551045 
0.198045 0.551066 0.197949 0.551045 
0.198045 0.551066 0.197949 0.551045 
0.198045 0.551066 0.197949 0.551045 
0.198045 0.551066 0.197949 0.551045 
0.198045 0.551066 0.197949 0.551045 
0.198045 0.543984 0.197949 0.543984 
0.198045 0.543984 0.197949 0.543984 
0.198045 0.543984 0.197949 0.543984 
0.198045 0.543984 0.197949 0.543984 
0.198045 0.543984 0.197949 0.543984 
0.198045 0.543984 0.197949 0.543984 
0.198045 0.543984 0.197949 0.543984 
0.198045 0.543984 0.197949 0.543984 
0.198045 0.543984 0.197949 0.543984 
0.198045 0.543984 0.197949 0.543984 
0.198045 0.543984 0.197949 0.543984 
0.198045 0.543984 0.197949 0.543984 
0.198045 0.543984 0.197949 0.543984 
0.198045 0.543984 0.197949 0.543984 
0.198045 0.543984 0.197949 0.543984 
0.198045 0.543984 0.197949 0.543984 
0.198045 0.543984 0.197949 0.543984 
0.198045 0.496518 0.197949 0.496520 
0.198045 0.496518 0.197949 0.496520 
0.198045 0.496518 0.197949 0.496520 
0.198045 0.496518 0.197949 0.496520 
0.198045 0.496518 0.197949 0.496520 
0.198045 0.496518 0.197949 0.496520 
0.198045 0.496518 0.197949 0.496520 
0.198045 0.496518 0.197949 0.496520 
0.198045 0.496518 0.197949 0.496520 
0.198045 0.496518 0.197949 0.496520 
0.198045 0.496518 0.197949 0.496520 
0.198045 0.496518 0.197949 0.496520 
0.198045 0.496518 0.197949 0.496520 
0.198045 0.496518 0.197949 0.496520 
0.198045 0.443087 0.197949 0.443113 
0.198045 0.443087 0.197949 0.443113 
0.198045 0.443087 0.197949 0.443113 
0.198045 0.443087 0.197949 0.443113 
0.198045 0.443087 0.197949 0.443113 
0.198045 0.443087 0.197949 0.443113 
0.198045 0.443087 0.197949 0.443113 
0.198045 0.443087 0.197949 0.443113 
0.198045 0.443087 0.197949 0.443113 
0.198045 0.443087 0.197949 0.443113 
0.198045 0.443087 0.197949 0.443113 
0.198045 0.443087 0.197949 0.443113 
0.198045 0.443087 0.197949 0.443113 
0.198045 0.443087 0.197949 0.443113 
0.198045 0.443087 0.197949 0.443113 
0.198045 0.443087 0.197949 0.443113 
0.198045 0.443087 0.197949 0.443113 
0.198045 0.443087 0.197949 0.443113 
0.198045 0.443087 0.197949 0.443113 
0.198045 0.443087 0.197949 0.443113 
0.198045 0.443087 0.197949 0.443113 
0.198045 0.443087 0.197949 0.443113 
0.198045 0.443087 0.197949 0.443113 
0.198045 0.443087 0.197949 0.443113 
0.198045 0.443087 0.197949 0.443113 
0.198045 0.443087 0.197949 0.443113 
0.198045 0.443087 0.197949 0.443113 
0.198045 0.443087 0.197949 0.443113 
0.198045 0.443087 0.197949 0.443113 
0.141455 0.443087 0.141421 0.443113 
0.141455 0.443087 0.141421 0.443113 
0.141455 0.443087 0.141421 0.443113 
0.141455 0.443087 0.141421 0.443113 
0.141455 0.443087 0.141421 0.443113 
0.141455 0.443087 0.141421 0.443113 
0.141455 0.443087 0.141421 0.443113 
0.141455 0.443087 0.141421 0.443113 
0.141455 0.443087 0.141421 0.443113 
0.141455 0.443087 0.141421 0.443113 
0.141455 0.443087 0.141421 0.443113 
0.141455 0.443087 0.141421 0.443113 
0.141455 0.443087 0.141421 0.443113 
0.141455 0.431419 0.141421 0.431399 
0.141455 0.431419 0.141421 0.431399 
0.141455 0.431419 0.141421 0.431399 
0.141455 0.431419 0.141421 0.431399 
0.141455 0.431419 0.141421 0.431399 
0.141455 0.431419 0.141421 0.431399 
0.141455 0.431419 0.141421 0.431399 
0.141455 0.431419 0.141421 0.431399 
0.141455 0.431419 0.141421 0.431399 
0.141455 0.431419 0.141421 0.431399 
0.141455 0.431419 0.141421 0.431399 
0.141455 0.431419 0.141421 0.431399 
0.141455 0.431419 0.141421 0.431399 
0.141455 0.431419 0.141421 0.431399 
0.141455 0.431419 0.141421 0.431399 
0.141455 0.431419 0.141421 0.431399 
0.141455 0.431419 0.141421 0.431399 
0.141455 0.431419 0.141421 0.431399 
0.141455 0.431419 0.141421 0.431399 
0.141455 0.431419 0.141421 0.431399 
0.141455 0.431419 0.141421 0.431399 
0.141455 0.431419 0.141421 0.431399 
0.141455 0.431419 0.141421 0.431399 
0.141455 0.431419 0.141421 0.431399 
0.141455 0.431419 0.141421 0.431399 
0.141455 0.431419 0.141421 0.431399 
0.141455 0.431419 0.141421 0.431399 
0.141455 0.431419 0.141421 0.431399 
0.141455 0.431419 0.141421 0.431399 
0.141455 0.431419 0.141421 0.431399 
0.141455 0.431419 0.141421 0.431399 
0.141455 0.431419 0.141421 0.431399 
0.141455 0.431419 0.141421 0.431399 
0.141455 0.431419 0.141421 0.431399 
0.141455 0.431419 0.141421 0.431399 
0.141455 0.431419 0.141421 0.431399 
0.141455 0.431419 0.141421 0.431399 
0.141455 0.431419 0.141421 0.431399 
0.141455 0.431419 0.141421 0.431399 
0.141455 0.431419 0.141421 0.431399 
0.141455 0.431419 0.141421 0.431399 
0.141455 0.431419 0.141421 0.431399 
0.141455 0.431419 0.141421 0.431399 
0.141455 0.431419 0.141421 0.431399 
0.141455 0.431419 0.141421 0.431399 
0.141455 0.431419 0.141421 0.431399 
0.141455 0.431419 0.141421 0.431399 
0.141455 0.431419 0.141421 0.431399 
0.141455 0.431419 0.141421 0.431399 
0.141455 0.431419 0.141421 0.431399 
0.141455 0.431419 0.141421 0.431399 
0.141455 0.431419 0.141421 0.431399 
0.141455 0.431419 0.141421 0.431399 
0.141455 0.431419 0.141421 0.431399 
0.141455 0.431419 0.141421 0.431399 
0.141455 0.431419 0.141421 0.431399 
0.141455 0.431419 0.141421 0.431399 
0.141455 0.431419 0.141421 0.431399 
0.141455 0.431419 0.141421 0.431399 
0.141455 0.431419 0.141421 0.431399 
0.141455 0.431419 0.141421 0.431399 
0.141455 0.431419 0.141421 0.431399 
0.141455 0.431419 0.141421 0.431399 
0.000000 0.431419 0.000000 0.431399 
0.000000 0.431419 0.000000 0.431399 
0.000000 0.431419 0.000000 0.431399 
0.000000 0.431419 0.000000 0.431399 
0.000000 0.431419 0.000000 0.431399 
0.000000 0.431419 0.000000 0.431399 
0.000000 0.431419 0.000000 0.431399 
0.000000 0.431419 0.000000 0.431399 
0.000000 0.431419 0.000000 0.431399 
0.000000 0.431419 0.000000 0.431399 
0.000000 0.431419 0.000000 0.431399 
0.000000 0.431419 0.000000 0.431399 
0.000000 0.431419 0.000000 0.431399 
0.000000 0.431419 0.000000 0.431399 
0.000000 0.431419 0.000000 0.431399 
0.000000 0.431419 0.000000 0.431399 
0.000000 0.431419 0.000000 0.431399 
