324.643039
323.120943
325.249175
324.292062
320.836376
324.152832
324.482580
324.587941
323.391748
320.623283
320.971380
320.266939
315.529989
313.022381
309.148579
310.418944
311.229874
308.552595
304.149367
303.930677
301.194040
300.128469
299.582748
298.619937
295.767787
295.607938
295.329826
291.780176
291.780176
291.780176
288.597667
283.560715
283.155250
282.246258
280.290196
275.885696
273.386895
271.777457
269.476623
268.824298
266.116248
266.203259
263.231472
261.745515
255.725880
255.648690
255.147915
250.896567
250.726668
247.180889
244.028153
238.305691
233.767141
230.413837
225.865237
222.402346
216.096882
214.523812
211.856583
211.856583
211.856583
209.092444
207.251413
205.590340
206.005856
204.706573
202.113933
201.027743
199.140674
195.068565
192.695507
191.479112
186.169745
186.275105
183.631830
183.631830
180.145475
178.524987
176.452514
176.452514
176.372472
173.516995
172.669697
171.129252
171.193791
169.571930
166.527408
166.527408
165.118641
156.042952
153.286112
153.653837
152.486231
154.538875
152.641755
150.526426
151.086042
151.086042
146.942908
146.596283
146.596283
143.243876
141.569899
136.950826
135.724381
135.724381
134.951191
127.595905
127.595905
125.179991
125.554684
123.452770
123.452770
124.433599
120.825796
120.825796
120.201642
118.969498
118.969498
118.969498
118.900505
118.900505
118.900505
118.900505
115.655312
115.655312
115.655312
115.655312
115.655312
112.168957
112.168957
112.168957
110.002504
110.002504
110.002504
107.112132
107.112132
107.112132
107.112132
107.112132
107.112132
107.112132
105.928362
105.928362
103.037991
101.939378
101.939378
101.939378
101.939378
101.939378
101.939378
99.523465
99.523465
99.523465
95.968116
95.968116
96.725802
96.725802
96.725802
96.725802
96.725802
96.725802
96.725802
95.429364
95.429364
95.429364
95.429364
95.429364
95.429364
95.429364
95.429364
95.429364
95.429364
95.429364
95.429364
95.429364
95.429364
95.429364
95.429364
95.429364
95.429364
95.429364
95.429364
95.429364
95.429364
95.429364
95.429364
95.429364
95.429364
95.429364
95.429364
95.429364
92.300100
92.300100
92.300100
92.300100
89.709833
89.709833
89.709833
89.709833
84.164656
84.164656
84.164656
84.164656
84.164656
84.164656
84.164656
80.971098
80.971098
80.971098
80.971098
80.971098
80.971098
80.971098
80.971098
80.971098
80.971098
80.971098
80.971098
80.971098
79.073978
79.073978
76.452939
76.452939
76.452939
76.452939
76.452939
76.452939
76.452939
76.452939
76.452939
76.452939
76.452939
76.452939
76.452939
76.452939
76.452939
76.452939
76.452939
73.562567
73.562567
73.562567
73.562567
73.562567
73.562567
73.562567
73.562567
73.562567
73.562567
73.562567
73.562567
73.562567
73.562567
73.562567
73.562567
73.562567
73.562567
73.562567
73.562567
73.562567
73.562567
73.562567
73.562567
73.562567
73.562567
73.562567
73.562567
73.562567
73.562567
73.562567
73.562567
73.562567
71.904339
71.904339
71.904339
71.904339
71.904339
71.904339
71.904339
67.874533
63.923289
63.923289
63.923289
63.923289
63.923289
63.923289
63.923289
63.923289
63.923289
63.923289
63.923289
63.923289
63.923289
63.923289
63.923289
63.923289
63.923289
63.923289
63.923289
63.923289
63.923289
63.923289
63.923289
63.923289
63.923289
63.923289
63.923289
63.923289
63.923289
63.923289
63.923289
63.923289
63.923289
63.923289
60.275232
60.275232
60.275232
60.275232
60.275232
60.275232
60.275232
60.275232
60.275232
60.275232
60.275232
60.275232
60.275232
60.275232
60.275232
60.275232
60.275232
60.275232
60.275232
60.275232
60.275232
60.275232
60.275232
60.275232
60.275232
60.275232
60.275232
60.275232
60.275232
60.275232
55.962198
55.962198
55.962198
55.962198
55.962198
55.962198
55.962198
55.962198
55.962198
55.962198
55.962198
55.962198
55.962198
55.962198
55.962198
55.962198
55.962198
55.962198
55.962198
55.962198
55.962198
55.962198
55.962198
55.962198
55.962198
55.962198
55.962198
55.962198
55.962198
55.962198
55.962198
55.962198
55.962198
55.962198
55.962198
55.962198
55.962198
55.962198
55.962198
55.962198
55.962198
55.962198
55.962198
55.962198
55.962198
55.962198
55.962198
55.962198
55.962198
55.962198
55.962198
55.962198
55.962198
55.962198
55.962198
55.962198
55.962198
55.962198
55.962198
55.962198
55.962198
50.417021
50.417021
50.417021
50.417021
50.417021
50.417021
50.417021
50.417021
50.417021
50.417021
50.417021
50.417021
50.417021
50.417021
50.417021
50.417021
50.417021
50.417021
50.417021
50.417021
50.417021
50.417021
50.417021
50.417021
50.417021
50.417021
50.417021
50.417021
50.417021
50.417021
50.417021
50.417021
50.417021
50.417021
50.417021
50.417021
50.417021
50.417021
50.417021
50.417021
50.417021
50.417021
50.417021
50.417021
50.417021
50.417021
50.417021
50.417021
50.417021
50.417021
50.417021
50.417021
50.417021
50.417021
50.417021
50.417021
50.417021
50.417021
50.417021
50.417021
50.417021
50.417021
50.417021
50.417021
50.417021
50.417021
50.417021
50.417021
50.417021
50.417021
50.417021
50.417021
50.417021
50.417021
50.417021
50.417021
50.417021
50.417021
50.417021
50.417021
50.417021
50.417021
50.417021
50.417021
50.417021
50.417021
50.417021
50.417021
50.417021
50.417021
50.417021
50.417021
50.417021
50.417021
50.417021
