1	4	1	0	3
1	0	3	1	0
1	0	1	2	0
3	0	1	0	1
1	2	1	0	0

3	5	1	3	3
1	0	4	1	1
2	2	3	4	0
8	1	3	0	1
2	3	3	0	0

3	5	1	5	3
3	1	6	1	3
3	2	3	4	0
9	3	5	0	1
2	4	3	0	2

6	6	1	7	3
3	2	9	2	3
3	2	3	4	0
12	5	6	1	1
4	4	3	0	2

7	7	1	10	3
3	3	12	4	3
3	2	3	5	1
15	8	8	4	1
4	5	3	0	2

7	7	1	11	3
6	3	13	5	3
4	2	6	5	1
16	10	8	4	1
5	5	3	0	2

8	7	1	12	3
6	3	14	8	3
5	3	6	5	1
19	10	8	6	1
5	5	3	0	2

8	7	2	14	3
7	4	14	8	3
7	3	9	6	1
20	11	11	7	1
5	5	3	0	2

8	7	3	19	3
8	4	17	8	3
9	3	9	8	1
24	13	13	8	1
6	6	4	1	2

8	8	3	24	3
10	4	17	8	3
9	5	14	9	2
25	15	14	8	1
7	6	4	2	2

8	8	4	24	3
11	5	17	8	3
9	5	16	10	2
26	16	16	8	1
7	6	4	2	2

10	8	5	24	5
11	5	19	10	3
10	5	17	11	3
27	16	19	9	1
8	6	4	2	2

11	11	5	24	5
11	5	25	10	3
11	5	20	11	3
27	16	21	11	1
9	6	4	2	2

12	12	5	27	5
13	7	29	11	3
13	5	20	12	3
29	16	24	11	1
10	7	4	2	2

15	14	6	27	6
14	7	30	11	3
14	5	21	13	3
30	19	24	11	1
12	7	4	3	2

19	14	8	27	6
15	8	30	12	3
14	6	21	14	3
30	20	27	11	1
15	8	4	3	2

22	16	8	29	6
18	9	31	12	3
14	7	22	14	3
33	20	31	11	1
16	8	4	5	2

22	16	8	31	7
19	10	31	12	3
14	8	23	15	4
33	21	33	11	1
17	8	4	7	2

24	19	8	33	7
19	12	33	12	3
19	8	26	15	5
34	28	33	11	1
19	9	4	7	2

24	20	8	33	7
21	12	33	12	3
21	8	28	16	6
35	31	35	12	1
20	9	4	7	2

25	21	8	34	7
23	15	34	13	3
22	8	31	17	6
37	34	35	13	1
22	9	4	8	2

25	22	11	34	8
27	17	34	15	3
22	8	32	17	6
38	37	35	13	1
24	9	4	8	2

26	22	12	35	8
30	18	34	15	3
23	9	32	17	6
39	38	36	17	1
26	9	4	8	2

30	23	13	35	8
30	21	35	15	3
23	9	33	18	6
41	40	37	20	1
30	9	4	8	2

32	25	14	38	10
31	21	35	15	3
24	9	33	19	6
42	42	39	20	1
33	9	4	8	2

33	25	14	40	10
31	21	35	15	3
28	12	33	23	6
43	42	40	21	1
36	9	4	8	2

38	26	14	40	10
31	22	35	15	3
29	13	33	25	6
44	44	40	21	1
39	9	4	9	2

43	29	14	40	10
33	22	35	16	3
29	16	34	26	6
48	45	40	21	1
39	9	4	9	2

49	31	14	40	10
33	22	35	17	3
30	16	34	26	6
49	46	40	21	1
40	9	4	10	2

51	31	14	42	10
34	23	35	20	3
30	16	36	26	6
51	46	40	21	1
41	9	4	12	2

55	32	15	43	10
36	23	35	24	3
31	17	37	27	6
54	46	40	21	1
44	9	4	13	2

59	33	16	45	10
37	23	35	24	3
33	18	37	28	6
57	49	42	23	1
48	9	4	13	2

59	33	16	47	10
41	25	37	24	3
35	19	38	28	6
60	52	43	26	1
50	9	4	13	2

60	33	16	47	10
44	26	38	25	3
39	21	41	28	6
66	54	46	26	1
52	9	4	13	2

63	33	17	48	10
48	27	38	26	3
42	21	41	29	6
67	54	46	26	1
53	9	4	13	2

65	35	18	50	10
49	29	38	26	3
44	21	43	29	6
71	55	46	26	1
55	9	4	13	2

67	37	19	51	10
52	29	40	27	3
47	21	45	29	6
73	55	48	27	1
57	9	4	13	2

70	39	19	51	10
55	29	41	28	3
49	21	46	29	6
74	55	50	28	1
57	9	4	14	2

74	42	20	52	10
60	31	42	28	3
52	22	47	29	6
76	55	50	28	1
59	9	4	15	2

83	43	22	53	12
63	31	42	28	3
53	22	47	30	6
78	56	50	28	1
59	9	4	15	2

84	44	23	53	12
66	31	42	29	3
54	23	48	30	6
83	56	52	28	1
59	9	4	15	2

86	45	26	55	12
71	31	42	29	3
54	23	49	30	6
86	56	52	28	1
59	9	4	15	2

88	46	27	55	12
77	33	42	29	3
55	24	49	30	6
92	56	54	28	1
60	9	4	15	2

97	47	29	55	12
80	33	42	29	3
57	24	50	30	6
98	56	55	28	1
60	9	4	15	2

99	49	29	56	12
85	35	43	29	3
58	24	53	30	6
101	56	55	28	1
60	9	4	15	2

106	49	29	56	12
91	38	43	29	3
62	24	53	30	6
102	58	55	28	1
60	9	4	15	2

116	49	30	56	12
96	39	43	29	3
65	26	54	30	6
105	61	55	30	1
62	9	4	15	2

123	49	30	56	12
101	40	43	29	3
65	28	55	30	6
106	62	55	30	1
65	9	4	15	2

127	50	32	56	13
105	42	44	29	3
68	29	56	30	6
109	63	57	31	1
68	9	4	15	2

131	50	33	58	13
108	45	44	29	3
69	31	56	30	7
111	63	59	31	1
70	9	4	15	2

140	51	33	58	13
113	45	45	29	3
70	31	58	30	7
115	64	61	31	1
72	9	4	15	2

148	51	33	58	13
117	45	45	29	3
71	31	58	31	7
115	64	61	31	1
74	9	4	15	2

155	53	33	58	13
119	46	45	29	3
74	32	59	31	7
117	64	62	31	1
75	9	4	15	2

160	55	34	58	15
126	46	45	29	3
77	36	61	31	7
118	64	62	31	1
75	9	4	15	2

169	55	35	58	15
132	46	45	29	3
80	36	62	31	7
118	65	64	31	1
76	9	4	15	2

177	55	35	60	15
137	46	45	29	3
81	39	63	31	7
118	67	64	31	1
76	9	4	15	2

187	55	35	60	15
144	48	46	29	3
83	41	63	31	7
121	68	65	31	1
76	9	4	15	2

194	55	35	60	15
148	48	46	29	3
85	41	64	31	7
124	70	66	31	1
77	9	4	15	2

204	56	39	61	15
155	49	46	29	3
88	44	64	31	7
126	71	66	31	1
78	9	4	15	2

211	58	39	61	15
160	50	46	30	3
91	45	66	31	7
128	71	67	31	1
80	9	4	15	2

216	58	42	61	15
168	51	46	30	5
94	45	66	31	7
130	71	68	31	1
84	9	4	15	2

222	60	42	61	15
172	52	46	30	7
100	47	66	31	7
132	72	68	31	1
84	9	4	15	2

229	61	46	61	15
179	52	46	30	7
104	48	67	31	7
132	72	68	31	1
85	9	4	15	2

239	61	46	61	15
187	52	46	30	7
106	49	67	31	7
134	72	68	31	1
87	9	4	15	2

244	65	47	61	15
198	53	46	30	7
109	49	67	31	7
136	72	68	31	1
88	9	4	15	2

255	65	47	61	15
206	55	46	30	7
112	52	67	31	7
138	73	68	31	1
88	9	4	15	2

263	68	48	62	15
211	55	46	30	7
116	55	69	31	7
142	73	69	31	1
90	9	4	15	2

270	70	48	62	16
218	55	47	30	7
116	56	72	31	7
146	73	69	31	1
90	9	4	15	2

276	71	48	62	16
228	56	49	30	7
120	58	74	31	7
149	73	71	31	1
90	9	4	15	2

286	71	48	62	17
242	57	50	30	7
127	59	75	31	7
152	73	71	31	1
90	9	4	15	2

293	74	48	62	17
249	58	50	30	7
134	59	75	32	7
152	73	71	31	1
90	9	4	15	2

304	75	49	63	17
262	60	50	30	7
137	61	75	32	7
156	73	73	31	1
91	9	4	15	2

311	77	50	63	17
265	60	50	30	7
144	61	75	32	7
159	76	73	31	1
91	9	4	15	2

320	79	50	63	17
277	61	50	30	7
148	61	75	32	8
161	76	73	31	1
91	9	4	15	2

327	80	51	63	17
283	63	50	30	7
154	65	75	32	10
162	76	73	31	1
91	9	4	15	2

332	81	52	63	17
290	63	50	30	7
158	66	75	32	10
162	78	73	31	1
92	9	4	15	2

339	84	53	63	17
296	63	51	30	7
163	66	75	32	10
163	79	73	31	1
94	9	4	15	2

351	84	55	63	17
306	65	51	30	7
168	66	75	32	10
165	79	73	31	1
94	9	4	15	2

357	87	55	63	17
319	67	52	30	7
172	66	75	34	10
167	79	73	31	1
94	9	4	15	2

370	89	56	63	17
326	69	52	30	7
173	66	75	35	10
169	79	73	31	1
96	9	4	15	2

381	90	56	63	17
336	71	52	30	7
177	67	75	35	10
171	79	73	31	1
96	9	4	15	2

388	90	58	65	17
345	74	52	30	7
188	68	75	35	10
171	79	73	31	1
96	9	4	15	2

399	90	58	67	17
355	76	52	30	7
189	69	75	35	10
174	79	73	31	1
96	9	4	15	2

405	93	58	67	17
358	76	52	30	7
200	71	76	36	12
175	79	73	31	1
96	9	4	15	2

414	96	60	67	17
363	77	52	30	7
209	72	77	36	12
177	79	73	31	1
96	9	4	15	2

421	102	60	67	19
373	78	52	30	7
215	72	78	36	12
178	79	73	31	1
96	9	4	15	2

429	107	60	67	19
385	78	52	30	7
225	73	78	36	12
181	81	73	31	1
96	9	4	15	2

438	116	61	68	19
392	79	52	30	7
227	75	78	36	12
183	81	73	31	1
97	9	4	15	2

449	119	63	69	19
407	80	52	30	7
230	76	78	36	12
184	81	73	31	1
98	9	4	15	2

461	127	63	69	19
414	82	52	30	7
240	78	78	36	12
186	81	73	31	1
98	9	4	15	2

471	131	63	69	19
426	84	52	30	7
244	79	78	37	12
187	82	73	31	1
98	9	4	15	2

483	136	63	69	19
433	84	52	30	7
247	79	78	37	12
189	82	73	31	1
98	9	4	15	2

492	139	64	71	19
444	86	52	30	7
256	81	78	38	12
191	83	73	31	1
98	9	4	15	2

498	143	64	71	19
454	89	52	30	7
265	81	78	40	12
192	83	73	31	1
98	9	4	15	2

506	145	64	73	19
469	89	52	30	7
272	81	78	40	12
193	83	73	31	1
98	9	4	15	2

514	147	65	73	19
477	89	52	30	7
276	82	78	40	12
197	83	73	31	1
98	9	4	15	2

522	150	65	73	19
490	90	52	30	7
284	84	78	40	12
199	83	73	31	1
98	9	4	15	2

527	152	66	73	19
506	91	52	30	7
292	85	78	40	13
199	83	73	31	1
98	9	4	15	2

534	160	66	73	19
517	93	52	30	7
301	85	78	40	13
202	83	73	31	1
98	9	4	15	2

543	164	66	73	19
529	96	52	30	7
306	86	78	40	13
202	83	73	31	1
98	9	4	15	2

545	164	66	74	19
543	98	52	30	7
311	88	78	40	13
207	83	73	31	1
98	9	4	15	2

558	168	66	74	19
554	99	52	30	7
315	89	78	40	13
208	83	73	31	1
98	9	4	15	2

570	171	66	74	19
566	99	52	30	7
322	93	78	40	13
212	83	73	31	1
98	9	4	15	2

579	177	66	74	19
579	102	52	30	7
325	93	78	40	13
215	83	73	31	1
98	9	4	15	2

587	179	68	74	19
584	103	52	30	7
328	97	78	40	13
216	83	73	31	1
98	9	4	15	2

592	186	68	74	19
598	106	52	30	7
337	97	78	40	13
217	83	73	31	1
98	9	4	15	2

599	192	68	74	19
607	110	52	30	7
341	98	78	40	14
218	83	73	31	1
98	9	4	15	2

607	193	69	75	19
618	113	52	30	7
350	98	78	40	14
221	83	73	31	1
98	9	4	15	2

615	198	69	75	19
628	115	52	30	7
358	100	78	40	14
222	83	73	31	1
98	9	4	15	2

621	198	69	76	19
640	118	52	30	7
363	101	78	40	14
225	83	73	31	1
98	9	4	15	2

629	203	69	76	19
651	120	52	30	7
369	102	78	40	14
227	83	73	31	1
98	9	4	15	2

635	206	69	76	19
664	123	52	30	7
372	103	78	40	14
233	83	73	31	1
98	9	4	15	2

641	208	69	76	19
678	126	52	30	7
378	103	78	40	14
234	83	73	31	1
98	9	4	15	2

646	212	69	76	19
685	133	52	30	7
383	103	78	40	14
236	83	73	31	1
98	9	4	15	2

652	217	69	76	19
690	135	52	30	7
393	104	78	40	14
238	83	73	31	1
99	9	4	15	2

659	221	70	76	19
698	140	52	30	7
405	105	78	40	14
239	83	73	31	1
99	9	4	15	2

665	222	72	76	19
708	142	52	30	7
412	105	78	40	14
242	84	73	31	1
101	9	4	15	2

672	225	74	76	19
718	145	52	31	7
419	105	78	40	14
245	84	73	31	1
101	9	4	15	2

678	229	77	76	19
733	148	52	32	7
421	107	78	40	14
248	85	73	31	1
101	9	4	15	2

690	231	77	76	19
742	151	52	32	7
426	107	78	40	14
253	85	73	31	1
102	9	4	15	2

698	235	79	76	19
754	156	52	32	7
433	109	78	40	14
257	85	73	31	1
102	9	4	15	2

703	239	80	76	19
765	158	53	32	7
438	110	78	40	14
260	85	73	31	1
102	9	4	15	2

711	246	81	76	19
778	162	53	32	7
446	110	78	40	14
263	85	73	31	1
102	9	4	15	2

719	247	84	76	19
786	164	54	32	7
453	110	78	40	14
266	85	73	31	1
103	9	4	15	2

727	255	84	77	19
796	166	54	32	7
457	111	78	40	14
270	85	73	31	1
103	9	4	15	2

732	259	84	77	19
804	171	54	32	7
466	112	78	40	14
271	85	73	31	1
103	9	4	15	2

739	267	85	77	19
818	175	54	32	7
477	113	78	40	14
272	85	73	31	1
103	9	4	15	2

747	271	86	77	19
830	178	54	32	7
492	113	78	40	14
276	85	73	31	1
103	9	4	15	2

753	273	87	77	19
841	180	54	32	7
497	113	78	40	14
280	85	73	31	1
103	9	4	15	2

760	277	87	77	19
852	183	54	32	7
507	114	78	40	14
284	85	73	31	1
103	9	4	15	2

770	282	87	77	19
859	185	54	32	7
511	114	78	40	14
286	85	73	31	1
103	9	4	15	2

776	290	87	77	19
871	185	54	32	7
516	115	78	40	14
288	85	73	31	1
105	9	4	15	2

782	295	87	77	19
884	188	54	32	7
526	117	78	40	14
290	85	73	31	1
105	9	4	15	2

792	300	87	77	19
897	189	54	32	7
534	118	78	40	14
295	85	73	31	1
105	9	4	15	2

802	308	89	77	19
906	190	54	32	7
546	118	78	40	14
296	85	73	31	1
105	9	4	15	2

813	313	89	77	19
920	194	54	32	7
555	118	78	40	14
299	85	73	31	1
105	9	4	15	2

821	317	89	77	19
931	196	54	32	7
561	118	78	40	14
301	85	73	31	1
106	9	4	15	2

828	323	90	77	19
939	199	54	33	7
569	118	80	40	14
303	85	73	31	1
107	9	4	15	2

835	327	91	77	19
945	199	54	33	7
572	118	80	40	14
303	85	73	31	1
108	9	4	15	2

841	337	91	77	19
953	203	54	33	7
582	118	80	40	14
304	85	73	31	1
108	9	4	15	2

849	347	91	77	19
962	208	54	33	7
588	118	80	40	14
307	85	73	31	1
110	9	4	15	2

858	356	91	77	19
975	209	54	33	7
597	118	80	40	14
308	85	73	31	1
110	9	4	15	2

863	360	92	77	19
985	213	54	33	7
605	120	80	40	14
309	85	73	31	1
110	9	4	15	2

867	368	92	77	19
992	215	54	33	7
614	120	80	40	14
313	85	73	31	1
110	9	4	15	2

875	374	92	77	19
1010	215	54	33	7
621	120	80	40	14
315	85	73	31	1
112	9	4	15	2

882	378	93	77	19
1024	220	54	33	7
631	121	80	40	14
316	85	73	31	1
112	9	4	15	2

892	387	93	77	19
1036	222	54	33	7
642	121	80	40	14
322	85	73	31	1
112	9	4	15	2

901	394	93	77	19
1047	226	54	33	7
647	121	80	40	14
325	85	73	31	1
112	9	4	15	2

913	398	96	77	19
1053	228	54	33	7
654	121	80	40	14
328	85	73	31	1
112	9	4	15	2

919	410	96	77	19
1064	232	54	33	7
663	121	80	40	14
329	85	73	31	1
112	9	4	15	2

924	416	96	77	19
1080	233	54	33	7
670	122	80	40	14
333	85	73	31	1
112	9	4	15	2

929	426	96	77	19
1095	234	54	33	7
677	123	80	40	14
334	85	73	31	1
112	9	4	15	2

940	437	96	77	19
1103	237	54	33	7
685	124	80	40	14
337	85	73	31	1
112	9	4	15	2

948	446	96	77	19
1110	240	54	33	7
695	125	80	40	14
342	85	73	31	1
112	9	4	15	2

957	452	96	77	19
1123	243	54	33	7
705	126	80	40	14
348	85	73	31	1
114	9	4	15	2

967	464	96	77	19
1131	246	54	33	7
712	126	80	40	14
351	85	73	31	1
115	9	4	15	2

979	466	96	77	19
1138	247	54	33	7
721	126	80	40	14
355	85	73	31	1
115	9	4	15	2

987	469	96	77	19
1152	249	54	33	7
729	126	80	40	14
358	85	73	31	1
115	9	4	15	2

995	476	97	77	19
1166	251	54	33	7
737	126	80	40	14
362	85	73	31	1
115	9	4	15	2

1002	490	97	77	19
1181	257	54	33	7
742	126	80	40	14
364	85	73	31	1
116	9	4	15	2

1011	497	99	77	19
1191	258	54	33	7
751	126	80	40	14
369	85	73	31	1
116	9	4	15	2

1019	506	99	77	19
1204	263	54	33	7
758	127	80	40	14
372	85	73	31	1
116	9	4	15	2

1030	513	99	77	19
1214	270	54	33	7
767	127	80	40	14
378	85	73	31	1
116	9	4	15	2

1038	518	99	77	19
1225	271	54	33	7
774	127	80	40	14
384	85	73	31	1
116	9	4	15	2

1047	526	99	77	19
1231	274	55	33	7
787	127	80	40	14
389	85	73	31	1
116	9	4	15	2

1055	534	99	77	19
1243	279	55	33	7
797	127	80	40	14
391	85	73	31	1
116	9	4	15	2

1063	539	99	77	19
1252	283	55	33	7
806	128	80	40	14
396	85	73	31	1
116	9	4	15	2

1070	548	99	77	19
1262	286	55	33	7
814	128	80	40	14
396	85	73	31	1
116	9	4	15	2

1079	553	99	77	19
1270	288	55	33	7
826	129	80	40	14
400	85	73	31	1
116	9	4	15	2

1088	560	101	77	19
1275	293	55	33	7
837	129	80	40	14
403	85	73	31	1
116	9	4	15	2

1095	569	101	77	19
1286	297	55	33	7
846	129	80	40	14
408	85	73	31	1
116	9	4	15	2

1104	577	101	77	19
1298	304	55	33	7
851	129	80	40	14
412	85	73	31	1
116	9	4	15	2

1113	584	101	77	19
1307	307	56	33	7
857	129	80	40	14
416	85	73	31	1
116	9	4	15	2

1120	591	101	77	19
1320	310	56	33	7
867	129	80	40	14
418	85	73	31	1
116	9	4	15	2

1124	597	103	77	19
1333	312	56	33	7
876	129	80	40	14
420	85	73	31	1
116	9	4	15	2

1135	608	103	77	19
1343	318	56	33	7
885	129	80	40	14
426	85	73	31	1
116	9	4	15	2

1146	613	103	77	19
1352	323	56	33	7
890	130	80	40	14
429	85	73	31	1
116	9	4	15	2

1157	623	104	77	19
1363	328	56	33	7
895	130	80	40	14
435	85	73	31	1
116	9	4	15	2

1166	632	104	77	19
1370	332	56	33	7
905	130	80	40	14
436	85	73	31	1
116	9	4	15	2

1171	642	104	77	19
1383	335	56	33	7
917	131	80	40	14
442	85	73	31	1
116	9	4	15	2

1179	649	106	77	19
1392	340	56	33	7
928	131	80	40	14
444	85	73	31	1
116	9	4	15	2

1188	656	106	77	19
1403	340	56	33	7
938	131	80	40	14
447	85	73	31	1
116	9	4	15	2

1191	663	106	77	19
1410	342	56	33	7
946	131	80	40	14
451	85	73	31	1
116	9	4	15	2

1202	670	106	77	19
1420	347	56	33	7
957	132	80	40	14
457	85	73	31	1
116	9	4	15	2

1207	679	106	77	19
1430	348	56	33	7
962	132	80	40	14
460	85	73	31	1
116	9	4	15	2

1218	687	107	77	19
1438	354	56	33	7
970	132	80	40	14
462	85	73	31	1
117	9	4	15	2

1223	696	107	77	19
1453	357	56	33	7
977	132	80	40	14
466	85	73	31	1
117	9	4	15	2

1230	702	108	77	19
1461	361	56	33	7
986	132	80	40	14
469	85	73	31	1
117	9	4	15	2

1238	712	110	77	19
1468	363	56	33	7
989	133	80	40	14
475	85	73	31	1
117	9	4	15	2

1245	723	110	77	19
1477	366	56	33	7
995	133	80	40	14
482	85	73	31	1
117	9	4	15	2

1251	736	113	77	19
1486	368	56	33	7
1002	133	80	40	14
486	85	73	31	1
117	9	4	15	2

1264	741	113	77	19
1498	373	57	33	7
1009	133	80	40	14
488	85	73	31	1
117	9	4	15	2

1271	750	113	77	19
1507	380	57	33	7
1015	133	80	40	14
494	85	73	31	1
117	9	4	15	2

1281	762	113	77	19
1515	389	57	33	7
1024	133	80	40	14
497	85	73	31	1
117	9	4	15	2

1285	768	113	77	19
1525	391	57	33	7
1030	134	80	40	14
499	85	73	31	1
117	9	4	15	2

1298	777	113	77	19
1534	397	57	33	7
1037	136	80	40	14
505	85	73	31	1
117	9	4	15	2

1303	783	113	77	19
1548	398	57	33	7
1042	136	80	40	14
507	85	73	31	1
118	9	4	15	2

1310	791	113	77	19
1560	403	57	33	7
1049	136	80	40	14
510	85	73	31	1
119	9	4	15	2

1321	799	115	77	19
1564	405	57	33	7
1057	136	80	40	14
512	85	73	31	1
119	9	4	15	2

1325	806	116	77	19
1576	409	57	33	7
1061	136	80	40	14
519	85	73	31	1
119	9	4	15	2

1331	815	116	77	19
1583	411	57	33	7
1075	136	80	40	14
521	85	73	31	1
119	9	4	15	2

1340	825	116	77	19
1598	413	57	33	7
1078	136	80	40	14
528	85	73	31	1
119	9	4	15	2

1348	833	116	77	19
1610	421	57	33	7
1088	136	80	40	14
531	85	73	31	1
120	9	4	15	2

1357	839	116	77	19
1622	432	57	33	7
1095	136	80	40	14
533	85	73	31	1
121	9	4	15	2

1364	847	117	77	19
1629	441	57	33	7
1103	136	80	40	14
538	85	73	31	1
121	9	4	15	2

1372	855	117	77	19
1643	447	57	33	7
1112	136	80	40	14
541	85	73	31	1
122	9	4	15	2

1380	863	117	77	19
1653	451	57	33	7
1124	136	80	40	14
544	85	73	31	1
122	9	4	15	2

1389	867	118	77	19
1666	457	57	33	7
1131	136	80	40	14
550	85	73	31	1
122	9	4	15	2

1396	880	118	77	19
1674	460	57	33	7
1140	136	80	40	14
552	85	73	31	1
122	9	4	15	2

1403	887	121	77	19
1684	465	57	33	7
1149	136	80	40	14
558	85	73	31	1
122	9	4	15	2

1412	893	121	77	19
1690	474	57	33	7
1157	136	80	40	14
560	85	73	31	1
122	9	4	15	2

1417	903	122	77	19
1700	481	57	33	7
1165	136	80	40	14
562	85	73	31	1
122	9	4	15	2

1423	912	123	77	19
1710	486	57	33	7
1173	136	80	40	14
563	85	73	31	1
122	9	4	15	2

1433	919	124	78	19
1728	490	57	33	7
1185	136	80	40	14
566	85	73	31	1
122	9	4	15	2

1439	932	124	78	19
1737	498	57	33	7
1195	136	80	40	14
568	85	73	31	1
122	9	4	15	2

1449	942	124	78	19
1756	500	57	33	7
1206	136	80	40	14
569	85	73	31	1
122	9	4	15	2

1457	949	125	78	19
1768	504	57	33	7
1216	136	80	40	14
572	85	73	31	1
122	9	4	15	2

1465	959	125	78	19
1777	511	57	33	7
1222	137	80	40	14
572	85	73	31	1
122	9	4	15	2

1472	966	127	78	19
1786	519	57	33	7
1234	137	80	40	14
575	85	73	31	1
123	9	4	15	2

1481	975	127	78	19
1795	524	57	33	7
1241	137	80	40	14
577	85	73	31	1
123	9	4	15	2

1483	981	128	78	19
1801	530	57	33	7
1252	137	80	40	14
580	85	73	31	1
123	9	4	15	2

1493	996	128	78	19
1814	537	57	33	7
1259	137	80	40	14
586	85	73	31	1
123	9	4	15	2

1506	998	128	78	19
1824	545	57	33	7
1266	137	80	40	14
589	85	73	31	1
123	9	4	15	2

1513	1003	129	78	19
1837	550	57	33	7
1277	137	80	40	14
590	85	73	31	1
123	9	4	15	2

1522	1014	131	78	19
1851	555	57	33	7
1283	137	80	40	14
591	85	73	31	1
123	9	4	15	2

1529	1021	131	78	19
1862	558	57	33	7
1291	137	80	40	14
595	85	73	31	1
124	9	4	15	2

1535	1031	131	78	19
1866	563	57	33	7
1299	137	80	40	14
596	85	73	31	1
124	9	4	15	2

1548	1040	131	78	19
1875	573	57	33	7
1303	137	80	40	14
603	85	73	31	1
124	9	4	15	2

1554	1053	131	78	19
1889	579	57	33	7
1315	137	80	40	14
605	85	73	31	1
124	9	4	15	2

1559	1065	131	78	19
1903	582	57	33	7
1321	137	80	40	14
610	85	73	31	1
126	9	4	15	2

1569	1066	131	78	19
1913	585	57	33	7
1331	137	80	40	14
614	85	73	31	1
126	9	4	15	2

1581	1076	131	78	19
1926	593	57	33	7
1333	137	80	40	14
615	85	73	31	1
126	9	4	15	2

1587	1083	131	78	19
1936	601	57	33	7
1339	137	80	40	14
619	85	73	31	1
126	9	4	15	2

1593	1088	132	78	19
1950	607	57	33	7
1345	137	80	40	14
622	85	73	31	1
127	9	4	15	2

1600	1099	132	79	19
1963	613	57	33	7
1355	137	80	40	14
625	85	73	31	1
127	9	4	15	2

1609	1107	132	79	19
1974	621	57	33	7
1364	137	80	40	14
631	85	73	31	1
127	9	4	15	2

1613	1119	132	81	19
1983	625	57	33	7
1372	137	80	40	14
635	85	73	31	1
127	9	4	15	2

1623	1127	132	81	19
1989	629	57	33	7
1381	139	80	40	14
640	85	73	31	1
127	9	4	15	2

1630	1140	134	81	19
2000	633	57	33	7
1391	139	80	40	14
640	85	73	31	1
127	9	4	15	2

1639	1146	137	81	19
2014	638	57	33	7
1401	140	80	40	14
642	85	73	31	1
127	9	4	15	2

1645	1158	138	81	19
2026	644	57	33	7
1409	140	80	40	14
647	85	73	31	1
127	9	4	15	2

1649	1166	141	81	19
2037	645	57	33	7
1417	140	80	40	14
651	85	73	31	1
127	9	4	15	2

1656	1175	141	81	19
2053	653	57	33	7
1429	141	80	40	14
651	85	73	31	1
127	9	4	15	2

1663	1185	141	81	19
2064	657	57	33	7
1440	141	80	40	14
655	85	73	31	1
127	9	4	15	2

1671	1196	141	81	19
2073	661	57	33	7
1452	141	80	40	14
660	85	73	31	1
127	9	4	15	2

1680	1203	142	81	19
2086	666	57	33	7
1458	141	80	40	14
667	85	73	31	1
127	9	4	15	2

1685	1210	143	81	19
2097	668	57	33	7
1464	141	80	40	14
667	85	73	31	1
127	9	4	15	2

1693	1217	143	81	19
2102	672	57	33	7
1472	141	80	40	14
670	85	73	31	1
127	9	4	15	2

1698	1227	144	81	19
2114	678	57	33	7
1477	141	80	40	14
674	85	73	31	1
127	9	4	15	2

1704	1238	144	81	19
2129	682	57	33	7
1482	141	80	40	14
684	85	73	31	1
127	9	4	15	2

1711	1249	144	81	19
2144	687	57	33	7
1487	141	80	40	14
687	85	73	31	1
127	9	4	15	2

1721	1259	145	81	19
2157	693	57	33	7
1495	141	80	40	14
689	85	73	31	1
127	9	4	15	2

1728	1267	146	81	19
2166	699	57	33	7
1500	141	80	40	14
692	85	73	31	1
127	9	4	15	2

1739	1280	146	81	19
2180	709	57	33	7
1507	141	80	40	14
696	85	73	31	1
127	9	4	15	2

1751	1291	147	81	19
2191	712	57	33	7
1517	141	80	40	14
701	85	73	31	1
127	9	4	15	2

1763	1304	148	81	19
2197	717	57	33	7
1526	141	80	40	14
703	85	73	31	1
127	9	4	15	2

1769	1313	148	81	19
2203	722	57	33	7
1532	141	80	40	14
709	85	73	31	1
127	9	4	15	2

1775	1326	148	81	19
2211	726	57	33	7
1537	141	80	40	14
713	85	73	31	1
128	9	4	15	2

1780	1341	149	81	19
2219	731	57	33	7
1544	141	80	40	14
718	85	73	31	1
128	9	4	15	2

1792	1351	149	81	19
2237	733	57	33	7
1551	141	80	40	14
723	85	73	31	1
130	9	4	15	2

1800	1361	149	81	19
2249	740	57	33	7
1561	141	80	40	14
726	85	73	31	1
130	9	4	15	2

1810	1371	149	81	19
2261	747	57	33	7
1567	141	80	40	14
730	85	73	31	1
130	9	4	15	2

1815	1382	149	81	19
2273	751	57	33	7
1577	141	80	40	14
731	85	73	31	1
130	9	4	15	2

1820	1388	149	81	19
2283	758	57	33	7
1584	141	80	40	14
732	85	73	31	1
130	9	4	15	2

1831	1397	149	81	19
2291	767	57	33	7
1590	141	80	40	14
734	85	73	31	1
130	9	4	15	2

1837	1405	149	81	19
2305	775	57	33	7
1604	141	80	40	14
737	85	73	31	1
130	9	4	15	2

1845	1414	149	81	19
2319	785	57	33	7
1609	141	80	40	14
740	85	73	31	1
130	9	4	15	2

1852	1418	150	81	19
2327	791	57	33	7
1617	141	80	40	14
743	85	73	31	1
130	9	4	15	2

1859	1426	150	81	19
2339	796	57	33	7
1629	141	80	40	14
746	85	73	31	1
130	9	4	15	2

1871	1433	151	81	19
2348	801	57	33	7
1637	141	80	40	14
750	85	73	31	1
130	9	4	15	2

1878	1440	151	81	19
2359	809	57	33	7
1647	141	80	40	14
750	85	73	31	1
131	9	4	15	2

1885	1447	151	81	19
2368	816	57	33	7
1659	141	80	40	14
754	85	73	31	1
131	9	4	15	2

1892	1453	151	81	19
2375	819	57	33	7
1668	141	80	40	14
755	85	73	31	1
131	9	4	15	2

1898	1463	151	81	19
2384	824	57	33	7
1675	141	80	40	14
758	85	73	31	1
131	9	4	15	2

1911	1472	152	81	19
2393	831	57	33	7
1684	141	80	40	14
762	85	73	31	1
131	9	4	15	2

1916	1478	152	81	19
2404	840	57	33	7
1693	141	80	40	14
766	85	73	31	1
132	9	4	15	2

1924	1491	152	81	19
2413	846	57	33	7
1697	141	80	40	14
772	85	73	31	1
133	9	4	15	2

1931	1496	153	81	19
2424	850	57	33	7
1705	141	80	40	14
776	85	73	31	1
133	9	4	15	2

1941	1508	153	81	19
2433	858	57	33	7
1710	141	80	40	14
779	85	73	31	1
133	9	4	15	2

1953	1515	153	81	19
2449	866	57	33	7
1716	141	80	40	14
780	85	73	31	1
133	9	4	15	2

1957	1523	153	81	19
2465	874	57	33	7
1724	141	80	40	14
784	85	73	31	1
133	9	4	15	2

1962	1531	153	81	19
2485	881	57	33	7
1731	141	80	40	14
788	85	73	31	1
133	9	4	15	2

1967	1542	153	81	19
2493	890	57	33	7
1736	141	80	40	14
790	85	73	31	1
133	9	4	15	2

1977	1552	153	81	19
2508	897	57	33	7
1745	141	80	40	14
793	85	73	31	1
133	9	4	15	2

1983	1565	154	81	19
2520	907	57	33	7
1754	141	80	40	14
798	85	73	31	1
134	9	4	15	2

1997	1572	154	81	19
2534	914	57	33	7
1764	141	80	40	14
801	85	73	31	1
134	9	4	15	2

2004	1576	154	81	19
2543	916	57	33	7
1777	141	80	40	14
805	85	73	31	1
134	9	4	15	2

2012	1587	156	81	19
2553	927	57	33	7
1781	141	80	40	14
810	85	73	31	1
134	9	4	15	2

2016	1597	156	81	19
2560	930	57	33	7
1790	141	80	40	14
814	85	73	31	1
134	9	4	15	2

2021	1604	156	81	19
2568	936	57	33	7
1792	141	80	40	14
821	85	73	31	1
134	9	4	15	2

2033	1615	158	81	19
2581	940	57	33	7
1795	141	80	40	14
827	85	73	31	1
134	9	4	15	2

2046	1625	158	81	19
2591	946	57	33	7
1800	141	80	40	14
831	85	73	31	1
134	9	4	15	2

2055	1633	159	81	19
2606	954	57	33	7
1805	141	80	40	14
839	85	73	31	1
134	9	4	15	2

2060	1642	159	81	19
2614	957	57	33	7
1814	141	80	40	14
842	85	73	31	1
134	9	4	15	2

2071	1649	161	81	19
2621	964	57	33	7
1825	141	80	40	14
844	85	73	31	1
134	9	4	15	2

2074	1660	164	81	19
2631	969	57	33	7
1832	141	80	40	14
849	85	73	31	1
134	9	4	15	2

2079	1668	166	81	19
2641	976	57	33	7
1841	141	80	40	14
854	85	73	31	1
134	9	4	15	2

2090	1674	167	81	19
2655	981	57	33	7
1846	141	80	40	14
859	85	73	31	1
134	9	4	15	2

2101	1685	169	81	19
2666	989	57	33	7
1854	141	80	40	14
862	85	73	31	1
136	9	4	15	2

2109	1691	169	81	19
2679	995	57	33	7
1866	141	80	40	14
864	85	73	31	1
137	9	4	15	2

2115	1700	169	81	19
2690	1003	57	33	7
1877	141	80	40	14
868	85	73	31	1
137	9	4	15	2

2124	1704	169	81	19
2700	1008	57	33	7
1887	141	80	40	14
870	85	73	31	1
137	9	4	15	2

2132	1717	171	81	19
2714	1017	57	33	7
1897	141	80	40	14
877	85	73	31	1
138	9	4	15	2

2140	1723	171	81	19
2727	1029	57	33	7
1904	141	80	40	14
879	85	73	31	1
138	9	4	15	2

2144	1732	171	81	19
2739	1036	57	33	7
1910	141	80	40	14
884	85	73	31	1
138	9	4	15	2

2153	1739	171	81	19
2752	1042	57	33	7
1922	141	80	40	14
888	85	73	31	1
138	9	4	15	2

2159	1746	171	81	19
2762	1050	57	33	7
1934	141	80	40	14
892	85	73	31	1
138	9	4	15	2

2161	1754	171	81	19
2774	1056	57	33	7
1939	141	80	40	14
895	85	73	31	1
138	9	4	15	2

2170	1762	171	81	19
2785	1061	57	33	7
1948	141	80	40	14
899	85	73	31	1
138	9	4	15	2

2180	1772	171	81	19
2796	1067	57	33	7
1956	141	80	40	14
901	85	73	31	1
138	9	4	15	2

2187	1786	171	81	19
2805	1077	57	33	7
1968	141	80	40	14
904	85	73	31	1
138	9	4	15	2

2200	1793	171	81	19
2814	1084	57	33	7
1979	141	80	40	14
906	85	73	31	1
138	9	4	15	2

2206	1806	171	81	19
2824	1091	57	33	7
1987	141	80	40	14
910	85	73	31	1
138	9	4	15	2

2217	1818	172	81	19
2835	1097	57	33	7
1996	141	80	40	14
914	85	73	31	1
138	9	4	15	2

2226	1824	172	81	19
2843	1103	57	33	7
2008	141	80	40	14
917	85	73	31	1
138	9	4	15	2

2234	1833	172	81	19
2856	1107	57	33	7
2018	141	80	40	14
920	85	73	31	1
138	9	4	15	2

2243	1844	173	81	19
2871	1111	57	33	7
2028	141	80	40	14
924	85	73	31	1
138	9	4	15	2

2248	1852	173	81	19
2880	1115	57	33	7
2038	141	80	40	14
927	85	73	31	1
138	9	4	15	2

2253	1863	173	81	19
2887	1122	57	33	7
2045	141	80	40	14
931	85	73	31	1
138	9	4	15	2

2261	1874	173	81	19
2894	1128	57	33	7
2054	141	80	40	14
934	85	73	31	1
139	9	4	15	2

2273	1880	173	81	19
2905	1135	57	33	7
2059	141	80	40	14
937	85	73	31	1
139	9	4	15	2

2280	1894	173	81	19
2914	1140	57	33	7
2065	141	80	40	14
941	85	73	31	1
139	9	4	15	2

2289	1898	175	81	19
2928	1146	57	33	7
2073	141	80	40	14
945	85	73	31	1
139	9	4	15	2

2295	1902	175	81	19
2937	1149	57	33	7
2081	141	80	40	14
949	85	73	31	1
139	9	4	15	2

2306	1912	176	81	19
2952	1154	57	33	7
2090	141	80	40	14
950	85	73	31	1
139	9	4	15	2

2314	1924	177	81	19
2964	1164	57	33	7
2100	141	80	40	14
953	85	73	31	1
139	9	4	15	2

2322	1934	177	81	19
2972	1169	57	33	7
2112	141	80	40	14
956	85	73	31	1
141	9	4	15	2

2331	1943	178	81	19
2979	1174	57	33	7
2120	141	80	40	14
960	85	73	31	1
141	9	4	15	2

2338	1954	179	81	19
2994	1179	57	33	7
2126	141	80	40	14
964	85	73	31	1
141	9	4	15	2

2346	1968	179	81	19
3003	1188	57	33	7
2137	141	80	40	14
969	85	73	31	1
141	9	4	15	2

2354	1975	179	81	19
3018	1192	57	33	7
2146	141	80	40	14
974	85	73	31	1
141	9	4	15	2

2362	1983	179	81	19
3024	1195	57	33	7
2154	141	80	40	14
978	85	73	31	1
141	9	4	15	2

2373	1995	180	81	19
3030	1199	57	33	7
2163	141	80	40	14
981	85	73	31	1
142	9	4	15	2

2380	2003	180	81	19
3044	1210	57	33	7
2170	141	80	40	14
987	85	73	31	1
143	9	4	15	2

2391	2011	181	81	19
3054	1218	57	33	7
2180	141	80	40	14
988	85	73	31	1
143	9	4	15	2

2402	2025	181	81	19
3065	1226	57	33	7
2189	141	80	40	14
988	85	73	31	1
143	9	4	15	2

2411	2036	181	81	19
3072	1234	57	33	7
2200	141	80	40	14
991	85	73	31	1
143	9	4	15	2

2418	2042	183	81	19
3082	1239	57	33	7
2209	141	80	40	14
993	85	73	31	1
143	9	4	15	2

2426	2052	183	81	19
3091	1245	57	33	7
2220	141	80	40	14
996	85	73	31	1
143	9	4	15	2

2431	2060	183	81	19
3099	1252	57	33	7
2229	141	80	40	14
1001	85	73	31	1
143	9	4	15	2

2438	2067	183	81	19
3112	1259	57	33	7
2234	141	80	40	14
1004	85	73	31	1
143	9	4	15	2

2446	2081	183	81	19
3124	1264	57	33	7
2241	141	80	40	14
1006	85	73	31	1
143	9	4	15	2

2457	2093	183	81	19
3135	1270	57	33	7
2250	141	80	40	14
1008	85	73	31	1
143	9	4	15	2

2468	2103	183	81	19
3144	1277	57	33	7
2259	141	80	40	14
1009	85	73	31	1
144	9	4	15	2

2475	2111	183	81	19
3156	1282	57	33	7
2269	141	80	40	14
1011	85	73	31	1
144	9	4	15	2

2486	2125	183	81	19
3165	1289	57	33	7
2278	141	80	40	14
1018	85	73	31	1
144	9	4	15	2

2492	2133	183	81	19
3175	1291	57	33	7
2287	141	80	40	14
1023	85	73	31	1
144	9	4	15	2

2500	2141	184	81	19
3181	1299	57	33	7
2296	141	80	40	14
1025	85	73	31	1
144	9	4	15	2

2506	2152	184	81	19
3191	1309	57	33	7
2301	141	80	40	14
1028	85	73	31	1
144	9	4	15	2

2510	2164	184	81	19
3201	1316	57	33	7
2309	141	80	40	14
1030	85	73	31	1
144	9	4	15	2

2519	2175	185	81	19
3210	1325	57	33	7
2312	141	80	40	14
1032	85	73	31	1
144	9	4	15	2

2527	2187	185	81	19
3221	1329	57	33	7
2319	141	80	40	14
1036	85	73	31	1
144	9	4	15	2

2536	2191	186	81	19
3234	1338	57	33	7
2330	141	80	40	14
1039	85	73	31	1
144	9	4	15	2

2543	2197	186	81	19
3246	1348	57	33	7
2339	141	80	40	14
1046	85	73	31	1
144	9	4	15	2

2554	2202	186	81	19
3257	1354	57	33	7
2348	141	80	40	14
1048	85	73	31	1
144	9	4	15	2

2565	2211	186	81	19
3268	1360	57	33	7
2360	141	80	40	14
1054	85	73	31	1
144	9	4	15	2

2574	2222	186	81	19
3278	1365	57	33	7
2366	141	80	40	14
1056	85	73	31	1
144	9	4	15	2

2584	2232	187	81	19
3294	1366	57	33	7
2378	141	80	40	14
1059	85	73	31	1
144	9	4	15	2

2594	2240	187	81	19
3300	1373	57	33	7
2384	141	80	40	14
1064	85	73	31	1
144	9	4	15	2

2601	2248	187	81	19
3313	1379	57	33	7
2390	141	80	40	14
1065	85	73	31	1
144	9	4	15	2

2611	2254	187	81	19
3328	1385	57	33	7
2399	141	80	40	14
1067	85	73	31	1
144	9	4	15	2

2619	2260	187	81	19
3344	1390	57	33	7
2403	141	80	40	14
1068	85	73	31	1
144	9	4	15	2

2628	2270	187	81	19
3360	1394	57	33	7
2412	141	80	40	14
1069	85	73	31	1
144	9	4	15	2

2642	2281	187	81	19
3369	1404	57	33	7
2423	141	80	40	14
1073	85	73	31	1
145	9	4	15	2

2649	2286	188	81	19
3375	1409	57	33	7
2428	141	80	40	14
1076	85	73	31	1
146	9	4	15	2

2656	2298	188	81	19
3386	1414	57	33	7
2437	141	80	40	14
1081	85	73	31	1
146	9	4	15	2

2668	2306	188	81	19
3399	1417	57	33	7
2441	141	80	40	14
1085	85	73	31	1
146	9	4	15	2

2677	2315	188	81	19
3409	1427	57	33	7
2453	141	80	40	14
1085	85	73	31	1
146	9	4	15	2

2684	2324	188	81	19
3420	1429	57	33	7
2460	141	80	40	14
1088	85	73	31	1
146	9	4	15	2

2690	2335	188	81	19
3428	1438	57	33	7
2469	141	80	40	14
1094	85	73	31	1
146	9	4	15	2

2698	2345	188	81	19
3440	1445	57	33	7
2474	141	80	40	14
1096	85	73	31	1
146	9	4	15	2

2710	2352	188	81	19
3452	1450	57	33	7
2482	141	80	40	14
1098	85	73	31	1
146	9	4	15	2

2719	2363	190	81	19
3460	1458	57	33	7
2489	141	80	40	14
1105	85	73	31	1
146	9	4	15	2

2728	2377	190	81	19
3472	1464	57	33	7
2496	141	80	40	14
1107	85	73	31	1
148	9	4	15	2

2738	2384	190	81	19
3483	1475	57	33	7
2504	141	80	40	14
1110	85	73	31	1
148	9	4	15	2

2749	2395	192	81	19
3492	1482	57	33	7
2512	141	80	40	14
1115	85	73	31	1
148	9	4	15	2

2757	2403	193	81	19
3503	1492	57	33	7
2522	141	80	40	14
1115	85	73	31	1
148	9	4	15	2

2766	2409	193	81	19
3513	1501	57	33	7
2527	141	80	40	14
1118	85	73	31	1
148	9	4	15	2

2779	2418	193	81	19
3523	1509	57	33	7
2534	141	80	40	14
1121	85	73	31	1
148	9	4	15	2

2787	2424	193	81	19
3532	1513	57	33	7
2543	141	80	40	14
1124	85	73	31	1
148	9	4	15	2

2795	2434	193	81	19
3546	1518	57	33	7
2550	141	80	40	14
1129	85	73	31	1
148	9	4	15	2

2802	2441	193	81	19
3557	1526	57	33	7
2555	141	80	40	14
1132	85	73	31	1
148	9	4	15	2

2809	2449	194	81	19
3567	1531	57	33	7
2562	141	80	40	14
1134	85	73	31	1
148	9	4	15	2

2823	2454	194	81	19
3574	1540	57	33	7
2571	141	80	40	14
1137	85	73	31	1
148	9	4	15	2

2831	2463	195	81	19
3585	1544	57	33	7
2577	141	80	40	14
1137	85	73	31	1
148	9	4	15	2

2842	2474	196	81	19
3597	1546	57	33	7
2584	141	80	40	14
1138	85	73	31	1
148	9	4	15	2

2852	2480	196	81	19
3606	1554	57	33	7
2592	141	80	40	14
1139	85	73	31	1
148	9	4	15	2

2859	2490	197	81	19
3621	1559	57	33	7
2599	141	80	40	14
1144	85	73	31	1
148	9	4	15	2

2867	2503	198	81	19
3632	1563	57	33	7
2606	141	80	40	14
1146	85	73	31	1
148	9	4	15	2

2872	2507	198	81	19
3646	1567	57	33	7
2612	141	80	40	14
1149	85	73	31	1
148	9	4	15	2

2877	2514	200	81	19
3655	1576	57	33	7
2623	141	80	40	14
1153	85	73	31	1
148	9	4	15	2

2884	2520	201	81	19
3664	1583	57	33	7
2631	141	80	40	14
1156	85	73	31	1
148	9	4	15	2

2894	2530	201	81	19
3681	1589	57	33	7
2636	141	80	40	14
1161	85	73	31	1
148	9	4	15	2

2900	2542	202	81	19
3694	1595	57	33	7
2649	141	80	40	14
1168	85	73	31	1
148	9	4	15	2

2912	2550	202	81	19
3705	1602	57	33	7
2656	141	80	40	14
1174	85	73	31	1
148	9	4	15	2

2918	2559	202	81	19
3715	1605	57	33	7
2659	141	80	40	14
1176	85	73	31	1
148	9	4	15	2

2926	2567	204	81	19
3722	1610	57	33	7
2666	141	80	40	14
1177	85	73	31	1
148	9	4	15	2

2939	2578	205	81	19
3735	1616	57	33	7
2673	141	80	40	14
1182	85	73	31	1
148	9	4	15	2

2944	2591	205	81	19
3752	1624	57	33	7
2679	141	80	40	14
1185	85	73	31	1
148	9	4	15	2

2953	2598	206	81	19
3757	1632	57	33	7
2685	141	80	40	14
1190	85	73	31	1
148	9	4	15	2

2965	2609	207	81	19
3764	1634	57	33	7
2691	141	80	40	14
1194	85	73	31	1
148	9	4	15	2

2972	2618	207	81	19
3775	1639	57	33	7
2697	141	80	40	14
1196	85	73	31	1
148	9	4	15	2

2980	2627	208	81	19
3788	1646	57	33	7
2705	141	80	40	14
1200	85	73	31	1
148	9	4	15	2

2987	2636	208	81	19
3802	1652	57	33	7
2713	141	80	40	14
1204	85	73	31	1
148	9	4	15	2

2995	2643	210	81	19
3810	1659	57	33	7
2716	141	80	40	14
1206	85	73	31	1
148	9	4	15	2

3002	2653	211	81	19
3826	1666	57	33	7
2724	141	80	40	14
1210	85	73	31	1
148	9	4	15	2

3013	2664	211	81	19
3834	1675	57	33	7
2730	141	80	40	14
1213	85	73	31	1
148	9	4	15	2

3023	2674	211	81	19
3848	1683	57	33	7
2736	141	80	40	14
1215	85	73	31	1
148	9	4	15	2

3030	2680	211	81	19
3859	1690	57	33	7
2748	141	80	40	14
1219	85	73	31	1
148	9	4	15	2

3039	2689	211	81	19
3869	1693	57	33	7
2754	141	80	40	14
1220	85	73	31	1
148	9	4	15	2

3052	2696	213	81	19
3874	1701	57	33	7
2760	141	80	40	14
1222	85	73	31	1
148	9	4	15	2

3059	2702	213	81	19
3889	1705	57	33	7
2773	141	80	40	14
1226	85	73	31	1
148	9	4	15	2

3064	2707	214	81	19
3899	1714	57	33	7
2783	141	80	40	14
1227	85	73	31	1
148	9	4	15	2

3076	2715	217	81	19
3914	1718	57	33	7
2795	141	80	40	14
1232	85	73	31	1
148	9	4	15	2

3084	2724	217	81	19
3930	1726	57	33	7
2805	141	80	40	14
1234	85	73	31	1
148	9	4	15	2

3094	2733	217	81	19
3939	1732	57	33	7
2811	141	80	40	14
1240	85	73	31	1
148	9	4	15	2

3098	2742	217	81	19
3952	1743	57	33	7
2819	141	80	40	14
1244	85	73	31	1
148	9	4	15	2

3108	2749	218	81	19
3960	1753	57	33	7
2829	141	80	40	14
1247	85	73	31	1
148	9	4	15	2

3116	2759	218	81	19
3966	1756	57	33	7
2838	141	80	40	14
1251	85	73	31	1
148	9	4	15	2

3125	2767	218	81	19
3977	1768	57	33	7
2848	141	80	40	14
1254	85	73	31	1
148	9	4	15	2

3133	2775	218	81	19
3989	1773	57	33	7
2860	141	80	40	14
1255	85	73	31	1
148	9	4	15	2

3137	2780	218	81	19
4001	1782	57	33	7
2869	141	80	40	14
1256	85	73	31	1
148	9	4	15	2

3144	2787	218	81	19
4014	1791	57	33	7
2878	141	80	40	14
1257	85	73	31	1
148	9	4	15	2

3154	2798	218	81	19
4022	1801	57	33	7
2888	141	80	40	14
1257	85	73	31	1
148	9	4	15	2

3162	2805	218	81	19
4029	1809	57	33	7
2897	141	80	40	14
1259	85	73	31	1
148	9	4	15	2

3167	2816	218	81	19
4042	1812	57	33	7
2900	141	80	40	14
1260	85	73	31	1
148	9	4	15	2

3176	2823	218	81	19
4053	1819	57	33	7
2906	141	80	40	14
1265	85	73	31	1
148	9	4	15	2

3184	2834	220	81	19
4063	1825	57	33	7
2914	141	80	40	14
1266	85	73	31	1
148	9	4	15	2

3192	2844	222	81	19
4073	1834	57	33	7
2924	141	80	40	14
1268	85	73	31	1
148	9	4	15	2

3199	2858	222	81	19
4084	1840	57	33	7
2931	141	80	40	14
1272	85	73	31	1
148	9	4	15	2

3205	2867	222	81	19
4097	1846	57	33	7
2938	141	80	40	14
1274	85	73	31	1
148	9	4	15	2

3209	2879	224	81	19
4112	1851	57	33	7
2945	141	80	40	14
1276	85	73	31	1
148	9	4	15	2

3216	2886	225	81	19
4121	1859	57	33	7
2954	141	80	40	14
1282	85	73	31	1
148	9	4	15	2

3225	2893	225	81	19
4135	1866	57	33	7
2958	141	80	40	14
1287	85	73	31	1
148	9	4	15	2

3234	2902	225	81	19
4145	1874	57	33	7
2961	141	80	40	14
1289	85	73	31	1
148	9	4	15	2

3244	2906	227	81	19
4156	1878	57	33	7
2969	141	80	40	14
1293	85	73	31	1
148	9	4	15	2

3252	2915	229	81	19
4171	1883	57	33	7
2974	141	80	40	14
1296	85	73	31	1
148	9	4	15	2

3257	2924	229	81	19
4183	1887	57	33	7
2985	141	80	40	14
1299	85	73	31	1
148	9	4	15	2

3267	2932	230	81	19
4194	1892	57	33	7
2994	141	80	40	14
1300	85	73	31	1
148	9	4	15	2

3275	2941	230	81	19
4209	1899	57	33	7
3004	141	80	40	14
1301	85	73	31	1
150	9	4	15	2

3285	2953	230	81	19
4217	1911	57	33	7
3012	141	80	40	14
1303	85	73	31	1
150	9	4	15	2

3294	2969	232	81	19
4227	1920	57	33	7
3018	141	80	40	14
1306	85	73	31	1
152	9	4	15	2

3300	2977	233	81	19
4236	1925	57	33	7
3027	141	80	40	14
1309	85	73	31	1
153	9	4	15	2

3307	2983	233	81	19
4244	1933	57	33	7
3031	141	80	40	14
1312	85	73	31	1
155	9	4	15	2

3315	2993	233	81	19
4255	1941	57	33	7
3033	141	80	40	14
1313	85	73	31	1
155	9	4	15	2

3324	3004	233	81	19
4268	1945	57	33	7
3038	141	80	40	14
1317	85	73	31	1
155	9	4	15	2

3329	3010	233	81	19
4275	1949	57	33	7
3048	141	80	40	14
1323	85	73	31	1
155	9	4	15	2

3336	3021	233	81	19
4288	1956	57	33	7
3055	141	80	40	14
1326	85	73	31	1
155	9	4	15	2

3343	3031	235	81	19
4303	1961	57	33	7
3065	141	80	40	14
1329	85	73	31	1
155	9	4	15	2

3349	3043	236	81	19
4318	1966	57	33	7
3072	141	80	40	14
1333	85	73	31	1
155	9	4	15	2

3355	3047	238	81	19
4334	1975	57	33	7
3078	141	80	40	14
1338	85	73	31	1
155	9	4	15	2

3360	3056	239	81	19
4347	1978	57	33	7
3084	141	80	40	14
1339	85	73	31	1
155	9	4	15	2

3367	3067	239	81	19
4360	1981	57	33	7
3091	141	80	40	14
1342	85	73	31	1
155	9	4	15	2

3376	3073	239	81	19
4373	1985	57	33	7
3094	141	80	40	14
1344	85	73	31	1
155	9	4	15	2

3385	3079	239	81	19
4385	1992	57	33	7
3101	141	80	40	14
1348	85	73	31	1
155	9	4	15	2

3390	3086	239	81	19
4395	1999	57	33	7
3110	141	80	40	14
1351	85	73	31	1
155	9	4	15	2

3400	3098	241	81	19
4402	2004	57	33	7
3120	141	80	40	14
1352	85	73	31	1
156	9	4	15	2

3409	3104	242	81	19
4410	2012	57	33	7
3127	141	80	40	14
1356	85	73	31	1
156	9	4	15	2

3418	3117	242	81	19
4420	2018	57	33	7
3141	141	80	40	14
1362	85	73	31	1
156	9	4	15	2

3425	3125	242	81	19
4428	2023	57	33	7
3148	141	80	40	14
1366	85	73	31	1
156	9	4	15	2

3427	3127	242	81	19
4434	2027	57	33	7
3154	141	80	40	14
1369	85	73	31	1
156	9	4	15	2

3438	3132	242	81	19
4441	2033	57	33	7
3160	141	80	40	14
1372	85	73	31	1
156	9	4	15	2

3449	3143	243	81	19
4454	2033	57	33	7
3169	141	80	40	14
1374	85	73	31	1
156	9	4	15	2

3456	3149	243	81	19
4465	2039	57	33	7
3174	141	80	40	14
1376	85	73	31	1
156	9	4	15	2

3466	3158	243	81	19
4477	2049	57	33	7
3182	141	80	40	14
1380	85	73	31	1
156	9	4	15	2

3475	3166	244	81	19
4483	2053	57	33	7
3197	141	80	40	14
1382	85	73	31	1
156	9	4	15	2

3484	3181	244	81	19
4495	2060	57	33	7
3205	141	80	40	14
1387	85	73	31	1
156	9	4	15	2

3494	3184	245	81	19
4503	2066	57	33	7
3211	141	80	40	14
1389	85	73	31	1
156	9	4	15	2

3504	3191	245	81	19
4510	2073	57	33	7
3219	141	80	40	14
1389	85	73	31	1
156	9	4	15	2

3510	3200	245	81	19
4521	2079	57	33	7
3228	141	80	40	14
1390	85	73	31	1
156	9	4	15	2

3519	3209	245	81	19
4535	2085	57	33	7
3236	141	80	40	14
1396	85	73	31	1
156	9	4	15	2

3527	3214	245	81	19
4545	2088	57	33	7
3242	141	80	40	14
1396	85	73	31	1
156	9	4	15	2

3534	3220	245	81	19
4551	2096	57	33	7
3250	141	80	40	14
1398	85	73	31	1
156	9	4	15	2

3543	3224	245	81	19
4559	2104	57	33	7
3259	141	80	40	14
1400	85	73	31	1
156	9	4	15	2

3549	3231	247	81	19
4566	2110	57	33	7
3269	141	80	40	14
1400	85	73	31	1
156	9	4	15	2

3559	3238	247	81	19
4581	2116	57	33	7
3281	141	80	40	14
1401	85	73	31	1
156	9	4	15	2

3567	3244	247	81	19
4591	2121	57	33	7
3293	141	80	40	14
1402	85	73	31	1
156	9	4	15	2

3575	3258	248	81	19
4594	2129	57	33	7
3306	141	80	40	14
1405	85	73	31	1
156	9	4	15	2

3581	3264	248	81	19
4607	2134	57	33	7
3313	141	80	40	14
1407	85	73	31	1
156	9	4	15	2

3590	3275	249	81	19
4614	2144	57	33	7
3324	141	80	40	14
1410	85	73	31	1
156	9	4	15	2

3597	3280	249	81	19
4625	2148	57	33	7
3327	141	80	40	14
1415	85	73	31	1
156	9	4	15	2

3605	3289	249	81	19
4636	2157	57	33	7
3334	141	80	40	14
1418	85	73	31	1
156	9	4	15	2

3614	3292	249	81	19
4650	2165	57	33	7
3344	141	80	40	14
1422	85	73	31	1
156	9	4	15	2

3624	3299	249	81	19
4661	2172	57	33	7
3351	141	80	40	14
1425	85	73	31	1
156	9	4	15	2

3630	3306	249	81	19
4672	2179	57	33	7
3358	141	80	40	14
1429	85	73	31	1
156	9	4	15	2

3637	3315	249	81	19
4678	2184	57	33	7
3363	141	80	40	14
1429	85	73	31	1
156     9	4	15	2

3644	3316	249	81	19
4686	2189	57	33	7
3367	141	80	40	14
1431	85	73	31	1
156	9	4	15	2

3651	3320	249	81	19
4695	2192	57	33	7
3378	141	80	40	14
1435	85	73	31	1
156	9	4	15	2

3656	3329	250	81	19
4702	2201	57	33	7
3387	141	80	40	14
1439	85	73	31	1
156	9	4	15	2

3666	3338	250	81	19
4713	2207	57	33	7
3397	141	80	40	14
1442	85	73	31	1
156	9	4	15	2

3673	3347	250	81	19
4719	2218	57	33	7
3407	141	80	40	14
1447	85	73	31	1
156	9	4	15	2

3678	3350	252	81	19
4736	2227	57	33	7
3415	141	80	40	14
1452	85	73	31	1
156	9	4	15	2

3683	3358	254	81	19
4747	2234	57	33	7
3420	141	80	40	14
1458	85	73	31	1
156	9	4	15	2

3694	3365	257	81	19
4759	2242	57	33	7
3428	141	80	40	14
1463	85	73	31	1
156	9	4	15	2

3707	3377	257	81	19
4769	2250	57	33	7
3435	141	80	40	14
1470	85	73	31	1
156	9	4	15	2

3713	3385	259	81	19
4784	2256	57	33	7
3443	141	80	40	14
1472	85	73	31	1
156	9	4	15	2

3720	3392	259	81	19
4796	2261	57	33	7
3453	141	80	40	14
1476	85	73	31	1
156	9	4	15	2

3728	3402	259	81	19
4811	2269	57	33	7
3470	141	80	40	14
1476	85	73	31	1
156	9	4	15	2

3738	3409	261	81	19
4821	2278	57	33	7
3474	141	80	40	14
1479	85	73	31	1
156	9	4	15	2

3748	3422	261	81	19
4830	2282	57	33	7
3483	141	80	40	14
1485	85	73	31	1
156	9	4	15	2

